#UGC:2 ASSEMBLY 982 420 -1 1 1 15 1900 9734 000009d0 \
#- VERS 0 0                                                          \
#- HOST                                                              \
#- LINK                                                              \
#- DBID                                                              \
#- REVS 0,                                                           \
#- RELL 0,                                                           \
#- UOBJ_ID 872017813 73010215 -2139526928                            \
#- MACH SUN_SunOS_5.5_Generic                                        \
#-END_OF_UGC_HEADER
#P_OBJECT 6
@P_object 1 0
0 1 ->
@depend 2 0
1 2 [3]
2 2 
@model_name 3 10
3 3 HOLES1
@model_type 4 1
3 4 37
@revnum 5 1
3 5 146
@bom_count 6 1
3 6 1
@dep_type 7 1
3 7 64
@stamp 8 0
3 8 
@major_vers 9 0
4 9 
@vers 10 1
5 10 0
@alias_name 11 10
5 11 
@minor_vers 12 0
4 12 
@vers 13 1
5 13 0
@reason 14 10
3 14 
2 2 
3 3 HOLEMAKING
3 4 2
3 5 1939
3 6 1
3 7 2
3 8 
4 9 
5 10 0
5 11 
4 12 
5 13 0
3 14 
@comp_ids 15 1
3 15 [1]
4 15 1
2 2 
3 3 HOLE_WORK
3 4 2
3 5 9043
3 6 1
3 7 2
3 8 
4 9 
5 10 0
5 11 
4 12 
5 13 0
3 14 
3 15 [1]
4 15 2
@dep_db 16 0
1 16 ->
@dep_db 17 0
2 17 [3]
3 17 ->
@to_model_id 18 1
4 18 0
@dep_type 19 1
4 19 2
@obj_id 20 1
4 20 1
@obj_type 21 1
4 21 3
3 17 ->
4 18 1
4 19 2
4 20 2
4 21 3
3 17 ->
4 18 -3
4 19 4
4 20 0
4 21 242
@model_db 22 0
2 22 [2]
3 22 ->
@model_t_type 23 1
4 23 2
@model_name 24 10
4 24 HOLEMAKING
@generic_name 25 10
4 25 
@stamp 26 0
4 26 
3 22 ->
4 23 2
4 24 HOLE_WORK
4 25 
4 26 
@usr_rev 27 0
1 27 [3]
2 27 
@name 28 10
3 28 USER
@mod_time 29 0
3 29 
@tm_sec 30 1
4 30 10
@tm_min 31 1
4 31 50
@tm_hour 32 1
4 32 15
@tm_mday 33 1
4 33 25
@tm_mon 34 1
4 34 7
@tm_year 35 1
4 35 97
@action 36 1
3 36 1000
@comment 37 10
3 37 Hostname: 'gascar'
@rel_level 38 10
3 38 
@rev_string 39 10
3 39 
2 27 
3 28 USER
3 29 
4 30 0
4 31 8
4 32 19
4 33 14
4 34 9
4 35 97
3 36 1000
3 37 Hostname: 'platypus'
3 38 
3 39 
2 27 
3 28 SHANNON
3 29 
4 30 13
4 31 35
4 32 18
4 33 18
4 34 10
4 35 97
3 36 1000
3 37 Hostname: 'DAISY'
3 38 
3 39 
@revnum_std 40 1
1 40 75
@flag 41 1
1 41 0
@name 42 10
1 42 NULL
@inst_hidden 43 1
1 43 0
@old_name 44 10
1 44 NULL
@appl_data 45 0
1 45 ->
@bounding_box 46 2
2 46 [2][3]
$C0148B39196D5295,BFC167232DAA52A,C03
$4028459C8CB6A94A,4014,401C8B39196D5295
@ver_key 47 0
1 47 ->
@time 48 1
2 48 879877995
@random_num 49 1
2 49 319479520
@hostid 50 1
2 50 -918709179
@last_read 51 1
1 51 -1
#END_OF_P_OBJECT
#Pro/ENGINEER  TM  Release 19.0 Beta  (c) 1988-97 by Parametric Technology Corporation  All Rights Reserved. 9734
@Toc 52 0
0 52 ->
@entry 53 10
1 53 [128]
2 53 BasicData 2b9c 540 0 982########################################################
2 53 BasicText 30dc 359 0 982########################################################
2 53 GeomDepen 3435 71 0 982#########################################################
2 53 DispCntrl 34a6 219 0 982########################################################
2 53 DisplData 36bf 38 0 982#########################################################
2 53 LargeText 36f7 d65 0 982########################################################
2 53 FamilyInf 445c 40 0 982#########################################################
2 53 VisibGeom 449c 39 0 982#########################################################
2 53 NovisGeom 44d5 56 0 982#########################################################
2 53 ActEntity 452b 24 0 982#########################################################
2 53 AllFeatur 454f 1124 0 982#######################################################
2 53 FullMData 5673 5de 0 982########################################################
2 53 ModelView#0 5c51 dd3 0 982######################################################
2 53 ModelView#3 6a24 993 0 982######################################################
2 53 ModelView#5 73b7 98a 0 982######################################################
2 53 ModelView#6 7d41 98f 0 982######################################################
2 53 ModelView#8 86d0 765 0 982######################################################
2 53 ModelView#9 8e35 98b 0 982######################################################
2 53 ModelView#10 97c0 762 0 982#####################################################
2 53 ModelView#11 9f22 995 0 982#####################################################
2 53 ModelView#12 a8b7 76d 0 982#####################################################
2 53 ModelView#13 b024 98e 0 982#####################################################
2 53 ModelView#14 b9b2 995 0 982#####################################################
2 53 ModelView#16 c347 69b 0 982#####################################################
2 53 DispDataColor c9e2 3c6 0 982####################################################
2 53 DispDataTable cda8 753 0 982####################################################
2 53 AssMrgPrt d4fb 29 0 982#########################################################
2 53 ################################################################################
2 53 ################################################################################
2 53 ################################################################################
2 53 ################################################################################
2 53 ################################################################################
2 53 ################################################################################
2 53 ################################################################################
2 53 ################################################################################
2 53 ################################################################################
2 53 ################################################################################
2 53 ################################################################################
2 53 ################################################################################
2 53 ################################################################################
2 53 ################################################################################
2 53 ################################################################################
2 53 ################################################################################
2 53 ################################################################################
2 53 ################################################################################
2 53 ################################################################################
2 53 ################################################################################
2 53 ################################################################################
2 53 ################################################################################
2 53 ################################################################################
2 53 ################################################################################
2 53 ################################################################################
2 53 ################################################################################
2 53 ################################################################################
2 53 ################################################################################
2 53 ################################################################################
2 53 ################################################################################
2 53 ################################################################################
2 53 ################################################################################
2 53 ################################################################################
2 53 ################################################################################
2 53 ################################################################################
2 53 ################################################################################
2 53 ################################################################################
2 53 ################################################################################
2 53 ################################################################################
2 53 ################################################################################
2 53 ################################################################################
2 53 ################################################################################
2 53 ################################################################################
2 53 ################################################################################
2 53 ################################################################################
2 53 ################################################################################
2 53 ################################################################################
2 53 ################################################################################
2 53 ################################################################################
2 53 ################################################################################
2 53 ################################################################################
2 53 ################################################################################
2 53 ################################################################################
2 53 ################################################################################
2 53 ################################################################################
2 53 ################################################################################
2 53 ################################################################################
2 53 ################################################################################
2 53 ################################################################################
2 53 ################################################################################
2 53 ################################################################################
2 53 ################################################################################
2 53 ################################################################################
2 53 ################################################################################
2 53 ################################################################################
2 53 ################################################################################
2 53 ################################################################################
2 53 ################################################################################
2 53 ################################################################################
2 53 ################################################################################
2 53 ################################################################################
2 53 ################################################################################
2 53 ################################################################################
2 53 ################################################################################
2 53 ################################################################################
2 53 ################################################################################
2 53 ################################################################################
2 53 ################################################################################
2 53 ################################################################################
2 53 ################################################################################
2 53 ################################################################################
2 53 ################################################################################
2 53 ################################################################################
2 53 ################################################################################
2 53 ################################################################################
2 53 ################################################################################
2 53 ################################################################################
2 53 ################################################################################
2 53 ################################################################################
2 53 ################################################################################
2 53 ################################################################################
2 53 ################################################################################
2 53 ################################################################################
2 53 ################################################################################
2 53 ################################################################################
2 53 ################################################################################
2 53 ################################################################################
2 53 ################################################################################
2 53 ################################################################################
2 53 ################################################################################
2 53 ################################################################################
#BasicData
@Sld_BasicData 1 0
0 1 ->
@tab_key 2 1
1 2 0
@tab_key_struct 3 0
1 3 ->
@type 4 4
2 4 H
@tab_key_ptr 5 0
2 5 [18]
@cmprs_tabkey 6 0
2 6 NULL
@type 7 1
1 7 1
@revnum_ptr 8 0
1 8 ->
@geom_revnum 9 1
2 9 66
@cosm_revnum 10 1
2 10 11
@tol_default_ptr 11 0
1 11 ->
@type 12 1
2 12 10
@value 13 2
2 13 [7]
$0,3FB9R,3F847AE147AE147B,3F50624DD2F1A9FC,3F1A36E2EB1C432D,
$3EE4F8B588E368F1,3EB0C6F7A0B5ED8E
@ang_value 14 2
2 14 [7]
$0,6*3FE
@standard 15 1
2 15 0
@iso_tol_tbls_ptr 16 0
2 16 NULL
@datum_count 17 1
1 17 0
@axis_count 18 1
1 18 0
@insert_layer_id 19 1
1 19 -1
@layer_count 20 1
1 20 1
@rel_part_eps 21 2
1 21 3F53A92A30553261
@model_eps 22 2
1 22 0
@fixed_model_eps 23 1
1 23 0
@assembled_count 24 1
1 24 0
@part_type 25 1
1 25 2
@first_ent_id 26 1
1 26 513569
@first_view_id 27 1
1 27 0
@outline 28 2
1 28 [2][3]
$C01403126E978D5,BF689374BC6A8,C02A0189374BC6A8
$40280189374BC6A8,4010CFDF3B645A1C,401C03126E978D5
@dim_num 29 1
1 29 0
@geom_lib_ptr 30 0
1 30 NULL
@attrib_array 31 1
1 31 [2]
$536871944,0
@max_part_size 32 2
1 32 0
@model_name 33 10
1 33 HOLES1
@disp_outl_info 34 0
1 34 
@disp_outline 35 2
2 35 [2][3]
$C0148B39196D5295,BFC167232DAA52A,C03
$4028459C8CB6A94A,4014,401C8B39196D5295
@sel_outl_info 36 0
1 36 ->
@outline 37 2
2 37 [2][3]
$C0148B39196D5295,BFC167232DAA52A,C03
$4028459C8CB6A94A,4014,401C8B39196D5295
#BasicText
@Sld_BasicText 1 0
0 1 ->
@assem_mass_prop_ptr 2 0
1 2 NULL
@mass_prop_ptr 3 0
1 3 ->
@type 4 1
2 4 0
@density 5 2
2 5 0
@init_dens 6 5
2 6 0
@rel_density 7 2
2 7 0
@init_rel_dens 8 5
2 8 0
@aver_density 9 2
2 9 0
@vrevnum 10 1
2 10 -1
@volume 11 2
2 11 0
@cg 12 2
2 12 [3]
$3*0
@inertia 13 2
2 13 [3][3]
$3*0
$3*0
$3*0
@eps 14 2
2 14 0
@surfarea 15 2
2 15 0
@assign_mp_ptr 16 0
1 16 NULL
@mat_name_ptr 17 10
1 17 NULL
@unit_arr 18 0
1 18 [3]
2 18 
@type 19 1
3 19 1
@factor 20 2
3 20 3FF
@name 21 10
3 21 INCH
@unit_type 22 1
3 22 0
2 18 
3 19 2
3 20 3FF
3 21 POUND
3 22 1
2 18 
3 19 11
3 20 3FF
3 21 HOURS
3 22 2
@p_unit_info 23 0
1 23 ->
@custom_unit_arr 24 0
2 24 [6]
3 24 
3 24 
3 24 
3 24 
3 24 
3 24 
@principal_sys_units 25 10
2 25 Inch lbm Second (Pro/E Default)
@history_scale 26 2
2 26 [6][2]
$3FF,0
$3FF,0
$3FF,0
$3FF,0
$3FF,0
$3FF,0
#GeomDepen
@Sld_GeomDepend 1 0
0 1 ->
@frst_geom_ptr 2 1
1 2 0
@fem_data 3 0
1 3 NULL
@first_quilt_ptr 4 1
1 4 0
#DispCntrl
@Sld_DispCntrl 1 0
0 1 ->
@color_prop_ptr 2 0
1 2 NULL
@layer_array 3 0
1 3 [3]
2 3 ->
@id 4 1
3 4 4
@type 5 1
3 5 117
@user_id 6 1
3 6 0
@weird_wline_ptr 7 0
3 7 ->
@weird_wline 8 10
4 8 WEB_NOTE
@layer_objects 9 0
3 9 [1]
4 9 
@type 10 1
5 10 68
@ids 11 1
5 11 [1]
6 11 0
@lay_solid 12 0
5 12 NULL
@saved_operation 13 1
3 13 3
2 3 ->
3 4 7
3 5 117
3 6 0
3 7 ->
4 8 COUNTER
3 9 [1]
4 9 
5 10 68
5 11 [1]
6 11 1
5 12 NULL
3 13 3
2 3 ->
3 4 17
3 5 117
3 6 0
3 7 ->
4 8 TMP
3 9 [1]
4 9 
5 10 34
5 11 [1]
6 11 1
5 12 NULL
3 13 1
#DisplData
@Sld_DispData 1 0
0 1 ->
@disp_data 2 0
1 2 
#LargeText
@Sld_LargeText 1 0
0 1 ->
@relpar_sets 2 0
1 2 [1]
2 2 
@id 3 1
3 3 -1
@type 4 1
3 4 1
@ext_ref_id 5 1
3 5 -1
@param_arr 6 0
3 6 [13]
4 6 ->
@sym 7 10
5 7 
@value 8 0
5 8 
@type 9 1
6 9 0
@value(NO_val) 10 0
6 10 ->
@bak_value 11 0
5 11 
6 9 0
6 10 ->
4 6 ->
5 7 
5 8 
6 9 0
6 10 ->
5 11 
6 9 0
6 10 ->
4 6 ->
5 7 
5 8 
6 9 1
6 10 ->
5 11 
6 9 1
6 10 ->
4 6 ->
5 7 
5 8 
6 9 8
6 10 ->
5 11 
6 9 8
6 10 ->
4 6 ->
5 7 
5 8 
6 9 49135616
6 10 ->
5 11 
6 9 49135616
6 10 ->
4 6 ->
5 7 
5 8 
6 9 49135616
6 10 ->
5 11 
6 9 49135616
6 10 ->
4 6 ->
5 7 
5 8 
6 9 8
6 10 ->
5 11 
6 9 8
6 10 ->
4 6 ->
5 7 
5 8 
6 9 49135616
6 10 ->
5 11 
6 9 49135616
6 10 ->
4 6 ->
5 7 
5 8 
6 9 0
6 10 ->
5 11 
6 9 0
6 10 ->
4 6 ->
5 7 
5 8 
6 9 0
6 10 ->
5 11 
6 9 0
6 10 ->
4 6 ->
5 7 
5 8 
6 9 1
6 10 ->
5 11 
6 9 1
6 10 ->
4 6 ->
5 7 
5 8 
6 9 8
6 10 ->
5 11 
6 9 8
6 10 ->
4 6 ->
5 7 
5 8 
6 9 49135616
6 10 ->
5 11 
6 9 49135616
6 10 ->
@relatnum 12 1
3 12 0
@cfg_states 13 0
1 13 NULL
@notes 14 0
1 14 [2]
2 14 ->
@type 15 1
3 15 1
@attributes 16 1
3 16 15
@line_array 17 0
3 17 [2]
4 17 
@text_array 18 0
5 18 [1]
6 18 
@text_type 19 1
7 19 18
@text_value 20 10
7 20 DRILL WILL FEED THROUGH EACH
@format_info 21 0
7 21 
4 17 
5 18 [1]
6 18 
7 19 18
7 20 WEB AND RAPID BETWEEN THEM.
7 21 
@note_ldr 22 0
3 22 ->
@ldr_attrib 23 1
4 23 0
@note_att 24 0
4 24 ->
@type 25 1
5 25 42
@attach_id 26 1
5 26 0
@att_offsets 27 0
5 27 [5]
6 27 ->
@offset_type 28 1
7 28 9
@offset 29 2
7 29 3FEA95972EC16F1B
6 27 ->
7 28 10
7 29 3FE1FDF9E6F80A1C
6 27 ->
7 28 53
7 29 3FEF7BCEA365D1DE
6 27 ->
7 28 54
7 29 3FE8455DBC687EF
6 27 ->
7 28 55
7 29 3FE
@view_id 30 1
5 30 1
@point 31 2
5 31 [3]
$4086ED15D0DEA206,40801FB3742D4A2,0
@ldr_paths 32 0
4 32 [2]
5 32 ->
@end_att 33 0
6 33 ->
7 25 1
7 26 994
@member_id_tab 34 1
7 34 [1]
8 34 2
7 27 [1]
8 27 ->
9 28 0
9 29 3FD8F469E982953F
7 30 1
7 31 [3]
$4082C76BA2108BBE,4080C53543517937,0
@private_attribute 35 9
7 35 [4]
$1,3*0
5 32 ->
6 33 ->
7 25 1
7 26 993
7 34 [1]
8 34 2
7 27 [1]
8 27 ->
9 28 0
9 29 3FDE82B558257AD1
7 30 1
7 31 [3]
$4082ECEA854663D9,40800A7AF1C1FA6R,0
7 35 [4]
$1,3*0
@gen_info 36 0
3 36 
@p_sld_info 37 0
3 37 ->
@name 38 10
4 38 WEB_NOTE
@ref_type 39 1
4 39 1
@ref_id 40 1
4 40 -1
@url 41 10
4 41 
2 14 ->
3 15 1
3 16 15
3 17 [3]
4 17 
5 18 [1]
6 18 
7 19 18
7 20 COUNTERSINK IS CONTROLLED BY
7 21 
4 17 
5 18 [1]
6 18 
7 19 18
7 20 TOOL ANGLE AND COUNTERSINK
7 21 
4 17 
5 18 [1]
6 18 
7 19 18
7 20 DIA.
7 21 
3 22 ->
4 23 0
4 24 ->
5 25 42
5 26 0
5 27 [5]
6 27 ->
7 28 9
7 29 3FEC82698ACF4DAC
6 27 ->
7 28 10
7 29 3FE67FC88EECFD3D
6 27 ->
7 28 53
7 29 3FED7FD4EAF06FF6
6 27 ->
7 28 54
7 29 3FF039D806B9B979
6 27 ->
7 28 55
7 29 3FC683F6D51285A1
5 30 1
5 31 [3]
$408281DFD5F82CED,40850A99141E74F,0
4 32 [4]
5 32 ->
6 33 ->
7 25 1
7 26 1527
7 34 [1]
8 34 1
7 27 [1]
8 27 ->
9 28 0
9 29 3FE6R
7 30 1
7 31 [3]
$4081C5A18957A346,4082323AEF3E6BA9,0
7 35 [4]
$1,3*0
5 32 ->
6 33 ->
7 25 1
7 26 1559
7 34 [1]
8 34 1
7 27 [1]
8 27 ->
9 28 0
9 29 3FD9R
7 30 1
7 31 [3]
$4082263C8E61443C,4083B124F17AC0AD,0
7 35 [4]
$1,3*0
5 32 ->
6 33 ->
7 25 1
7 26 1514
7 34 [1]
8 34 1
7 27 [1]
8 27 ->
9 28 0
9 29 3FE6R
7 30 1
7 31 [3]
$4080CEBE575DEE65,40834BAD6E093C4E,0
7 35 [4]
$1,3*0
5 32 ->
6 33 ->
7 25 1
7 26 1540
7 34 [1]
8 34 1
7 27 [1]
8 27 ->
9 28 0
9 29 3FDED7A47C6082BR
7 30 1
7 31 [3]
$408333874C75F89A,4082A14738BD7973,0
7 35 [4]
$1,3*0
3 36 
3 37 ->
4 38 Counter
4 39 1
4 40 -1
4 41 
#FamilyInf
@Sld_FamilyInfo 1 0
0 1 ->
@drv_tbl_ptr 2 0
1 2 NULL
#VisibGeom
@Sld_VisGeom 1 0
0 1 ->
@active_geom 2 0
1 2 
#NovisGeom
@Sld_NonVisGeom 1 0
0 1 ->
@inactive_geom 2 0
1 2 
@external_geom 3 0
1 3 
#ActEntity
@Sld_Entities 1 0
0 1 ->
#AllFeatur
@Sld_Features 1 0
0 1 ->
@first_feat_ptr 2 0
1 2 ->
@id 3 1
2 3 1
@indep_attributes 4 1
2 4 4097
@feat_type_ptr 5 0
2 5 ->
@table_id 6 1
3 6 -1
@type 7 1
3 7 1000
@feattype_key 8 10
3 8 NULL
@form 9 1
3 9 0
@attributes 10 1
3 10 [3]
$3*0
@placement 11 1
3 11 0
@intersection 12 1
3 12 -1
@internal_udf_type 13 1
3 13 -1
@param_choice_ptr 14 0
3 14 ->
@blend_choice 15 1
4 15 0
@depth_choice 16 1
4 16 0
@angle_choice 17 1
4 17 0
@pat_choice 18 1
4 18 -1
@round_choice 19 1
4 19 -1
@subsec_choice 20 1
4 20 -1
@sweep_choice 21 1
4 21 0
@dome_choice 22 1
4 22 0
@draft_choice 23 1
4 23 0
@misc_choice 24 1
4 24 [2]
$32,0
@assoc_type 25 1
3 25 0
@symbol_key 26 1
2 26 -1
@sect_name 27 10
2 27 no_name
@model_type 28 1
2 28 1
@idtab_ptr 29 0
2 29 ->
@save_geoms 30 0
3 30 NULL
@cr_flags_xar 31 1
3 31 [31]
$3*-1,-2049,2*-1,-16777217,3*-1,-536870913,-1,-1126176897,-2,-2097185,
$-2097665,-1,-1073741843,2*-1,-257,-261249,-1,-32769,-1,-4194305,2*-1,
$-536871041,2080374783,0
@cvt_feat_dat 32 0
3 32 NULL
@feat_dates_ptr 33 0
3 33 ->
@creat_date 34 1
4 34 190017
@regen_date 35 1
4 35 190019
@group_info_ptr 36 0
2 36 NULL
@intrs_pairs_ptr 37 0
2 37 ->
@place_rec_ptr 38 0
2 38 ->
@local_sys 39 2
3 39 [4][3]
$3FF,2*0
$0,3FF,0
$2*0,3FF
$3*0
@own_ref_id 40 1
3 40 0
@orient 41 1
3 41 0
@trf_arr 42 0
3 42 [1]
4 42 
@type 43 1
5 43 19
@idx 44 1
5 44 0
@transf 45 2
5 45 [4][3]
$3FF,2*0
$0,3FF,0
$2*0,3FF
$3*0
@next_prop 46 0
2 46 NULL
@first_geom_id 47 1
2 47 -1
@cond_tbl_idx 48 1
2 48 -1
@comment 49 10
2 49 NULL
@merge_info_ptr 50 0
2 50 NULL
@dat_ptr(comp_data) 51 0
2 51 ->
@type 52 1
3 52 123
@model_ptr 53 0
3 53 
@object_type 54 1
4 54 2
@name 55 10
4 55 HOLEMAKING
@simpl_rep 56 0
4 56 NULL
@placed_flag 57 1
3 57 1
@subst_asm_ref_id 58 1
3 58 -1
@instance 59 3
3 59 NULL
@stamp 60 0
3 60 
@major_vers 61 0
4 61 
@vers 62 1
5 62 0
@alias_name 63 10
5 63 
@minor_vers 64 0
4 64 
@vers 65 1
5 65 0
@dep_id 66 1
3 66 0
@interchange_info 67 0
3 67 NULL
@topology_increment 68 0
2 68 ->
@first_geom 69 1
3 69 0
@first_quilt 70 1
3 70 0
@outline 71 2
3 71 [2][3]
$3*0
$3*0
@max_part_size 72 2
3 72 0
@xform_increment 73 0
3 73 NULL
@roll_back_id 74 1
3 74 -1
@state_ind 75 1
2 75 -1
@alumni_info 76 0
2 76 NULL
@revnum 77 1
2 77 30
@rev_rec 78 0
2 78 ->
@revnums 79 0
3 79 [1]
4 79 ->
@owner_type 80 1
5 80 3
@owner_ind 81 1
5 81 -1
@ref_id 82 1
5 82 -1
@ref_revnum 83 1
5 83 -1
@num_plins 84 1
3 84 0
@expl_state_ref 85 0
2 85 NULL
@feat_outl_info 86 0
2 86 NULL
@next_feat_ptr 87 0
1 87 ->
2 3 2
2 4 4097
2 5 ->
3 6 -1
3 7 1000
3 8 NULL
3 9 0
3 10 [3]
$3*0
3 11 0
3 12 -1
3 13 -1
3 14 ->
4 15 0
4 16 0
4 17 0
4 18 -1
4 19 -1
4 20 -1
4 21 0
4 22 0
4 23 0
4 24 [2]
$64,0
3 25 0
2 26 -1
2 27 no_name
2 28 1
2 29 ->
3 30 NULL
3 31 [31]
$3*-1,-2049,2*-1,-16777217,3*-1,-536870913,-1,-1126176897,-2,-2097185,
$-2097665,-1,-1073741843,2*-1,-257,-261249,-1,-32769,-1,-4194305,2*-1,
$-536871041,2080374783,0
3 32 NULL
3 33 ->
4 34 190017
4 35 190019
2 36 NULL
2 37 ->
2 38 ->
3 39 [4][3]
$3FF,2*0
$0,3FF,0
$2*0,3FF
$3*0
@place_instruction_ptrs 88 0
3 88 [1]
4 88 ->
@type 89 1
5 89 81
@offset 90 2
5 90 0
@dim_id 91 1
5 91 0
@ref_id 92 1
5 92 0
@geometry1_id 93 1
5 93 8
@geometry2_id 94 1
5 94 8
@memb_num1 95 1
5 95 1
@memb_num2 96 1
5 96 1
@memb_id_tab1 97 1
5 97 [1]
6 97 1
@memb_id_tab2 98 1
5 98 [1]
6 98 2
@attr 99 1
5 99 512
@plin_info_arr 100 0
5 100 [2]
6 100 ->
@type 101 1
7 101 1
@data(plin_info_ref) 102 0
7 102 ->
@id_type1 103 1
8 103 25
@id_type2 104 1
8 104 25
@offset2 105 2
8 105 0
6 100 ->
7 101 6
@data(plin_info_ui_step) 106 0
7 106 ->
@step_ids 107 1
8 107 [1]
9 107 -100
3 40 0
3 41 0
3 42 [1]
4 42 
5 43 19
5 44 0
5 45 [4][3]
$3FF,2*0
$0,3FF,0
$2*0,3FF
$3*0
2 46 NULL
2 47 -1
2 48 -1
2 49 NULL
2 50 NULL
2 51 ->
3 52 123
3 53 
4 54 2
4 55 HOLE_WORK
4 56 NULL
3 57 1
3 58 -1
3 59 NULL
3 60 
4 61 
5 62 0
5 63 
4 64 
5 65 0
3 66 1
3 67 NULL
@parent_table 108 1
2 108 [1]
3 108 1
2 68 ->
3 69 0
3 70 0
3 71 [2][3]
$C014,0,C02A
$4028,4010CR,401C
3 72 0
3 73 NULL
3 74 -1
2 75 -1
2 76 NULL
2 77 30
2 78 ->
3 79 [3]
4 79 ->
5 80 3
5 81 -1
5 82 -1
5 83 -1
4 79 ->
5 80 1
5 81 -1
5 82 0
5 83 0
@memb_tab_revnums 109 1
5 109 [1]
6 109 30
4 79 ->
5 80 2
5 81 -1
5 82 0
5 83 0
5 109 [1]
6 109 30
3 84 1
2 85 NULL
2 86 NULL
1 87 NULL
@layer_list 110 0
1 110 [2]
2 110 
@feat_id 111 1
3 111 1
@layer_id 112 1
3 112 0
@back_layer_id 113 1
3 113 0
2 110 
3 111 2
3 112 0
3 113 0
#FullMData
@Sld_FullData 1 0
0 1 ->
@first_member_ptr 2 0
1 2 NULL
@alumni_members 3 0
1 3 NULL
@ref_part_table 4 0
1 4 [1]
2 4 ->
@name 5 10
3 5 HOLES1
@id 6 1
3 6 -1
@type 7 1
3 7 1
@revnum 8 1
3 8 -1
@dep_id 9 1
3 9 2
@attributes 10 1
3 10 0
@simpl_rep 11 0
3 11 NULL
@first_xsec_ptr 12 0
1 12 NULL
@lang_ptr 13 0
1 13 ->
@interact_on 14 1
2 14 -1
@first_csys_ptr 15 0
1 15 NULL
@offset 16 2
1 16 [1]
2 16 402A952BE6EBD643
@ipar_num 17 1
1 17 0
@smt_info_ptr 18 0
1 18 NULL
@cable_info_ptr 19 0
1 19 ->
@id 20 1
2 20 -1
@type 21 1
2 21 94
@ref_harness_id 22 1
2 22 -1
@cable_assem_id 23 1
2 23 -1
@work_subharn_id 24 1
2 24 -3253
@parent_ext_ref_id 25 1
2 25 -1
@p_frbn_info 26 0
2 26 NULL
@log_info_src_name 27 10
2 27 NULL
@log_info_src_type 28 1
2 28 0
@comp_info_ptr 29 0
1 29 NULL
@prt_misc_ptr 30 0
1 30 ->
@shrink_data_ptr 31 0
2 31 NULL
@expld_mv_info 32 0
1 32 ->
@act_expl_state 33 1
2 33 -1
@default_state 34 0
2 34 ->
@id 35 1
3 35 -1
@type 36 1
3 36 500
@state_type 37 1
3 37 0
@cur_stage_ind 38 1
3 38 -1
@stage_info 39 0
3 39 [1]
4 39 
@unexpl_subass_info 40 0
3 40 ->
@expld_comp_ref 41 0
3 41 ->
@comp_id 42 1
4 42 -1
@gen_info 43 0
3 43 
@font 44 1
4 44 5
@color 45 1
4 45 10
@state_info_ptr 46 0
1 46 NULL
@alumni_feats 47 0
1 47 NULL
@p_mdl_grid 48 0
1 48 NULL
@mdl_status_ptr 49 0
1 49 NULL
@appl_info_arr 50 0
1 50 [2]
2 50 
@id 51 1
3 51 -1
@type 52 1
3 52 13
2 50 
3 51 -1
3 52 14
@ribbon_info_ptr 53 0
1 53 NULL
@p_xref_data 54 0
1 54 ->
@first_analysis_feat 55 0
1 55 NULL
#ModelView#0
@View 1 0
0 1 ->
@id 2 1
1 2 0
@viewattr 3 0
1 3 
@attr_arr 4 1
2 4 [4]
$1,3*0
@mpoint 5 0
1 5 
@id 6 1
2 6 0
@coord 7 2
2 7 [3]
$400C,400374C6E692AD6B,C011BA63734956B6
@first_instr_ptr 8 0
2 8 NULL
@attach_ptr 9 0
2 9 NULL
@vpoint 10 0
1 10 
2 6 0
2 7 [3]
$407F4,407A5E,0
2 8 NULL
2 9 NULL
@orient 11 2
1 11 [4][4]
$3FED7954E7DBA2F8,0,3FD8EC3AE92B676B,0
$BFD385CE5246572,3FE3E43A9692E21C,3FE7167619F550A2,0
$BFCEFC077F3F36A6,BFE91103985DA841,3FE25240DD3851BF,0
$3*0,3FF
@local_sys 12 2
1 12 [4][4]
$403D2ACE72CAF95D,0,4028A9D48BAAFF8E,0
$C02351CB0B62986D,4033AF3BBF56DEC6,4036D8F34E3F9BCE,0
$C01EA97ACA5E6159,C038CE3B3AB40CCE,40322170F9EF236F,0
$407836F0C765F83C,407081021980CD94,C09D4E9E33B778A7,3FF
@world_matrix_ptr 13 0
1 13 NULL
@first_instr_ptr 14 0
1 14 ->
@type 15 1
2 15 100
@geom_id 16 1
2 16 -1
@view_id 17 1
2 17 -1
@memb_num 18 1
2 18 0
@offset 19 2
2 19 0
@matrix 20 0
2 20 NULL
@next_instr_ptr 21 0
1 21 ->
2 15 301
2 16 -1
2 17 -1
2 18 0
2 19 403FAABEAC5086F8
2 20 NULL
1 21 NULL
@outer_xsec_index 22 1
1 22 -1
@next_view_id 23 1
1 23 3
@simp_rep_id 24 1
1 24 0
@name 25 10
1 25 no name
@fit_outline 26 2
1 26 [2][3]
$4059,405518,C0876E714AD8BDC8
$408C2,4087BB,0
@det_info_ptr 27 0
1 27 NULL
@named_view_pzmatr 28 0
1 28 NULL
@page_id 29 1
1 29 0
@model_name 30 10
1 30 NULL
@unrep_model_name 31 10
1 31 NULL
@saved_pro_dls 32 0
1 32 ->
@pro_dls 33 0
2 33 [10]
3 33 
@pro_dl_data 34 0
4 34 ->
@appl_type 35 1
5 35 1
@dl_type 36 1
5 36 5
@dl_id 37 1
5 37 0
@dl_hdr 38 0
5 38 
@disp_list_version 39 1
6 39 0
@visibility 40 1
6 40 33554436
@status_mask 41 1
6 41 3
@creation_scale 42 2
6 42 0
@view_matrix 43 2
6 43 [4][4]
$3FF,3*0
$0,3FF,2*0
$2*0,3FF,0
$3*0,3FF
@outline 44 2
6 44 [2][3]
$C01403126,BF689374C,C02A01894
$402801894,4010CFDF4,401C03128
@dl_block_mem_size 45 0
6 45 
@dl_block_mem_size 46 1
7 46 32768
@list 47 0
6 47 NULL
@token_contents 48 5
6 48 21
@render_attribs 49 5
6 49 1
@wire_colors 50 1
6 50 [4]
$543579648,543581798,553643264,553648127
@children 51 0
6 51 [1]
7 51 
@dl_data 52 0
8 52 
9 34 ->
10 35 46
10 36 5
10 37 1
@o_data 53 0
6 53 
@disp_data 54 0
7 54 NULL
3 33 
4 34 ->
5 35 10
5 36 7
5 37 0
3 33 
4 34 ->
5 35 21
5 36 5
5 37 8
3 33 
4 34 ->
5 35 46
5 36 5
5 37 1
5 38 
6 39 0
6 40 16
6 41 19
6 42 0
6 43 [4][4]
$3FF,3*0
$0,3FF,2*0
$2*0,3FF,0
$3*0,3FF
6 44 [2][3]
$C01403126,BF689374C,C02A01894
$402801894,4010CFDF4,401C03128
6 45 
7 46 1024
6 47 NULL
6 48 21
6 49 0
6 50 [4]
$543579648,543581798,553643264,553648127
6 51 [2]
7 51 
8 52 
9 34 ->
10 35 46
10 36 5
10 37 1
@key_list 55 1
10 55 [1]
11 55 1
7 51 
8 52 
9 34 ->
10 35 46
10 36 5
10 37 1
10 55 [1]
11 55 2
6 53 
7 54 ->
@model_type 56 1
8 56 1
@generic_name 57 10
8 57 NULL
3 33 
4 34 ->
5 35 46
5 36 5
5 37 1
5 55 [1]
6 55 1
5 38 
6 39 0
6 40 16
6 41 19
6 42 0
6 43 [4][4]
$3FF,3*0
$0,3FF,2*0
$2*0,3FF,0
$3*0,3FF
6 44 [2][3]
$C014,0,C02A00000D
$402800000D,4010CCCCD,401C000004
6 45 
7 46 1024
6 47 NULL
6 48 5
6 49 0
6 50 [2]
$543579648,553643264
6 53 
7 54 ->
8 56 2
@model_name 58 10
8 58 holemaking
8 57 NULL
3 33 
4 34 ->
5 35 46
5 36 5
5 37 1
5 55 [1]
6 55 2
5 38 
6 39 0
6 40 16
6 41 19
6 42 0
6 43 [4][4]
$3FF,3*0
$0,3FF,2*0
$2*0,3FF,0
$3*0,3FF
6 44 [2][3]
$C01403126,BF689374C,C02A01894
$402801894,4010CFDF4,401C03128
6 45 
7 46 1024
6 47 NULL
6 48 5
6 49 0
6 50 [2]
$543581798,553648127
6 53 
7 54 ->
8 56 2
8 58 hole_work
8 57 NULL
3 33 
4 34 ->
5 35 47
5 36 7
5 37 0
3 33 
4 34 ->
5 35 48
5 36 8
5 37 0
3 33 
4 34 ->
5 35 49
5 36 7
5 37 0
3 33 
4 34 ->
5 35 64
5 36 7
5 37 0
@explode_state 59 0
1 59 NULL
#ModelView#3
@View 1 0
0 1 ->
@id 2 1
1 2 3
@viewattr 3 0
1 3 
@attr_arr 4 1
2 4 [4]
$1,3*0
@mpoint 5 0
1 5 
@id 6 1
2 6 0
@coord 7 2
2 7 [3]
$400C,400374C6E692AD6B,C011BA63734956B6
@first_instr_ptr 8 0
2 8 NULL
@attach_ptr 9 0
2 9 NULL
@vpoint 10 0
1 10 
2 6 0
2 7 [3]
$407F4,407A5E,0
2 8 NULL
2 9 NULL
@orient 11 2
1 11 [4][4]
$3FEE43FAB9269713,BFC8CD240BDECDDF,3FD0ADFD9D0F971C,0
$BF8DF47C84D53CDF,3FE8D74E443EFBEA,3FE42AB9CEB163BR,0
$BFD4C361E5E2573R,BFE3321FE4213287,3FE7676768489B12,0
$3*0,3FF
@local_sys 12 2
1 12 [4][4]
$403DF3585DEF37EF,C0188B108291F8C6,4020818D665C7E43,0
$BFDDA4ADF3211357,4038951FA60C0F94,4033F4FF259D88D3,0
$C0248C1086AC3A14,C032FEFB8F672D85,4037290CF65D042A,0
$4075EC44EF362DC8,4072B5FD7B0562DR,C09CA03B161C91FR,3FF
@world_matrix_ptr 13 0
1 13 ->
@world_matrix 14 2
2 14 [4][4]
$403DF3585DEF37EF,C0188B108291F8C6,4020818D665C7E43,0
$BFDDA4ADF3211357,4038951FA60C0F94,4033F4FF259D88D3,0
$C0248C1086AC3A14,C032FEFB8F672D85,4037290CF65D042A,0
$4075EC44EF362DC8,4072B5FD7B0562DR,403939C5B65AFFF4,3FF
@first_instr_ptr 15 0
1 15 ->
@type 16 1
2 16 100
@geom_id 17 1
2 17 -1
@view_id 18 1
2 18 -1
@memb_num 19 1
2 19 0
@offset 20 2
2 20 0
@matrix 21 0
2 21 NULL
@next_instr_ptr 22 0
1 22 ->
2 16 301
2 17 -1
2 18 -1
2 19 0
2 20 403FAABEAC5086F8
2 21 NULL
1 22 ->
2 16 125
2 17 -1
2 18 -1
2 19 0
2 20 0
2 21 ->
@matrix 23 2
3 23 [4][4]
$3FEEAC281DAEB5F4,BFD233041C42B795,BF941D1040CD528F,0
$3FCA84262DC0A896,3FE7C0DAF199D609,BFE4645B68AE9B36,0
$3FC90FAF6BFBF36C,3FE36A7553A4F8B2,3FE8A72B123D96D2,0
$3*0,3FF
1 22 ->
2 16 201
2 17 30
2 18 -1
2 19 1
@memb_id_tab 24 1
2 24 [1]
3 24 2
2 20 0
2 21 NULL
1 22 ->
2 16 202
2 17 19
2 18 -1
2 19 1
2 24 [1]
3 24 2
2 20 0
2 21 NULL
1 22 ->
2 16 125
2 17 -1
2 18 -1
2 19 0
2 20 0
2 21 ->
3 23 [4][4]
$3FEE43FAB9269713,BFC8CD240BDECDDF,3FD0ADFD9D0F971C,0
$BF8DF47C84D53CDF,3FE8D74E443EFBEA,3FE42AB9CEB163BR,0
$BFD4C361E5E2573R,BFE3321FE4213287,3FE7676768489B12,0
$3*0,3FF
1 22 NULL
@outer_xsec_index 25 1
1 25 -1
@next_view_id 26 1
1 26 5
@simp_rep_id 27 1
1 27 0
@name 28 10
1 28 WEB_DRILL
@fit_outline 29 2
1 29 [2][3]
$4059,405518,C088670CA7C208D6
$408C2,4087BB,0
@det_info_ptr 30 0
1 30 NULL
@named_view_pzmatr 31 0
1 31 ->
2 23 [4][4]
$40056A5A16287EE2,3*0
$0,40056A5A16287EE2,2*0
$2*0,40056A5A16287EE2,0
$C081C3F1AF68D0CB,C0826E9AF7442B9R,0,3FF
@page_id 32 1
1 32 0
@model_name 33 10
1 33 NULL
@unrep_model_name 34 10
1 34 NULL
@saved_pro_dls 35 0
1 35 ->
@explode_state 36 0
1 36 NULL
#ModelView#5
@View 1 0
0 1 ->
@id 2 1
1 2 5
@viewattr 3 0
1 3 
@attr_arr 4 1
2 4 [4]
$1,3*0
@mpoint 5 0
1 5 
@id 6 1
2 6 0
@coord 7 2
2 7 [3]
$400C,400374C6E692AD6B,C011BA63734956B6
@first_instr_ptr 8 0
2 8 NULL
@attach_ptr 9 0
2 9 NULL
@vpoint 10 0
1 10 
2 6 0
2 7 [3]
$407F4,407A5E,0
2 8 NULL
2 9 NULL
@orient 11 2
1 11 [4][4]
$3FE91D079E82A5C2,3FDF5EB7BFCFBDBE,BFD845F6784B9257,0
$3FE2D0EF9B2F5E79,BFD9501922CF8F89,3FE693F8C6C3F9DF,0
$3FC910F01A8C482C,BFE8DB0167EE7ADA,BFE327D21559A1F1,0
$3*0,3FF
@local_sys 12 2
1 12 [4][4]
$4038DA1F3DA11F3F,402F0B241D4B4F14,C028054B1404D38E,0
$40329ECE351F5A2A,C0290CA8B3257A85,403657D1A25711B,0
$4018CE27F0D0AB6B,C03898C8EE5736F,C032F4C93455DD5D,0
$4078B379C778468E,40720FEE24F98B5A,C09E86668E51B897,3FF
@world_matrix_ptr 13 0
1 13 ->
@world_matrix 14 2
2 14 [4][4]
$4038DA1F3DA11F3F,402F0B241D4B4F14,C028054B1404D38E,0
$40329ECE351F5A2A,C0290CA8B3257A85,403657D1A25711B,0
$4018CE27F0D0AB6B,C03898C8EE5736F,C032F4C93455DD5D,0
$4078B379C778468E,40720FEE24F98B5A,C058144615BBA97C,3FF
@first_instr_ptr 15 0
1 15 ->
@type 16 1
2 16 100
@geom_id 17 1
2 17 -1
@view_id 18 1
2 18 -1
@memb_num 19 1
2 19 0
@offset 20 2
2 20 0
@matrix 21 0
2 21 NULL
@next_instr_ptr 22 0
1 22 ->
2 16 301
2 17 -1
2 18 -1
2 19 0
2 20 403FAABEAC5086F8
2 21 NULL
1 22 ->
2 16 125
2 17 -1
2 18 -1
2 19 0
2 20 0
2 21 ->
@matrix 23 2
3 23 [4][4]
$3FEEAC281DAEB5F4,BFD233041C42B795,BF941D1040CD528F,0
$3FCA84262DC0A896,3FE7C0DAF199D609,BFE4645B68AE9B36,0
$3FC90FAF6BFBF36C,3FE36A7553A4F8B2,3FE8A72B123D96D2,0
$3*0,3FF
1 22 ->
2 16 201
2 17 30
2 18 -1
2 19 1
@memb_id_tab 24 1
2 24 [1]
3 24 2
2 20 0
2 21 NULL
1 22 ->
2 16 202
2 17 19
2 18 -1
2 19 1
2 24 [1]
3 24 2
2 20 0
2 21 NULL
1 22 ->
2 16 125
2 17 -1
2 18 -1
2 19 0
2 20 0
2 21 ->
3 23 [4][4]
$3FE91D079E82A5C2,3FDF5EB7BFCFBDBE,BFD845F6784B9257,0
$3FE2D0EF9B2F5E79,BFD9501922CF8F89,3FE693F8C6C3F9DF,0
$3FC910F01A8C482C,BFE8DB0167EE7ADA,BFE327D21559A1F1,0
$3*0,3FF
1 22 NULL
@outer_xsec_index 25 1
1 25 -1
@next_view_id 26 1
1 26 6
@simp_rep_id 27 1
1 27 0
@name 28 10
1 28 DEEP
@fit_outline 29 2
1 29 [2][3]
$4059,405518,C087C61D636BA264
$408C2,4087BB,0
@det_info_ptr 30 0
1 30 NULL
@named_view_pzmatr 31 0
1 31 ->
2 23 [4][4]
$3FF89DBB4F678A1B,3*0
$0,3FF89DBB4F678A1B,2*0
$2*0,3FF89DBB4F678A1B,0
$C061A7C2C3B3E70E,C077C745B5923251,0,3FF
@page_id 32 1
1 32 0
@model_name 33 10
1 33 NULL
@unrep_model_name 34 10
1 34 NULL
@saved_pro_dls 35 0
1 35 ->
@explode_state 36 0
1 36 NULL
#ModelView#6
@View 1 0
0 1 ->
@id 2 1
1 2 6
@viewattr 3 0
1 3 
@attr_arr 4 1
2 4 [4]
$1,3*0
@mpoint 5 0
1 5 
@id 6 1
2 6 0
@coord 7 2
2 7 [3]
$400C,400374C6E692AD6B,C011BA63734956B6
@first_instr_ptr 8 0
2 8 NULL
@attach_ptr 9 0
2 9 NULL
@vpoint 10 0
1 10 
2 6 0
2 7 [3]
$407F4,407A5E,0
2 8 NULL
2 9 NULL
@orient 11 2
1 11 [4][4]
$3FEA4C3904BCCC3A,BFC89094512C1F42,3FE12AD0B913DBA8,0
$BFBCF7FF2965ED26,3FEBC55107D74CB8,3FDEF673528044A6,0
$BFE1DE928A97C17R,BFDD549EB099BED5,3FE62090E56871E4,0
$3*0,3FF
@local_sys 12 2
1 12 [4][4]
$403A0628DDAE7CE9,C0184F22214988E7,4030FD13F2CB1685,0
$C00CAAD1481F92B1,403B7B54372DCE9E,402EA3F57A99DC5B,0
$C031AEF6DA82ABFA,C02D067A0A7DFE6D,4035E59D3882F4DR,0
$4075341DD2D34457,40737FD2B92506BA,C09D03D1D2088C1F,3FF
@world_matrix_ptr 13 0
1 13 ->
@world_matrix 14 2
2 14 [4][4]
$403A0628DDAE7CE9,C0184F22214988E7,4030FD13F2CB1685,0
$C00CAAD1481F92B1,403B7B54372DCE9E,402EA3F57A99DC5B,0
$C031AEF6DA82ABFA,C02D067A0A7DFE6D,4035E59D3882F4DR,0
$4075341DD2D34457,40737FD2B92506BA,3FD505AED71DFA,3FF
@first_instr_ptr 15 0
1 15 ->
@type 16 1
2 16 100
@geom_id 17 1
2 17 -1
@view_id 18 1
2 18 -1
@memb_num 19 1
2 19 0
@offset 20 2
2 20 0
@matrix 21 0
2 21 NULL
@next_instr_ptr 22 0
1 22 ->
2 16 301
2 17 -1
2 18 -1
2 19 0
2 20 403FAABEAC5086F8
2 21 NULL
1 22 ->
2 16 125
2 17 -1
2 18 -1
2 19 0
2 20 0
2 21 ->
@matrix 23 2
3 23 [4][4]
$3FEEAC281DAEB5F4,BFD233041C42B795,BF941D1040CD528F,0
$3FCA84262DC0A896,3FE7C0DAF199D609,BFE4645B68AE9B36,0
$3FC90FAF6BFBF36C,3FE36A7553A4F8B2,3FE8A72B123D96D2,0
$3*0,3FF
1 22 ->
2 16 201
2 17 30
2 18 -1
2 19 1
@memb_id_tab 24 1
2 24 [1]
3 24 2
2 20 0
2 21 NULL
1 22 ->
2 16 202
2 17 19
2 18 -1
2 19 1
2 24 [1]
3 24 2
2 20 0
2 21 NULL
1 22 ->
2 16 125
2 17 -1
2 18 -1
2 19 0
2 20 0
2 21 ->
3 23 [4][4]
$3FEA4C3904BCCC3A,BFC89094512C1F42,3FE12AD0B913DBA8,0
$BFBCF7FF2965ED26,3FEBC55107D74CB8,3FDEF673528044A6,0
$BFE1DE928A97C17R,BFDD549EB099BED5,3FE62090E56871E4,0
$3*0,3FF
1 22 NULL
@outer_xsec_index 25 1
1 25 -1
@next_view_id 26 1
1 26 8
@simp_rep_id 27 1
1 27 0
@name 28 10
1 28 COUNTER
@fit_outline 29 2
1 29 [2][3]
$4059,405518,C08B75BA8FD23F78
$408C2,4087BB,0
@det_info_ptr 30 0
1 30 NULL
@named_view_pzmatr 31 0
1 31 ->
2 23 [4][4]
$40056A5A16287EE2,3*0
$0,40056A5A16287EE2,2*0
$2*0,40056A5A16287EE2,0
$C09686D7C8C18F86,C0891C95CD8081F6,0,3FF
@page_id 32 1
1 32 0
@model_name 33 10
1 33 NULL
@unrep_model_name 34 10
1 34 NULL
@saved_pro_dls 35 0
1 35 ->
@explode_state 36 0
1 36 NULL
#ModelView#8
@View 1 0
0 1 ->
@id 2 1
1 2 8
@viewattr 3 0
1 3 
@attr_arr 4 1
2 4 [4]
$1,3*0
@mpoint 5 0
1 5 
@id 6 1
2 6 0
@coord 7 2
2 7 [3]
$400C,400377E5859F1F8E,C011BBF2C2CF8FC7
@first_instr_ptr 8 0
2 8 NULL
@attach_ptr 9 0
2 9 NULL
@vpoint 10 0
1 10 
2 6 0
2 7 [3]
$407F4,407A5E,0
2 8 NULL
2 9 NULL
@orient 11 2
1 11 [4][4]
$2*0,3FF,0
$0,3FF,2*0
$BFF,3*0
$3*0,3FF
@local_sys 12 2
1 12 [4][4]
$2*0,403FAC5F7AB698D3,0
$0,403FAC5F7AB698D3,2*0
$C03FAC5F7AB698D3,3*0
$40767932D83AAFC6,40758CBEC79182E1,C09EC06618B5FC5C,3FF
@world_matrix_ptr 13 0
1 13 ->
@world_matrix 14 2
2 14 [4][4]
$2*0,403FAC5F7AB698D3,0
$0,403FAC5F7AB698D3,2*0
$C03FAC5F7AB698D3,3*0
$40767932D83AAFC6,40758CBEC79182E1,C05BB6D38B5FC5B9,3FF
@first_instr_ptr 15 0
1 15 ->
@type 16 1
2 16 100
@geom_id 17 1
2 17 -1
@view_id 18 1
2 18 -1
@memb_num 19 1
2 19 0
@offset 20 2
2 20 0
@matrix 21 0
2 21 NULL
@next_instr_ptr 22 0
1 22 ->
2 16 301
2 17 -1
2 18 -1
2 19 0
2 20 403FAC5F7AB698D3
2 21 NULL
1 22 ->
2 16 125
2 17 -1
2 18 -1
2 19 0
2 20 0
2 21 ->
@matrix 23 2
3 23 [4][4]
$BFC7A892F8B01A4D,BFDC8CC947D2DA7R,3FEC05AD5B90A72E,0
$3FE183C4EDC2169B,3FE62FD86746717E,3FDDFF979F0DB99A,0
$BFEA1EB4EB264F49,3FE21C1F5D00D74F,3FBDB2E2A038DC26,0
$3*0,3FF
1 22 ->
2 16 201
2 17 2
2 18 -1
2 19 1
@memb_id_tab 24 1
2 24 [1]
3 24 2
2 20 0
2 21 NULL
1 22 ->
2 16 202
2 17 1613
2 18 -1
2 19 1
2 24 [1]
3 24 2
2 20 0
2 21 NULL
1 22 NULL
@outer_xsec_index 25 1
1 25 -1
@next_view_id 26 1
1 26 9
@simp_rep_id 27 1
1 27 0
@name 28 10
1 28 TIP
@fit_outline 29 2
1 29 [2][3]
$4059,405518,C08116EE1EAD16B4
$408C2,4087BB,0
@det_info_ptr 30 0
1 30 NULL
@named_view_pzmatr 31 0
1 31 ->
2 23 [4][4]
$4000A5CC6DEE6B25,3*0
$0,4000A5CC6DEE6B25,2*0
$2*0,4000A5CC6DEE6B25,0
$C082F763E29FAF42,C080E6C4DD100B0E,0,3FF
@page_id 32 1
1 32 0
@model_name 33 10
1 33 NULL
@unrep_model_name 34 10
1 34 NULL
@saved_pro_dls 35 0
1 35 ->
@explode_state 36 0
1 36 NULL
#ModelView#9
@View 1 0
0 1 ->
@id 2 1
1 2 9
@viewattr 3 0
1 3 
@attr_arr 4 1
2 4 [4]
$1,3*0
@mpoint 5 0
1 5 
@id 6 1
2 6 0
@coord 7 2
2 7 [3]
$400C,400377E5859F1F8E,C011BBF2C2CF8FC7
@first_instr_ptr 8 0
2 8 NULL
@attach_ptr 9 0
2 9 NULL
@vpoint 10 0
1 10 
2 6 0
2 7 [3]
$407F4,407A5E,0
2 8 NULL
2 9 NULL
@orient 11 2
1 11 [4][4]
$3FE4CC656F4B30E2,BFD8FDE4A2969BAD,3FE4DD0315DC8074,0
$BFCFB5988242E2B,3FE67835F90A37DA,3FE55C50C54411C3,0
$BFE6FDADA36E202D,BFE30D42D534CDC2,3FD7045C6EF77B9B,0
$3*0,3FF
@local_sys 12 2
1 12 [4][4]
$4034960AF3961E76,C028BC94BC01260E,4034A67D2DE5EEF2,0
$C01F62BA6EA2FB87,40363D7D76673D25,4035247E2D37DFB5,0
$C036C19854E6F2DF,C032DB78DE32D15,4026C835A98A9287,0
$4075A270990E262B,407476FDB1A8862E,C09E29DF27D3A8B5,3FF
@world_matrix_ptr 13 0
1 13 ->
@world_matrix 14 2
2 14 [4][4]
$4034960AF3961E76,C028BC94BC01260E,4034A67D2DE5EEF2,0
$C01F62BA6EA2FB87,40363D7D76673D25,4035247E2D37DFB5,0
$C036C19854E6F2DF,C032DB78DE32D15,4026C835A98A9287,0
$4075A270990E262B,407476FDB1A8862E,C0524E647D3A8B4C,3FF
@first_instr_ptr 15 0
1 15 ->
@type 16 1
2 16 100
@geom_id 17 1
2 17 -1
@view_id 18 1
2 18 -1
@memb_num 19 1
2 19 0
@offset 20 2
2 20 0
@matrix 21 0
2 21 NULL
@next_instr_ptr 22 0
1 22 ->
2 16 301
2 17 -1
2 18 -1
2 19 0
2 20 403FAC5F7AB698D3
2 21 NULL
1 22 ->
2 16 125
2 17 -1
2 18 -1
2 19 0
2 20 0
2 21 ->
@matrix 23 2
3 23 [4][4]
$BFC7A892F8B01A4D,BFDC8CC947D2DA7R,3FEC05AD5B90A72E,0
$3FE183C4EDC2169B,3FE62FD86746717E,3FDDFF979F0DB99A,0
$BFEA1EB4EB264F49,3FE21C1F5D00D74F,3FBDB2E2A038DC26,0
$3*0,3FF
1 22 ->
2 16 201
2 17 2
2 18 -1
2 19 1
@memb_id_tab 24 1
2 24 [1]
3 24 2
2 20 0
2 21 NULL
1 22 ->
2 16 202
2 17 1613
2 18 -1
2 19 1
2 24 [1]
3 24 2
2 20 0
2 21 NULL
1 22 ->
2 16 125
2 17 -1
2 18 -1
2 19 0
2 20 0
2 21 ->
3 23 [4][4]
$3FE6FDADA36E202D,3FE30D42D534CDC2,BFD7045C6EF77B9B,0
$BFCFB5988242E2B,3FE67835F90A37DA,3FE55C50C54411C3,0
$3FE4CC656F4B30E2,BFD8FDE4A2969BAD,3FE4DD0315DC8074,0
$3*0,3FF
1 22 NULL
@outer_xsec_index 25 1
1 25 -1
@next_view_id 26 1
1 26 10
@simp_rep_id 27 1
1 27 0
@name 28 10
1 28 SKETCH
@fit_outline 29 2
1 29 [2][3]
$4059,405518,C086C49BB2EDB54E
$408C2,4087BB,0
@det_info_ptr 30 0
1 30 NULL
@named_view_pzmatr 31 0
1 31 ->
2 23 [4][4]
$3FFC0E346AAEF18,3*0
$0,3FFC0E346AAEF18,2*0
$2*0,3FFC0E346AAEF18,0
$C072230B5C9A77C6,C0715595B55480F6,0,3FF
@page_id 32 1
1 32 0
@model_name 33 10
1 33 NULL
@unrep_model_name 34 10
1 34 NULL
@saved_pro_dls 35 0
1 35 ->
@explode_state 36 0
1 36 NULL
#ModelView#10
@View 1 0
0 1 ->
@id 2 1
1 2 10
@viewattr 3 0
1 3 
@attr_arr 4 1
2 4 [4]
$1,3*0
@mpoint 5 0
1 5 
@id 6 1
2 6 0
@coord 7 2
2 7 [3]
$400C,400374C6E692AD6B,C011BA63734956B6
@first_instr_ptr 8 0
2 8 NULL
@attach_ptr 9 0
2 9 NULL
@vpoint 10 0
1 10 
2 6 0
2 7 [3]
$407F4,407A5E,0
2 8 NULL
2 9 NULL
@orient 11 2
1 11 [4][4]
$2*0,3FF,0
$0,3FF,2*0
$BFF,3*0
$3*0,3FF
@local_sys 12 2
1 12 [4][4]
$2*0,403FAABEAC5086F8,0
$0,403FAABEAC5086F8,2*0
$C03FAABEAC5086F8,3*0
$40767A6BEAEBC74A,40758DC3C075D82A,C09EC0789A62656,3FF
@world_matrix_ptr 13 0
1 13 ->
@world_matrix 14 2
2 14 [4][4]
$2*0,403FAABEAC5086F8,0
$0,403FAABEAC5086F8,2*0
$C03FAABEAC5086F8,3*0
$40767A6BEAEBC74A,40758DC3C075D82A,C05BB566D6C67618,3FF
@first_instr_ptr 15 0
1 15 ->
@type 16 1
2 16 100
@geom_id 17 1
2 17 -1
@view_id 18 1
2 18 -1
@memb_num 19 1
2 19 0
@offset 20 2
2 20 0
@matrix 21 0
2 21 NULL
@next_instr_ptr 22 0
1 22 ->
2 16 301
2 17 -1
2 18 -1
2 19 0
2 20 403FAABEAC5086F8
2 21 NULL
1 22 ->
2 16 125
2 17 -1
2 18 -1
2 19 0
2 20 0
2 21 ->
@matrix 23 2
3 23 [4][4]
$3FD3872AF06DA225,BFE0C55313049A32,3FE971B39F350072,0
$3FD9428AA978819,3FEA8AE65E2DD5A,3FD94BD9B13563DE,0
$BFEBBBC8305C9812,3FC8BB96FEA8D4CE,3FDD6F9EEF7DEDE4,0
$3*0,3FF
1 22 ->
2 16 201
2 17 28
2 18 -1
2 19 1
@memb_id_tab 24 1
2 24 [1]
3 24 2
2 20 0
2 21 NULL
1 22 ->
2 16 202
2 17 19
2 18 -1
2 19 1
2 24 [1]
3 24 2
2 20 0
2 21 NULL
1 22 NULL
@outer_xsec_index 25 1
1 25 -1
@next_view_id 26 1
1 26 11
@simp_rep_id 27 1
1 27 0
@name 28 10
1 28 DEPTH
@fit_outline 29 2
1 29 [2][3]
$4059,405518,C0811798624FA236
$408C2,4087BB,0
@det_info_ptr 30 0
1 30 NULL
@named_view_pzmatr 31 0
1 31 ->
2 23 [4][4]
$3FFCB9C813AED96,3*0
$0,3FFCB9C813AED96,2*0
$2*0,3FFCB9C813AED96,0
$C07008566862AE4,C07288E729C6EADE,0,3FF
@page_id 32 1
1 32 0
@model_name 33 10
1 33 NULL
@unrep_model_name 34 10
1 34 NULL
@saved_pro_dls 35 0
1 35 ->
@explode_state 36 0
1 36 NULL
#ModelView#11
@View 1 0
0 1 ->
@id 2 1
1 2 11
@viewattr 3 0
1 3 
@attr_arr 4 1
2 4 [4]
$1,3*0
@mpoint 5 0
1 5 
@id 6 1
2 6 0
@coord 7 2
2 7 [3]
$400C,400377E5859F1F8E,C011BBF2C2CF8FC7
@first_instr_ptr 8 0
2 8 NULL
@attach_ptr 9 0
2 9 NULL
@vpoint 10 0
1 10 
2 6 0
2 7 [3]
$407F4,407A5E,0
2 8 NULL
2 9 NULL
@orient 11 2
1 11 [4][4]
$3FE85CF9D90EC58D,BFD52E1498C69084,3FE1D7318360B19,0
$BFC775FA823DCA6E,3FE6E10EDC1DD382,3FE5972332EC02A8,0
$BFE3E68E881AF326,BFE3B532013180CB,3FDEF4BC5EA28F1,0
$3*0,3FF
@local_sys 12 2
1 12 [4][4]
$40381D4E7AA838DR,C024F6BAD4BB3698,4031A891DCAD0BA7,0
$C01738AAD0DF44FE,4036A54458FCB89F,40355EB6E2023F34,0
$C033B28CB2BD5E34,C03381B12B6E15B3,402EA3D64D6F0F3A,0
$4075665B76D93068,4073CF820A39A08A,C09DBC85BFF65B9E,3FF
@world_matrix_ptr 13 0
1 13 ->
@world_matrix 14 2
2 14 [4][4]
$40381D4E7AA838DR,C024F6BAD4BB3698,4031A891DCAD0BA7,0
$C01738AAD0DF44FE,4036A54458FCB89F,40355EB6E2023F34,0
$C033B28CB2BD5E34,C03381B12B6E15B3,402EA3D64D6F0F3A,0
$4075665B76D93068,4073CF820A39A08A,C046F19BFECB73BA,3FF
@first_instr_ptr 15 0
1 15 ->
@type 16 1
2 16 100
@geom_id 17 1
2 17 -1
@view_id 18 1
2 18 -1
@memb_num 19 1
2 19 0
@offset 20 2
2 20 0
@matrix 21 0
2 21 NULL
@next_instr_ptr 22 0
1 22 ->
2 16 301
2 17 -1
2 18 -1
2 19 0
2 20 403FAC5F7AB698D3
2 21 NULL
1 22 ->
2 16 125
2 17 -1
2 18 -1
2 19 0
2 20 0
2 21 ->
@matrix 23 2
3 23 [4][4]
$3FEEAC281DAEB5F4,BFD233041C42B795,BF941D1040CD528F,0
$3FCA84262DC0A896,3FE7C0DAF199D609,BFE4645B68AE9B36,0
$3FC90FAF6BFBF36C,3FE36A7553A4F8B2,3FE8A72B123D96D2,0
$3*0,3FF
1 22 ->
2 16 201
2 17 30
2 18 -1
2 19 1
@memb_id_tab 24 1
2 24 [1]
3 24 2
2 20 0
2 21 NULL
1 22 ->
2 16 202
2 17 19
2 18 -1
2 19 1
2 24 [1]
3 24 2
2 20 0
2 21 NULL
1 22 ->
2 16 125
2 17 -1
2 18 -1
2 19 0
2 20 0
2 21 ->
3 23 [4][4]
$3FE85CF9D90EC58D,BFD52E1498C69084,3FE1D7318360B19,0
$BFC775FA823DCA6E,3FE6E10EDC1DD382,3FE5972332EC02A8,0
$BFE3E68E881AF326,BFE3B532013180CB,3FDEF4BC5EA28F1,0
$3*0,3FF
1 22 NULL
@outer_xsec_index 25 1
1 25 -1
@next_view_id 26 1
1 26 12
@simp_rep_id 27 1
1 27 0
@name 28 10
1 28 SKETCH_CLOSE
@fit_outline 29 2
1 29 [2][3]
$4059,405518,C08807CBDBB2C226
$408C2,4087BB,0
@det_info_ptr 30 0
1 30 NULL
@named_view_pzmatr 31 0
1 31 ->
2 23 [4][4]
$400FF1B393E00C7F,3*0
$0,400FF1B393E00C7F,2*0
$2*0,400FF1B393E00C7F,0
$C0996BF0B3C03764,C097AE40FC92D85C,0,3FF
@page_id 32 1
1 32 0
@model_name 33 10
1 33 NULL
@unrep_model_name 34 10
1 34 NULL
@saved_pro_dls 35 0
1 35 ->
@explode_state 36 0
1 36 NULL
#ModelView#12
@View 1 0
0 1 ->
@id 2 1
1 2 12
@viewattr 3 0
1 3 
@attr_arr 4 1
2 4 [4]
$1,3*0
@mpoint 5 0
1 5 
@id 6 1
2 6 0
@coord 7 2
2 7 [3]
$400C,400374C6E692AD6B,C011BA63734956B6
@first_instr_ptr 8 0
2 8 NULL
@attach_ptr 9 0
2 9 NULL
@vpoint 10 0
1 10 
2 6 0
2 7 [3]
$407F4,407A5E,0
2 8 NULL
2 9 NULL
@orient 11 2
1 11 [4][4]
$2*0,3FF,0
$0,3FF,2*0
$BFF,3*0
$3*0,3FF
@local_sys 12 2
1 12 [4][4]
$2*0,403FAABEAC5086F8,0
$0,403FAABEAC5086F8,2*0
$C03FAABEAC5086F8,3*0
$40767A6BEAEBC74A,40758DC3C075D82A,C09EC0789A62656,3FF
@world_matrix_ptr 13 0
1 13 ->
@world_matrix 14 2
2 14 [4][4]
$2*0,403FAABEAC5086F8,0
$0,403FAABEAC5086F8,2*0
$C03FAABEAC5086F8,3*0
$40767A6BEAEBC74A,40758DC3C075D82A,C05BB566D6C67618,3FF
@first_instr_ptr 15 0
1 15 ->
@type 16 1
2 16 100
@geom_id 17 1
2 17 -1
@view_id 18 1
2 18 -1
@memb_num 19 1
2 19 0
@offset 20 2
2 20 0
@matrix 21 0
2 21 NULL
@next_instr_ptr 22 0
1 22 ->
2 16 301
2 17 -1
2 18 -1
2 19 0
2 20 403FAABEAC5086F8
2 21 NULL
1 22 ->
2 16 125
2 17 -1
2 18 -1
2 19 0
2 20 0
2 21 ->
@matrix 23 2
3 23 [4][4]
$3FD3872AF06DA225,BFE0C55313049A32,3FE971B39F350072,0
$3FD9428AA978819,3FEA8AE65E2DD5A,3FD94BD9B13563DE,0
$BFEBBBC8305C9812,3FC8BB96FEA8D4CE,3FDD6F9EEF7DEDE4,0
$3*0,3FF
1 22 ->
2 16 201
2 17 28
2 18 -1
2 19 1
@memb_id_tab 24 1
2 24 [1]
3 24 2
2 20 0
2 21 NULL
1 22 ->
2 16 202
2 17 19
2 18 -1
2 19 1
2 24 [1]
3 24 2
2 20 0
2 21 NULL
1 22 NULL
@outer_xsec_index 25 1
1 25 -1
@next_view_id 26 1
1 26 13
@simp_rep_id 27 1
1 27 0
@name 28 10
1 28 SOCKET_DEPTH
@fit_outline 29 2
1 29 [2][3]
$4059,405518,C0811798624FA236
$408C2,4087BB,0
@det_info_ptr 30 0
1 30 NULL
@named_view_pzmatr 31 0
1 31 ->
2 23 [4][4]
$4001C290D38353F6,3*0
$0,4001C290D38353F6,2*0
$2*0,4001C290D38353F6,0
$C087472499A39D0C,C0833B4E981D28A6,0,3FF
@page_id 32 1
1 32 0
@model_name 33 10
1 33 NULL
@unrep_model_name 34 10
1 34 NULL
@saved_pro_dls 35 0
1 35 ->
@explode_state 36 0
1 36 NULL
#ModelView#13
@View 1 0
0 1 ->
@id 2 1
1 2 13
@viewattr 3 0
1 3 
@attr_arr 4 1
2 4 [4]
$1,3*0
@mpoint 5 0
1 5 
@id 6 1
2 6 0
@coord 7 2
2 7 [3]
$400C,400374C6E692AD6B,C011BA63734956B6
@first_instr_ptr 8 0
2 8 NULL
@attach_ptr 9 0
2 9 NULL
@vpoint 10 0
1 10 
2 6 0
2 7 [3]
$407F4,407A5E,0
2 8 NULL
2 9 NULL
@orient 11 2
1 11 [4][4]
$3FE7786F3481621,BFD1692A1593DFBD,3FE3EF09D879C7CD,0
$BFC4B29B46245C76,3FEA3FC56ED038BF,3FE18E4FC518DA5E,0
$BFE52097CE6AB843,BFE0198625264AAC,3FE1D8434BE78C68,0
$3*0,3FF
@local_sys 12 2
1 12 [4][4]
$403739E7631AF3E7,C0213AC732A4D4FE,4033B9EE34A5746F,0
$C0147B7698C5E39F,4039F9D674337E72,40315F89EA39E46E,0
$C034E84E19B9AD9B,C02FDD42F5C14A2B,4031A8B86B327272,0
$407527FDD801F9C2,4073E3DC00E907DE,C09D893F85BD1479,3FF
@world_matrix_ptr 13 0
1 13 ->
@world_matrix 14 2
2 14 [4][4]
$403739E7631AF3E7,C0213AC732A4D4FE,4033B9EE34A5746F,0
$C0147B7698C5E39F,4039F9D674337E72,40315F89EA39E46E,0
$C034E84E19B9AD9B,C02FDD42F5C14A2B,4031A8B86B327272,0
$407527FDD801F9C2,4073E3DC00E907DE,C04083AB18E2CF3E,3FF
@first_instr_ptr 15 0
1 15 ->
@type 16 1
2 16 100
@geom_id 17 1
2 17 -1
@view_id 18 1
2 18 -1
@memb_num 19 1
2 19 0
@offset 20 2
2 20 0
@matrix 21 0
2 21 NULL
@next_instr_ptr 22 0
1 22 ->
2 16 301
2 17 -1
2 18 -1
2 19 0
2 20 403FAABEAC5086F8
2 21 NULL
1 22 ->
2 16 125
2 17 -1
2 18 -1
2 19 0
2 20 0
2 21 ->
@matrix 23 2
3 23 [4][4]
$3FD3872AF06DA225,BFE0C55313049A32,3FE971B39F350072,0
$3FD9428AA978819,3FEA8AE65E2DD5A,3FD94BD9B13563DE,0
$BFEBBBC8305C9812,3FC8BB96FEA8D4CE,3FDD6F9EEF7DEDE4,0
$3*0,3FF
1 22 ->
2 16 201
2 17 28
2 18 -1
2 19 1
@memb_id_tab 24 1
2 24 [1]
3 24 2
2 20 0
2 21 NULL
1 22 ->
2 16 202
2 17 19
2 18 -1
2 19 1
2 24 [1]
3 24 2
2 20 0
2 21 NULL
1 22 ->
2 16 125
2 17 -1
2 18 -1
2 19 0
2 20 0
2 21 ->
3 23 [4][4]
$3FE52097CE6AB843,3FE0198625264AAC,BFE1D8434BE78C68,0
$BFC4B29B46245C76,3FEA3FC56ED038BF,3FE18E4FC518DA5E,0
$3FE7786F3481621,BFD1692A1593DFBD,3FE3EF09D879C7CD,0
$3*0,3FF
1 22 NULL
@outer_xsec_index 25 1
1 25 -1
@next_view_id 26 1
1 26 14
@simp_rep_id 27 1
1 27 0
@name 28 10
1 28 CENTER
@fit_outline 29 2
1 29 [2][3]
$4059,405518,C08A33FCA911DB7C
$408C2,4087BB,0
@det_info_ptr 30 0
1 30 NULL
@named_view_pzmatr 31 0
1 31 ->
2 23 [4][4]
$3FFF1120FE79729C,3*0
$0,3FFF1120FE79729C,2*0
$2*0,3FFF1120FE79729C,0
$C07C94A6BF3AED1,C07B9E250FFB944D,0,3FF
@page_id 32 1
1 32 0
@model_name 33 10
1 33 NULL
@unrep_model_name 34 10
1 34 NULL
@saved_pro_dls 35 0
1 35 ->
@explode_state 36 0
1 36 NULL
#ModelView#14
@View 1 0
0 1 ->
@id 2 1
1 2 14
@viewattr 3 0
1 3 
@attr_arr 4 1
2 4 [4]
$1,3*0
@mpoint 5 0
1 5 
@id 6 1
2 6 0
@coord 7 2
2 7 [3]
$400C,400374C6E692AD6B,C011BA63734956B6
@first_instr_ptr 8 0
2 8 NULL
@attach_ptr 9 0
2 9 NULL
@vpoint 10 0
1 10 
2 6 0
2 7 [3]
$407F4,407A5E,0
2 8 NULL
2 9 NULL
@orient 11 2
1 11 [4][4]
$3FEA548593D8E6AB,BFA2F20905A2BBB9,3FE225AE1D74D661,0
$BF9A67910831041F,3FEFD248E17B88EC,3FBA3036DD88A5E1,0
$BFE22AC3AD8CA82D,BFB94AAEB5578FD4,3FEA27170F6943EF,0
$3*0,3FF
@local_sys 12 2
1 12 [4][4]
$403A0E5F507D3DER,BFF2BF8F707DC554,4031F554FAF7ADE3,0
$BFEA213807873EDC,403F7D815988A363,4009EA71556017E3,0
$C031FA5CFF67A7EA,C009074CB36E99AR,4039E169D65CB084,0
$4074B1C50CCF4219,4074F868074A31E4,C09C5540832FC73B,3FF
@world_matrix_ptr 13 0
1 13 ->
@world_matrix 14 2
2 14 [4][4]
$403A0E5F507D3DER,BFF2BF8F707DC554,4031F554FAF7ADE3,0
$BFEA213807873EDC,403F7D815988A363,4009EA71556017E3,0
$C031FA5CFF67A7EA,C009074CB36E99AR,4039E169D65CB084,0
$4074B1C50CCF4219,4074F868074A31E4,4045FC3538C6D8R,3FF
@first_instr_ptr 15 0
1 15 ->
@type 16 1
2 16 100
@geom_id 17 1
2 17 -1
@view_id 18 1
2 18 -1
@memb_num 19 1
2 19 0
@offset 20 2
2 20 0
@matrix 21 0
2 21 NULL
@next_instr_ptr 22 0
1 22 ->
2 16 301
2 17 -1
2 18 -1
2 19 0
2 20 403FAABEAC5086F8
2 21 NULL
1 22 ->
2 16 125
2 17 -1
2 18 -1
2 19 0
2 20 0
2 21 ->
@matrix 23 2
3 23 [4][4]
$3FEEAC281DAEB5F4,BFD233041C42B795,BF941D1040CD528F,0
$3FCA84262DC0A896,3FE7C0DAF199D609,BFE4645B68AE9B36,0
$3FC90FAF6BFBF36C,3FE36A7553A4F8B2,3FE8A72B123D96D2,0
$3*0,3FF
1 22 ->
2 16 201
2 17 30
2 18 -1
2 19 1
@memb_id_tab 24 1
2 24 [1]
3 24 2
2 20 0
2 21 NULL
1 22 ->
2 16 202
2 17 19
2 18 -1
2 19 1
2 24 [1]
3 24 2
2 20 0
2 21 NULL
1 22 ->
2 16 125
2 17 -1
2 18 -1
2 19 0
2 20 0
2 21 ->
3 23 [4][4]
$3FEA548593D8E6AB,BFA2F20905A2BBB9,3FE225AE1D74D661,0
$BF9A67910831041F,3FEFD248E17B88EC,3FBA3036DD88A5E1,0
$BFE22AC3AD8CA82D,BFB94AAEB5578FD4,3FEA27170F6943EF,0
$3*0,3FF
1 22 NULL
@outer_xsec_index 25 1
1 25 -1
@next_view_id 26 1
1 26 16
@simp_rep_id 27 1
1 27 0
@name 28 10
1 28 WEB_INITIAL
@fit_outline 29 2
1 29 [2][3]
$4059,405518,C08CECAAA18C4624
$408C2,4087BB,0
@det_info_ptr 30 0
1 30 NULL
@named_view_pzmatr 31 0
1 31 ->
2 23 [4][4]
$4011325EFB7EA9D9,3*0
$0,4011325EFB7EA9D9,2*0
$2*0,4011325EFB7EA9D9,0
$C0A6394454B626,C095868D3B124A04,0,3FF
@page_id 32 1
1 32 0
@model_name 33 10
1 33 NULL
@unrep_model_name 34 10
1 34 NULL
@saved_pro_dls 35 0
1 35 ->
@explode_state 36 0
1 36 NULL
#ModelView#16
@View 1 0
0 1 ->
@id 2 1
1 2 16
@viewattr 3 0
1 3 
@attr_arr 4 1
2 4 [4]
$1,3*0
@mpoint 5 0
1 5 
@id 6 1
2 6 0
@coord 7 2
2 7 [3]
$400C,400374C6E692AD6B,C011BA63734956B6
@first_instr_ptr 8 0
2 8 NULL
@attach_ptr 9 0
2 9 NULL
@vpoint 10 0
1 10 
2 6 0
2 7 [3]
$407F4,407A5E,0
2 8 NULL
2 9 NULL
@orient 11 2
1 11 [4][4]
$3FED7954E7DBA2F8,0,3FD8EC3AE92B676B,0
$BFD385CE5246572,3FE3E43A9692E21C,3FE7167619F550A2,0
$BFCEFC077F3F36A6,BFE91103985DA841,3FE25240DD3851BF,0
$3*0,3FF
@local_sys 12 2
1 12 [4][4]
$403D2ACE72CAF95D,0,4028A9D48BAAFF8E,0
$C02351CB0B62986D,4033AF3BBF56DEC6,4036D8F34E3F9BCE,0
$C01EA97ACA5E6159,C038CE3B3AB40CCE,40322170F9EF236F,0
$407836F0C765F83C,407081021980CD94,C09D4E9E33B778A7,3FF
@world_matrix_ptr 13 0
1 13 ->
@world_matrix 14 2
2 14 [4][4]
$403D2ACE72CAF95D,0,4028A9D48BAAFF8E,0
$C02351CB0B62986D,4033AF3BBF56DEC6,4036D8F34E3F9BCE,0
$C01EA97ACA5E6159,C038CE3B3AB40CCE,40322170F9EF236F,0
$407836F0C765F83C,407081021980CD94,C0325F01B05EAA1,3FF
@first_instr_ptr 15 0
1 15 ->
@type 16 1
2 16 100
@geom_id 17 1
2 17 -1
@view_id 18 1
2 18 -1
@memb_num 19 1
2 19 0
@offset 20 2
2 20 0
@matrix 21 0
2 21 NULL
@next_instr_ptr 22 0
1 22 ->
2 16 301
2 17 -1
2 18 -1
2 19 0
2 20 403FAABEAC5086F8
2 21 NULL
1 22 NULL
@outer_xsec_index 23 1
1 23 -1
@next_view_id 24 1
1 24 -2
@simp_rep_id 25 1
1 25 0
@name 26 10
1 26 ISO1
@fit_outline 27 2
1 27 [2][3]
$4059,405518,C0876E714AD8BDC8
$408C2,4087BB,0
@det_info_ptr 28 0
1 28 NULL
@named_view_pzmatr 29 0
1 29 ->
@matrix 30 2
2 30 [4][4]
$3FF,3*0
$0,3FF,2*0
$2*0,3FF,0
$3*0,3FF
@page_id 31 1
1 31 0
@model_name 32 10
1 32 NULL
@unrep_model_name 33 10
1 33 NULL
@saved_pro_dls 34 0
1 34 ->
@explode_state 35 0
1 35 NULL
#DispDataColor
@ref_color_table 1 0
0 1 
@ref_color_arr 2 0
1 2 [4]
2 2 
@maximum 3 2
3 3 [3]
$3*3FF
@ambient 4 2
3 4 3FECR
@diffuse 5 2
3 5 3FECR
@specular 6 2
3 6 3FE9R
@spec_coef 7 2
3 7 3FE
@transmission 8 2
3 8 0
@threshold 9 1
3 9 90
@gl_ind 10 1
3 10 0
@highlight 11 2
3 11 [3]
$3*3FF
@reflection 12 2
3 12 3FD
@bump_height 13 2
3 13 3FE
@bump 14 3
3 14 NULL
@decal_intensity 15 2
3 15 3FF
@decal 16 3
3 16 NULL
@texture 17 3
3 17 NULL
2 2 
3 3 [3]
$0,3FF,0
3 4 3FECR
3 5 3FECR
3 6 3FE9R
3 7 3FE
3 8 0
3 9 90
3 10 2
3 11 [3]
$3*3FF
3 12 3FD
3 13 3FE
3 14 NULL
3 15 3FF
3 16 NULL
3 17 NULL
2 2 
3 3 [3]
$3FF,3FEDC28F5C28F5C3,0
3 4 3FECR
3 5 3FECR
3 6 3FE9R
3 7 3FE
3 8 0
3 9 90
3 10 6
3 11 [3]
$3*3FF
3 12 3FECR
3 13 3FF
3 14 NULL
3 15 4059
3 16 NULL
3 17 NULL
2 2 
3 3 [3]
$3FEF0A3D70A3D70A,3FBEB851EB851EB8,3FBC28F5C28F5C29
3 4 3FECR
3 5 3FECR
3 6 3FE9R
3 7 3FE
3 8 0
3 9 90
3 10 7
3 11 [3]
$3*3FF
3 12 3FECR
3 13 3FF
3 14 NULL
3 15 4059
3 16 NULL
3 17 NULL
#DispDataTable
@disp_data_table 1 0
0 1 
@disp_data_arr 2 0
1 2 [1]
2 2 
@disp_data 3 0
3 3 ->
@wire 4 0
4 4 
@disp_list_version 5 1
5 5 66
@visibility 6 1
5 6 16
@status_mask 7 1
5 7 3
@creation_scale 8 2
5 8 0
@view_matrix 9 2
5 9 [4][4]
$3FF,3*0
$0,3FF,2*0
$2*0,3FF,0
$3*0,3FF
@outline 10 2
5 10 [2][3]
$3*41CDCD64FR
$3*C1CDCD64FR
@dl_block_mem_size 11 0
5 11 
@dl_block_mem_size 12 1
6 12 32768
@list 13 0
5 13 NULL
@token_contents 14 5
5 14 0
@render_attribs 15 5
5 15 0
@part_color 16 1
4 16 -1
@color_prop_ptr 17 0
4 17 ->
@color_refs 18 0
5 18 [2]
6 18 
@ref_color 19 0
7 19 ->
@maximum 20 2
8 20 [3]
$3*3FF
@ambient 21 2
8 21 3FECR
@diffuse 22 2
8 22 3FECR
@specular 23 2
8 23 3FE9R
@spec_coef 24 2
8 24 3FE
@transmission 25 2
8 25 0
@threshold 26 1
8 26 90
@gl_ind 27 1
8 27 0
@highlight 28 2
8 28 [3]
$3*3FF
@reflection 29 2
8 29 3FD
@bump_height 30 2
8 30 3FE
@bump 31 3
8 31 NULL
@decal_intensity 32 2
8 32 3FF
@decal 33 3
8 33 NULL
@texture 34 3
8 34 NULL
6 18 
7 19 ->
8 20 [3]
$0,3FF,0
8 21 3FECR
8 22 3FECR
8 23 3FE9R
8 24 3FE
8 25 0
8 26 90
8 27 2
8 28 [3]
$3*3FF
8 29 3FD
8 30 3FE
8 31 NULL
8 32 3FF
8 33 NULL
8 34 NULL
@surf_ind_tab 35 0
5 35 [2]
6 35 
@surf_id 36 1
7 36 1
@surf_color_inds 37 1
7 37 [2]
$0,-1
@surf_pl 38 0
7 38 [2]
8 38 
@placement_ptr 39 0
9 39 NULL
8 38 
9 39 NULL
6 35 
7 36 2
7 37 [2]
$1,-1
7 38 [2]
8 38 
9 39 NULL
8 38 
9 39 NULL
@model_type 40 1
4 40 1
@flags 41 1
4 41 0
@generic_name 42 10
4 42 NULL
@label 43 10
4 43 NULL
@components 44 0
4 44 
@comp_arr 45 0
5 45 [2]
6 45 
@comp 46 0
7 46 ->
@id 47 1
8 47 1
@type 48 1
8 48 -1
@memb2model 49 2
8 49 [4][3]
$3FF,2*0
$0,3FF,0
$2*0,3FF
$3*0
@solid_dd 50 0
8 50 ->
9 16 2
9 40 2
9 41 2
@model_name 51 10
9 51 holemaking
9 42 NULL
9 43 NULL
6 45 
7 46 ->
8 47 2
8 48 -1
8 49 [4][3]
$3FF,2*0
$0,3FF,0
$2*0,3FF
$3*0
8 50 ->
9 16 -1
9 40 2
9 41 2
9 51 hole_work
9 42 NULL
9 43 NULL
#AssMrgPrt
@assem_merge_parts 1 0
0 1 ->
#END_OF_UGC
