#UGC:2 ASSEMBLY 982 420 -1 1 1 15 1900 9733 00000aae \
#- VERS 0 0                                                          \
#- HOST                                                              \
#- LINK                                                              \
#- DBID                                                              \
#- REVS 0,                                                           \
#- RELL 0,                                                           \
#- UOBJ_ID 870182220 336864726 -2139526928                           \
#- MACH SGI_IRIX64_6.4_02121744                                      \
#-END_OF_UGC_HEADER
#P_OBJECT 6
@P_object 1 0
0 1 ->
@depend 2 0
1 2 [3]
2 2 
@model_name 3 10
3 3 MILL_TOOTH_CONE
@model_type 4 1
3 4 37
@revnum 5 1
3 5 85
@bom_count 6 1
3 6 1
@dep_type 7 1
3 7 64
@stamp 8 0
3 8 
@major_vers 9 0
4 9 
@vers 10 1
5 10 0
@alias_name 11 10
5 11 
@minor_vers 12 0
4 12 
@vers 13 1
5 13 0
@reason 14 10
3 14 
2 2 
3 3 MILL_TOOTH_CONE
3 4 2
3 5 8528
3 6 1
3 7 4194314
3 8 
4 9 
5 10 0
5 11 
4 12 
5 13 0
3 14 
@comp_ids 15 1
3 15 [1]
4 15 1
2 2 
3 3 CONE_CASTING
3 4 2
3 5 67465
3 6 1
3 7 10
3 8 
4 9 
5 10 0
5 11 
4 12 
5 13 0
3 14 
3 15 [1]
4 15 4
@dep_db 16 0
1 16 ->
@dep_db 17 0
2 17 [6]
3 17 ->
@to_model_id 18 1
4 18 0
@dep_type 19 1
4 19 2
@obj_id 20 1
4 20 1
@obj_type 21 1
4 21 3
3 17 ->
4 18 1
4 19 2
4 20 4
4 21 3
3 17 ->
4 18 2
4 19 2
4 20 6
4 21 3
3 17 ->
4 18 -3
4 19 4
4 20 0
4 21 242
3 17 ->
4 18 0
4 19 4
4 20 1
4 21 242
3 17 ->
4 18 1
4 19 4
4 20 2
4 21 242
@model_db 22 0
2 22 [3]
3 22 ->
@model_t_type 23 1
4 23 2
@model_name 24 10
4 24 MILL_TOOTH_CONE
@generic_name 25 10
4 25 
@stamp 26 0
4 26 
3 22 ->
4 23 2
4 24 CONE_CASTING
4 25 
4 26 
3 22 ->
4 23 2
4 24 MILL_TOOTH_CONE#SC8084
4 25 MILL_TOOTH_CONE
4 26 
@usr_rev 27 0
1 27 [3]
2 27 
@name 28 10
3 28 USER
@mod_time 29 0
3 29 
@tm_sec 30 1
4 30 3
@tm_min 31 1
4 31 46
@tm_hour 32 1
4 32 17
@tm_mday 33 1
4 33 28
@tm_mon 34 1
4 34 6
@tm_year 35 1
4 35 97
@action 36 1
3 36 1000
@comment 37 10
3 37 Hostname: 'burn'
@rel_level 38 10
3 38 
@rev_string 39 10
3 39 
2 27 
3 28 USER
3 29 
4 30 48
4 31 45
4 32 14
4 33 30
4 34 6
4 35 97
3 36 1000
3 37 Hostname: 'gascar'
3 38 
3 39 
2 27 
3 28 USER
3 29 
4 30 52
4 31 48
4 32 12
4 33 13
4 34 9
4 35 97
3 36 1000
3 37 Hostname: 'platypus'
3 38 
3 39 
@revnum_std 40 1
1 40 95
@flag 41 1
1 41 0
@name 42 10
1 42 NULL
@inst_hidden 43 1
1 43 0
@old_name 44 10
1 44 NULL
@appl_data 45 0
1 45 ->
@bounding_box 46 2
2 46 [2][3]
$BFF23145C3A37FDE,C0183149C7703983,C017F1D87E969BC2
$4018F33F2624D53E,4008,40061D9F73C75E
@ver_key 47 0
1 47 ->
@time 48 1
2 48 876746104
@random_num 49 1
2 49 188847343
@hostid 50 1
2 50 1762303632
@last_read 51 1
1 51 -1
#END_OF_P_OBJECT
#Pro/ENGINEER  TM  Release 19.0 Beta  (c) 1988-97 by Parametric Technology Corporation  All Rights Reserved. 9733
@Toc 52 0
0 52 ->
@entry 53 10
1 53 [128]
2 53 BasicData 2b9c 54c 0 982########################################################
2 53 BasicText 30e8 359 0 982########################################################
2 53 GeomDepen 3441 1cf 0 982########################################################
2 53 DispCntrl 3610 1b0 0 982########################################################
2 53 DisplData 37c0 38 0 982#########################################################
2 53 LargeText 37f8 36a 0 982########################################################
2 53 FamilyInf 3b62 40 0 982#########################################################
2 53 VisibGeom 3ba2 39 0 982#########################################################
2 53 NovisGeom 3bdb 56 0 982#########################################################
2 53 ActEntity 3c31 24 0 982#########################################################
2 53 AllFeatur 3c55 1793 0 982#######################################################
2 53 FullMData 53e8 6f0 0 982########################################################
2 53 ModelView#0 5ad8 10e4 0 982#####################################################
2 53 ModelView#7 6bbc 680 0 982######################################################
2 53 ModelView#8 723c 8a3 0 982######################################################
2 53 ModelView#9 7adf 874 0 982######################################################
2 53 ModelView#13 8353 95b 0 982#####################################################
2 53 ModelView#14 8cae 967 0 982#####################################################
2 53 DispDataColor 9615 257 0 982####################################################
2 53 DispDataTable 986c 75f 0 982####################################################
2 53 AssMrgPrt 9fcb 29 0 982#########################################################
2 53 ################################################################################
2 53 ################################################################################
2 53 ################################################################################
2 53 ################################################################################
2 53 ################################################################################
2 53 ################################################################################
2 53 ################################################################################
2 53 ################################################################################
2 53 ################################################################################
2 53 ################################################################################
2 53 ################################################################################
2 53 ################################################################################
2 53 ################################################################################
2 53 ################################################################################
2 53 ################################################################################
2 53 ################################################################################
2 53 ################################################################################
2 53 ################################################################################
2 53 ################################################################################
2 53 ################################################################################
2 53 ################################################################################
2 53 ################################################################################
2 53 ################################################################################
2 53 ################################################################################
2 53 ################################################################################
2 53 ################################################################################
2 53 ################################################################################
2 53 ################################################################################
2 53 ################################################################################
2 53 ################################################################################
2 53 ################################################################################
2 53 ################################################################################
2 53 ################################################################################
2 53 ################################################################################
2 53 ################################################################################
2 53 ################################################################################
2 53 ################################################################################
2 53 ################################################################################
2 53 ################################################################################
2 53 ################################################################################
2 53 ################################################################################
2 53 ################################################################################
2 53 ################################################################################
2 53 ################################################################################
2 53 ################################################################################
2 53 ################################################################################
2 53 ################################################################################
2 53 ################################################################################
2 53 ################################################################################
2 53 ################################################################################
2 53 ################################################################################
2 53 ################################################################################
2 53 ################################################################################
2 53 ################################################################################
2 53 ################################################################################
2 53 ################################################################################
2 53 ################################################################################
2 53 ################################################################################
2 53 ################################################################################
2 53 ################################################################################
2 53 ################################################################################
2 53 ################################################################################
2 53 ################################################################################
2 53 ################################################################################
2 53 ################################################################################
2 53 ################################################################################
2 53 ################################################################################
2 53 ################################################################################
2 53 ################################################################################
2 53 ################################################################################
2 53 ################################################################################
2 53 ################################################################################
2 53 ################################################################################
2 53 ################################################################################
2 53 ################################################################################
2 53 ################################################################################
2 53 ################################################################################
2 53 ################################################################################
2 53 ################################################################################
2 53 ################################################################################
2 53 ################################################################################
2 53 ################################################################################
2 53 ################################################################################
2 53 ################################################################################
2 53 ################################################################################
2 53 ################################################################################
2 53 ################################################################################
2 53 ################################################################################
2 53 ################################################################################
2 53 ################################################################################
2 53 ################################################################################
2 53 ################################################################################
2 53 ################################################################################
2 53 ################################################################################
2 53 ################################################################################
2 53 ################################################################################
2 53 ################################################################################
2 53 ################################################################################
2 53 ################################################################################
2 53 ################################################################################
2 53 ################################################################################
2 53 ################################################################################
2 53 ################################################################################
2 53 ################################################################################
2 53 ################################################################################
2 53 ################################################################################
2 53 ################################################################################
#BasicData
@Sld_BasicData 1 0
0 1 ->
@tab_key 2 1
1 2 0
@tab_key_struct 3 0
1 3 ->
@type 4 4
2 4 H
@tab_key_ptr 5 0
2 5 [15]
@cmprs_tabkey 6 0
2 6 NULL
@type 7 1
1 7 1
@revnum_ptr 8 0
1 8 ->
@geom_revnum 9 1
2 9 94
@cosm_revnum 10 1
2 10 6
@tol_default_ptr 11 0
1 11 ->
@type 12 1
2 12 10
@value 13 2
2 13 [7]
$0,3FB9R,3F847AE147AE147B,3F50624DD2F1A9FC,3F1A36E2EB1C432D,
$3EE4F8B588E368F1,3EB0C6F7A0B5ED8E
@ang_value 14 2
2 14 [7]
$0,6*3FE
@standard 15 1
2 15 0
@iso_tol_tbls_ptr 16 0
2 16 NULL
@datum_count 17 1
1 17 0
@axis_count 18 1
1 18 0
@insert_layer_id 19 1
1 19 -1
@layer_count 20 1
1 20 1
@rel_part_eps 21 2
1 21 3F53A92A30553261
@model_eps 22 2
1 22 0
@fixed_model_eps 23 1
1 23 0
@assembled_count 24 1
1 24 0
@part_type 25 1
1 25 2
@first_ent_id 26 1
1 26 513569
@first_view_id 27 1
1 27 0
@outline 28 2
1 28 [2][3]
$BFE570A3D70A3D7,C0065F9DA16D523C,C005C8891FECD17F
$400C4C29ACD8F281,4002,4002032C84935B91
@dim_num 29 1
1 29 0
@geom_lib_ptr 30 0
1 30 NULL
@attrib_array 31 1
1 31 [3]
$536871944,0,16
@max_part_size 32 2
1 32 0
@model_name 33 10
1 33 MILL_TOOTH_CONE
@disp_outl_info 34 0
1 34 
@disp_outline 35 2
2 35 [2][3]
$BFF23145C3A37FDE,C0183149C7703983,C017F1D87E969BC2
$4018F33F2624D53E,4008,40061D9F73C75E
@sel_outl_info 36 0
1 36 ->
@outline 37 2
2 37 [2][3]
$C,C0183149C7703983,C017F1D87E969BC2
$4018F33F2624D53E,4008,40061D9F73C75E
#BasicText
@Sld_BasicText 1 0
0 1 ->
@assem_mass_prop_ptr 2 0
1 2 NULL
@mass_prop_ptr 3 0
1 3 ->
@type 4 1
2 4 0
@density 5 2
2 5 0
@init_dens 6 5
2 6 0
@rel_density 7 2
2 7 0
@init_rel_dens 8 5
2 8 0
@aver_density 9 2
2 9 0
@vrevnum 10 1
2 10 -1
@volume 11 2
2 11 0
@cg 12 2
2 12 [3]
$3*0
@inertia 13 2
2 13 [3][3]
$3*0
$3*0
$3*0
@eps 14 2
2 14 0
@surfarea 15 2
2 15 0
@assign_mp_ptr 16 0
1 16 NULL
@mat_name_ptr 17 10
1 17 NULL
@unit_arr 18 0
1 18 [3]
2 18 
@type 19 1
3 19 1
@factor 20 2
3 20 3FF
@name 21 10
3 21 INCH
@unit_type 22 1
3 22 0
2 18 
3 19 2
3 20 3FF
3 21 POUND
3 22 1
2 18 
3 19 11
3 20 3FF
3 21 HOURS
3 22 2
@p_unit_info 23 0
1 23 ->
@custom_unit_arr 24 0
2 24 [6]
3 24 
3 24 
3 24 
3 24 
3 24 
3 24 
@principal_sys_units 25 10
2 25 Inch lbm Second (Pro/E Default)
@history_scale 26 2
2 26 [6][2]
$3FF,0
$3FF,0
$3FF,0
$3FF,0
$3FF,0
$3FF,0
#GeomDepen
@Sld_GeomDepend 1 0
0 1 ->
@frst_geom_ptr 2 1
1 2 0
@fem_data 3 0
1 3 ->
@fem_layer_id 4 1
2 4 -1
@fem_mesh_revnum 5 1
2 5 -1
@fem_constr_revnum 6 1
2 6 -1
@p_user_fem_data 7 0
2 7 ->
@user_shell_model_ptr 8 0
3 8 NULL
@p_partition_info 9 0
3 9 NULL
@mirr_geom_ids 10 1
3 10 [3]
$3*-1
@user_qlt_shl_model_arr 11 0
3 11 
@default_contact_type 12 1
3 12 4
@merged_solid_ref_data 13 1
3 13 0
@p_internal_fem_data 14 0
2 14 ->
@first_quilt_ptr 15 1
1 15 0
#DispCntrl
@Sld_DispCntrl 1 0
0 1 ->
@color_prop_ptr 2 0
1 2 NULL
@layer_array 3 0
1 3 [2]
2 3 ->
@id 4 1
3 4 11
@type 5 1
3 5 117
@user_id 6 1
3 6 0
@weird_wline_ptr 7 0
3 7 ->
@weird_wline 8 10
4 8 WP
@layer_objects 9 0
3 9 [1]
4 9 
@type 10 1
5 10 34
@ids 11 1
5 11 [1]
6 11 4
@lay_solid 12 0
5 12 NULL
@saved_operation 13 1
3 13 1
2 3 ->
3 4 12
3 5 117
3 6 0
3 7 ->
4 8 REF
3 9 [1]
4 9 
5 10 34
5 11 [1]
6 11 1
5 12 NULL
3 13 1
#DisplData
@Sld_DispData 1 0
0 1 ->
@disp_data 2 0
1 2 
#LargeText
@Sld_LargeText 1 0
0 1 ->
@names_table 2 0
1 2 [1]
2 2 ->
@id 3 1
3 3 5
@type 4 1
3 4 309
@name 5 10
3 5 TURN_STATE
@relpar_sets 6 0
1 6 [1]
2 6 
@id 7 1
3 7 -1
@type 8 1
3 8 1
@ext_ref_id 9 1
3 9 -1
@relatnum 10 1
3 10 2
@relation 11 10
3 11 [2]
4 11 d349:2=360/p3:1
4 11 d357:2=360/p2:1
@bak_relation 12 10
3 12 [2]
4 12 d349:2=360/p3:1
4 12 d357:2=360/p2:1
@cfg_states 13 0
1 13 ->
@sld_configs 14 0
2 14 [1]
3 14 ->
@id 15 1
4 15 5
@type 16 1
4 16 309
@state_type 17 1
4 17 1
@conf_data 18 0
4 18 ->
@comp_incr_arr 19 0
5 19 [1]
6 19 
@memb_id_tab 20 1
7 20 [1]
8 20 1
@status 21 1
7 21 4
@subst_id_tab 22 1
7 22 [1]
8 22 6
@simpl_rep 23 0
7 23 ->
@state_id 24 1
8 24 8084
@type 25 1
8 25 309
@state_name 26 10
8 26 TURN_STATE
@prs_step_id 27 1
8 27 -1
@expld_ref 28 0
8 28 NULL
@state_ft 29 0
5 29 NULL
@active_state 30 1
2 30 -1
@current_state 31 1
2 31 -1
#FamilyInf
@Sld_FamilyInfo 1 0
0 1 ->
@drv_tbl_ptr 2 0
1 2 NULL
#VisibGeom
@Sld_VisGeom 1 0
0 1 ->
@active_geom 2 0
1 2 
#NovisGeom
@Sld_NonVisGeom 1 0
0 1 ->
@inactive_geom 2 0
1 2 
@external_geom 3 0
1 3 
#ActEntity
@Sld_Entities 1 0
0 1 ->
#AllFeatur
@Sld_Features 1 0
0 1 ->
@first_feat_ptr 2 0
1 2 ->
@id 3 1
2 3 1
@indep_attributes 4 1
2 4 4097
@feat_type_ptr 5 0
2 5 ->
@table_id 6 1
3 6 -1
@type 7 1
3 7 1000
@feattype_key 8 10
3 8 NULL
@form 9 1
3 9 0
@attributes 10 1
3 10 [3]
$3*0
@placement 11 1
3 11 0
@intersection 12 1
3 12 -1
@internal_udf_type 13 1
3 13 -1
@param_choice_ptr 14 0
3 14 ->
@blend_choice 15 1
4 15 0
@depth_choice 16 1
4 16 0
@angle_choice 17 1
4 17 -1
@pat_choice 18 1
4 18 -1
@round_choice 19 1
4 19 -1
@subsec_choice 20 1
4 20 -1
@sweep_choice 21 1
4 21 0
@dome_choice 22 1
4 22 0
@draft_choice 23 1
4 23 0
@misc_choice 24 1
4 24 [2]
$32,0
@assoc_type 25 1
3 25 0
@symbol_key 26 1
2 26 -1
@sect_name 27 10
2 27 no_name
@model_type 28 1
2 28 1
@idtab_ptr 29 0
2 29 ->
@save_geoms 30 0
3 30 NULL
@cr_flags_xar 31 1
3 31 [31]
$3*-1,-2049,2*-1,-16777217,3*-1,-536870913,-1,-1126176897,-2,-2097185,
$-2097665,-1,-1073741843,-1,-1073741825,-257,-261121,-1,-32769,-1,-4194305,
$-1,-234881025,428157213,5901,0
@cvt_feat_dat 32 0
3 32 NULL
@feat_dates_ptr 33 0
3 33 ->
@creat_date 34 1
4 34 180034
@regen_date 35 1
4 35 190017
@group_info_ptr 36 0
2 36 NULL
@intrs_pairs_ptr 37 0
2 37 ->
@place_rec_ptr 38 0
2 38 ->
@local_sys 39 2
3 39 [4][3]
$3FF,2*0
$0,3FF,0
$2*0,3FF
$3*0
@own_ref_id 40 1
3 40 0
@orient 41 1
3 41 0
@trf_arr 42 0
3 42 [1]
4 42 
@type 43 1
5 43 19
@idx 44 1
5 44 0
@transf 45 2
5 45 [4][3]
$3FF,2*0
$0,3FF,0
$2*0,3FF
$3*0
@next_prop 46 0
2 46 NULL
@first_geom_id 47 1
2 47 -1
@cond_tbl_idx 48 1
2 48 -1
@comment 49 10
2 49 NULL
@merge_info_ptr 50 0
2 50 NULL
@dat_ptr(comp_data) 51 0
2 51 ->
@type 52 1
3 52 123
@model_ptr 53 0
3 53 
@object_type 54 1
4 54 2
@name 55 10
4 55 MILL_TOOTH_CONE
@simpl_rep 56 0
4 56 NULL
@placed_flag 57 1
3 57 1
@subst_asm_ref_id 58 1
3 58 -1
@instance 59 3
3 59 NULL
@stamp 60 0
3 60 
@major_vers 61 0
4 61 
@vers 62 1
5 62 0
@alias_name 63 10
5 63 
@minor_vers 64 0
4 64 
@vers 65 1
5 65 0
@dep_id 66 1
3 66 0
@interchange_info 67 0
3 67 NULL
@topology_increment 68 0
2 68 ->
@first_geom 69 1
3 69 0
@first_quilt 70 1
3 70 0
@outline 71 2
3 71 [2][3]
$3*0
$3*0
@max_part_size 72 2
3 72 0
@xform_increment 73 0
3 73 NULL
@roll_back_id 74 1
3 74 -1
@state_ind 75 1
2 75 -1
@alumni_info 76 0
2 76 NULL
@revnum 77 1
2 77 0
@rev_rec 78 0
2 78 ->
@revnums 79 0
3 79 [1]
4 79 ->
@owner_type 80 1
5 80 3
@owner_ind 81 1
5 81 -1
@ref_id 82 1
5 82 -1
@ref_revnum 83 1
5 83 -1
@num_plins 84 1
3 84 0
@expl_state_ref 85 0
2 85 NULL
@feat_outl_info 86 0
2 86 NULL
@next_feat_ptr 87 0
1 87 ->
2 3 4
2 4 4097
2 5 ->
3 6 -1
3 7 1000
3 8 NULL
3 9 0
3 10 [3]
$3*0
3 11 0
3 12 -1
3 13 -1
3 14 ->
4 15 0
4 16 0
4 17 -1
4 18 -1
4 19 -1
4 20 -1
4 21 0
4 22 0
4 23 0
4 24 [2]
$64,0
3 25 0
2 26 -1
2 27 no_name
2 28 1
2 29 ->
3 30 NULL
3 31 [31]
$3*-1,-2049,2*-1,-16777217,3*-1,-536870913,-1,-1126176897,-2,-2097185,
$-2097665,-1,-1073741843,-1,-1073741825,-257,-261121,-1,-32769,-1,-4194305,
$-1,-234881025,428157213,5901,0
3 32 NULL
3 33 ->
4 34 180034
4 35 190017
2 36 NULL
2 37 ->
2 38 ->
3 39 [4][3]
$3FF,2*0
$0,3FF,0
$2*0,3FF
$3*0
@place_instruction_ptrs 88 0
3 88 [2]
4 88 ->
@type 89 1
5 89 52
@offset 90 2
5 90 0
@dim_id 91 1
5 91 -1
@ref_id 92 1
5 92 0
@geometry1_id 93 1
5 93 -1
@geometry2_id 94 1
5 94 -1
@memb_num1 95 1
5 95 0
@memb_num2 96 1
5 96 0
@attr 97 1
5 97 0
@plin_info_arr 98 0
5 98 [1]
6 98 ->
@type 99 1
7 99 6
@data(plin_info_ui_step) 100 0
7 100 ->
@step_ids 101 1
8 101 [1]
9 101 -100
4 88 ->
5 89 5
5 90 0
5 91 0
5 92 1
5 93 7
5 94 8
5 95 1
5 96 1
@memb_id_tab1 102 1
5 102 [1]
6 102 4
@memb_id_tab2 103 1
5 103 [1]
6 103 4
5 97 512
5 98 [1]
6 98 ->
7 99 6
7 100 ->
8 101 [1]
9 101 -100
3 40 0
3 41 0
3 42 [1]
4 42 
5 43 19
5 44 0
5 45 [4][3]
$3FF,2*0
$0,3FF,0
$2*0,3FF
$3*0
2 46 NULL
2 47 -1
2 48 -1
2 49 NULL
2 50 NULL
2 51 ->
3 52 123
3 53 
4 54 2
4 55 CONE_CASTING
4 56 NULL
3 57 1
3 58 -1
3 59 NULL
3 60 
4 61 
5 62 0
5 63 
4 64 
5 65 0
3 66 1
3 67 NULL
2 68 ->
3 69 0
3 70 0
3 71 [2][3]
$0,2*C002
$4009E67E4C49AA7C,2*4002
3 72 0
3 73 NULL
3 74 -1
2 75 -1
2 76 NULL
2 77 0
2 78 ->
3 79 [3]
4 79 ->
5 80 3
5 81 -1
5 82 -1
5 83 -1
4 79 ->
5 80 1
5 81 -1
5 82 1
5 83 0
@memb_tab_revnums 104 1
5 104 [1]
6 104 0
4 79 ->
5 80 2
5 81 -1
5 82 1
5 83 2
5 104 [1]
6 104 0
3 84 2
2 85 NULL
2 86 NULL
1 87 ->
2 3 6
2 4 4097
2 5 ->
3 6 -1
3 7 1000
3 8 NULL
3 9 0
3 10 [3]
$3*0
3 11 0
3 12 -1
3 13 -1
3 14 ->
4 15 0
4 16 0
4 17 -1
4 18 -1
4 19 -1
4 20 -1
4 21 0
4 22 0
4 23 0
4 24 [2]
$8192,0
3 25 0
2 26 -1
2 27 no_name
2 28 1
2 29 ->
3 30 NULL
3 31 [31]
$3*-1,-2049,2*-1,-16777217,3*-1,-536870913,-1,-1126176897,-2,-2097185,
$-2097665,-1,-1073741843,-1,-1073741825,-257,-261121,-1,-32769,-1,-4194305,
$-1,-234881025,428157213,5901,0
3 32 NULL
3 33 ->
4 34 180034
4 35 190019
2 36 NULL
2 37 ->
2 38 ->
3 39 [4][3]
$3FF,2*0
$0,3FF,0
$2*0,3FF
$3*0
3 88 [1]
4 88 ->
5 89 4050
5 90 0
5 91 -1
5 92 0
5 93 2
5 94 -1
5 95 1
5 96 0
5 102 [1]
6 102 1
5 97 512
5 98 [1]
6 98 ->
7 99 6
7 100 ->
8 101 [1]
9 101 -100
3 40 0
3 41 0
3 42 [2]
4 42 
5 43 14
5 44 -1
5 45 [4][3]
$3FF,2*0
$0,3FF,0
$2*0,3FF
$3*0
4 42 
5 43 19
5 44 0
5 45 [4][3]
$3FF,2*0
$0,3FF,0
$2*0,3FF
$3*0
2 46 NULL
2 47 -1
2 48 -1
2 49 NULL
2 50 NULL
2 51 ->
3 52 123
3 53 
4 54 2
4 55 MILL_TOOTH_CONE
4 56 ->
@state_id 105 1
5 105 8084
@type 106 1
5 106 309
@state_name 107 10
5 107 TURN_STATE
@prs_step_id 108 1
5 108 -1
@expld_ref 109 0
5 109 NULL
3 57 0
3 58 -1
3 59 NULL
3 60 
4 61 
5 62 0
5 63 
4 64 
5 65 0
3 66 2
3 67 NULL
@parent_table 110 1
2 110 [1]
3 110 1
2 68 NULL
2 75 -1
2 76 ->
@replaced_by 111 1
3 111 0
@repl_lead_id 112 1
3 112 0
@repl_type 113 1
3 113 0
@group_name 114 10
3 114 
@moved_comp 115 0
3 115 ->
@id 116 1
4 116 6
@type 117 1
4 117 2
@mv_type 118 1
4 118 2
@depth_from_lca 119 1
4 119 1
@lca_restr_idx 120 1
4 120 0
@asm_ref_id 121 1
4 121 -1
2 77 0
2 78 ->
3 79 [1]
4 79 ->
5 80 3
5 81 -1
5 82 -1
5 83 -1
3 84 1
2 85 NULL
2 86 NULL
1 87 NULL
@layer_list 122 0
1 122 [3]
2 122 
@feat_id 123 1
3 123 1
@layer_id 124 1
3 124 0
@back_layer_id 125 1
3 125 0
2 122 
3 123 4
3 124 0
3 125 0
2 122 
3 123 6
3 124 0
3 125 0
#FullMData
@Sld_FullData 1 0
0 1 ->
@first_member_ptr 2 0
1 2 NULL
@alumni_members 3 0
1 3 NULL
@ref_part_table 4 0
1 4 [3]
2 4 ->
@name 5 10
3 5 MILL_TOOTH_CONE
@id 6 1
3 6 -1
@type 7 1
3 7 1
@revnum 8 1
3 8 -1
@dep_id 9 1
3 9 3
@attributes 10 1
3 10 0
@simpl_rep 11 0
3 11 NULL
2 4 ->
3 5 MILL_TOOTH_CONE
3 6 0
3 7 2
3 8 8480
3 9 4
3 10 0
3 11 NULL
2 4 ->
3 5 CONE_CASTING
3 6 1
3 7 2
3 8 15713
3 9 5
3 10 0
3 11 NULL
@first_xsec_ptr 12 0
1 12 NULL
@lang_ptr 13 0
1 13 ->
@interact_on 14 1
2 14 -1
@first_csys_ptr 15 0
1 15 NULL
@offset 16 2
1 16 [1]
2 16 400E4C6B77882AB7
@ipar_num 17 1
1 17 0
@smt_info_ptr 18 0
1 18 NULL
@cable_info_ptr 19 0
1 19 ->
@id 20 1
2 20 -1
@type 21 1
2 21 94
@ref_harness_id 22 1
2 22 -1
@cable_assem_id 23 1
2 23 -1
@work_subharn_id 24 1
2 24 -3253
@parent_ext_ref_id 25 1
2 25 -1
@p_frbn_info 26 0
2 26 NULL
@log_info_src_name 27 10
2 27 NULL
@log_info_src_type 28 1
2 28 0
@comp_info_ptr 29 0
1 29 NULL
@prt_misc_ptr 30 0
1 30 ->
@shrink_data_ptr 31 0
2 31 NULL
@expld_mv_info 32 0
1 32 ->
@act_expl_state 33 1
2 33 -1
@default_state 34 0
2 34 ->
@id 35 1
3 35 -1
@type 36 1
3 36 500
@state_type 37 1
3 37 0
@cur_stage_ind 38 1
3 38 -1
@stage_info 39 0
3 39 [1]
4 39 
@unexpl_subass_info 40 0
3 40 ->
@expld_comp_ref 41 0
3 41 ->
@comp_id 42 1
4 42 -1
@gen_info 43 0
3 43 
@font 44 1
4 44 5
@color 45 1
4 45 10
@state_info_ptr 46 0
1 46 NULL
@alumni_feats 47 0
1 47 NULL
@p_mdl_grid 48 0
1 48 NULL
@mdl_status_ptr 49 0
1 49 NULL
@appl_info_arr 50 0
1 50 [3]
2 50 
@id 51 1
3 51 -1
@type 52 1
3 52 2
@restr_comp_info 53 0
3 53 [1]
4 53 
@orig_id_tab 54 1
5 54 [1]
6 54 6
@new_id_tab 55 1
5 55 [1]
6 55 1
2 50 
3 51 -1
3 52 14
2 50 
3 51 -1
3 52 13
@ribbon_info_ptr 56 0
1 56 NULL
@p_xref_data 57 0
1 57 ->
@first_analysis_feat 58 0
1 58 NULL
#ModelView#0
@View 1 0
0 1 ->
@id 2 1
1 2 0
@viewattr 3 0
1 3 
@attr_arr 4 1
2 4 [4]
$1,3*0
@mpoint 5 0
1 5 
@id 6 1
2 6 0
@coord 7 2
2 7 [3]
$400466EDB53BF546,BFF862938EE07306,BFF9C6118965D984
@first_instr_ptr 8 0
2 8 NULL
@attach_ptr 9 0
2 9 NULL
@vpoint 10 0
1 10 
2 6 0
2 7 [3]
$407F4,407A5E,0
2 8 NULL
2 9 NULL
@orient 11 2
1 11 [4][4]
$BF8FDDBCB58EF3A,3FE88A1E739C255A,BFE48832389B39A5,0
$3FEE685C18D98BD2,BFC81B730E559EE2,BFCFC31BCE3E0F46,0
$BFD3E99771DEAFC1,BFE3A245E981E99C,BFE739826C4D8C9A,0
$3*0,3FF
@local_sys 12 2
1 12 [4][4]
$BFEEB3620420CDD2,4047A45CAA778201,C043C7F5DFAAC651,0
$404D4BA93C5E27D5,C02739BD70689A21,C02E99BA6DA461FB,0
$C0332F2811C6BEBR,C042EA7245C4DCD3,C046601038A042B3,0
$408186B93AC35C7F,406BD4C02B09981A,C09C0639148B4385,3FF
@world_matrix_ptr 13 0
1 13 ->
@world_matrix 14 2
2 14 [4][4]
$C02030A62EAAAA4F,404B9CD6EB14A8DB,403E973CB0156C5C,0
$402DAEF992514ADA,403FA43E41788162,C04A98F0FA276D86,0
$C04EAE6557C7D9BF,3FD7895066AA4EC9,C030E6DDBB6B4E4R,0
$407BFE99DE09D6E2,4073EF8BF28D868R,C082E4F1309B83FC,3FF
@first_instr_ptr 15 0
1 15 ->
@type 16 1
2 16 100
@geom_id 17 1
2 17 -1
@view_id 18 1
2 18 -1
@memb_num 19 1
2 19 0
@offset 20 2
2 20 0
@matrix 21 0
2 21 NULL
@next_instr_ptr 22 0
1 22 ->
2 16 115
2 17 1899
2 18 -1
2 19 1
@memb_id_tab 23 1
2 23 [1]
3 23 4
2 20 0
2 21 NULL
1 22 ->
2 16 125
2 17 -1
2 18 -1
2 19 0
2 20 0
2 21 ->
@matrix 24 2
3 24 [4][4]
$BFCDD8EA0C9AE9C1,BFDFD0F2F7C7D3B4,3FEABE853A6F5B01,0
$BFC04786184D80EA,3FEBC3DA602B64BR,3FDEC2755343E11A,0
$BFEED9BEB378511A,3F77AA917A18C9D8,BFD0FEBF18ADD168,0
$3*0,3FF
1 22 ->
2 16 301
2 17 -1
2 18 -1
2 19 0
2 20 404ED4648356DF7C
2 21 NULL
1 22 ->
2 16 125
2 17 -1
2 18 -1
2 19 0
2 20 0
2 21 ->
3 24 [4][4]
$3FE0C0A102DF3648,3FDCCDF870106997,3FE72670173A774R,0
$3FDD41015F8A981B,3FE22EB0212056DE,BFE5E57BBAC5BAFC,0
$BFE70243EB313C74,3FE60B7B43D81DCR,3FB77C03E9B19BE4,0
$3*0,3FF
1 22 NULL
@outer_xsec_index 25 1
1 25 -1
@next_view_id 26 1
1 26 7
@simp_rep_id 27 1
1 27 0
@name 28 10
1 28 no name
@fit_outline 29 2
1 29 [2][3]
$4059,405518,C089AE4F0A82AADA
$408C2,4087BB,0
@det_info_ptr 30 0
1 30 NULL
@named_view_pzmatr 31 0
1 31 NULL
@page_id 32 1
1 32 0
@model_name 33 10
1 33 NULL
@unrep_model_name 34 10
1 34 NULL
@saved_pro_dls 35 0
1 35 ->
@pro_dls 36 0
2 36 [10]
3 36 
@pro_dl_data 37 0
4 37 ->
@appl_type 38 1
5 38 1
@dl_type 39 1
5 39 5
@dl_id 40 1
5 40 0
@dl_hdr 41 0
5 41 
@disp_list_version 42 1
6 42 0
@visibility 43 1
6 43 33554440
@status_mask 44 1
6 44 3
@creation_scale 45 2
6 45 0
@view_matrix 46 2
6 46 [4][4]
$3FF,3*0
$0,3FF,2*0
$2*0,3FF,0
$3*0,3FF
@outline 47 2
6 47 [2][3]
$BFE570A3E,C002,C002032C8
$4009E67E6,4002,4002032C8
@dl_block_mem_size 48 0
6 48 
@dl_block_mem_size 49 1
7 49 32768
@list 50 0
6 50 NULL
@token_contents 51 5
6 51 21
@render_attribs 52 5
6 52 1
@wire_colors 53 1
6 53 [2]
$543581798,553648127
@children 54 0
6 54 [1]
7 54 
@dl_data 55 0
8 55 
9 37 ->
10 38 46
10 39 5
10 40 1
@o_data 56 0
6 56 
@disp_data 57 0
7 57 NULL
3 36 
4 37 ->
5 38 10
5 39 7
5 40 0
3 36 
4 37 ->
5 38 21
5 39 5
5 40 1
3 36 
4 37 ->
5 38 46
5 39 5
5 40 1
5 41 
6 42 0
6 43 16
6 44 19
6 45 0
6 46 [4][4]
$3FF,3*0
$0,3FF,2*0
$2*0,3FF,0
$3*0,3FF
6 47 [2][3]
$BFE570A3E,C002,C002032C8
$4009E67E6,4002,4002032C8
6 48 
7 49 1024
6 50 NULL
6 51 21
6 52 0
6 53 [2]
$543581798,553648127
6 54 [2]
7 54 
8 55 
9 37 ->
10 38 46
10 39 5
10 40 1
@key_list 58 1
10 58 [1]
11 58 1
7 54 
8 55 
9 37 ->
10 38 46
10 39 5
10 40 1
10 58 [1]
11 58 4
6 56 
7 57 ->
@model_type 59 1
8 59 1
@generic_name 60 10
8 60 NULL
3 36 
4 37 ->
5 38 46
5 39 5
5 40 1
5 58 [1]
6 58 1
5 41 
6 42 0
6 43 16
6 44 19
6 45 0
6 46 [4][4]
$3FF,3*0
$0,3FF,2*0
$2*0,3FF,0
$3*0,3FF
6 47 [2][3]
$0,2*C002
$4009E67E6,2*4002
6 48 
7 49 1024
6 50 NULL
6 51 5
6 52 0
6 53 [2]
$543581798,553648127
6 56 
7 57 ->
8 59 2
@model_name 61 10
8 61 MILL_TOOTH_CONE
8 60 NULL
3 36 
4 37 ->
5 38 46
5 39 5
5 40 1
5 58 [1]
6 58 4
5 41 
6 42 0
6 43 16
6 44 19
6 45 0
6 46 [4][4]
$3FF,3*0
$0,3FF,2*0
$2*0,3FF,0
$3*0,3FF
6 47 [2][3]
$BFE570A3E,C002,C002032C8
$4009E67E6,4002,4002032C8
6 48 
7 49 1024
6 50 NULL
6 51 5
6 52 0
6 53 [2]
$543581798,553648127
6 56 
7 57 ->
8 59 2
8 61 CONE_CASTING
8 60 NULL
3 36 
4 37 ->
5 38 47
5 39 7
5 40 0
3 36 
4 37 ->
5 38 48
5 39 8
5 40 0
3 36 
4 37 ->
5 38 49
5 39 7
5 40 0
3 36 
4 37 ->
5 38 64
5 39 7
5 40 0
@explode_state 62 0
1 62 NULL
#ModelView#7
@View 1 0
0 1 ->
@id 2 1
1 2 7
@viewattr 3 0
1 3 
@attr_arr 4 1
2 4 [4]
$1,3*0
@mpoint 5 0
1 5 
@id 6 1
2 6 0
@coord 7 2
2 7 [3]
$400466EDB53BF546,BFF862938EE07306,BFF9C6118965D984
@first_instr_ptr 8 0
2 8 NULL
@attach_ptr 9 0
2 9 NULL
@vpoint 10 0
1 10 
2 6 0
2 7 [3]
$407F4,407A5E,0
2 8 NULL
2 9 NULL
@orient 11 2
1 11 [4][4]
$3FF,3*0
$0,3FF,2*0
$2*0,3FF,0
$3*0,3FF
@local_sys 12 2
1 12 [4][4]
$404B0B9E7A251E54,3*0
$0,404B0B9E7A251E54,2*0
$2*0,404B0B9E7A251E54,0
$4076A0DF81A4AC7E,407F8501C9C4CAD4,C0974C55379B336C,3FF
@world_matrix_ptr 13 0
1 13 ->
@world_matrix 14 2
2 14 [4][4]
$404B0B9E7A251E54,3*0
$0,404B0B9E7A251E54,2*0
$2*0,404B0B9E7A251E54,0
$4076A0DF81A4AC7E,407F8501C9C4CAD4,4055C87A864CC93E,3FF
@first_instr_ptr 15 0
1 15 ->
@type 16 1
2 16 100
@geom_id 17 1
2 17 -1
@view_id 18 1
2 18 -1
@memb_num 19 1
2 19 0
@offset 20 2
2 20 0
@matrix 21 0
2 21 NULL
@next_instr_ptr 22 0
1 22 ->
2 16 301
2 17 -1
2 18 -1
2 19 0
2 20 404B0B9E7A251E54
2 21 NULL
1 22 ->
2 16 201
2 17 6
2 18 -1
2 19 1
@memb_id_tab 23 1
2 23 [1]
3 23 6
2 20 0
2 21 NULL
1 22 ->
2 16 202
2 17 4
2 18 -1
2 19 1
2 23 [1]
3 23 6
2 20 0
2 21 NULL
1 22 NULL
@outer_xsec_index 24 1
1 24 -1
@next_view_id 25 1
1 25 8
@simp_rep_id 26 1
1 26 0
@name 27 10
1 27 TURN
@fit_outline 28 2
1 28 [2][3]
$4059,405518,C07D954382544B4
$408C2,4087BB,0
@det_info_ptr 29 0
1 29 NULL
@named_view_pzmatr 30 0
1 30 ->
@matrix 31 2
2 31 [4][4]
$3FF89104376A9DD1,3*0
$0,3FF89104376A9DD1,2*0
$2*0,3FF89104376A9DD1,0
$C0710674B4B4B4B6,C06EE072D2D2D2D4,0,3FF
@page_id 32 1
1 32 0
@model_name 33 10
1 33 NULL
@unrep_model_name 34 10
1 34 NULL
@saved_pro_dls 35 0
1 35 ->
@explode_state 36 0
1 36 NULL
#ModelView#8
@View 1 0
0 1 ->
@id 2 1
1 2 8
@viewattr 3 0
1 3 
@attr_arr 4 1
2 4 [4]
$1,3*0
@mpoint 5 0
1 5 
@id 6 1
2 6 0
@coord 7 2
2 7 [3]
$400466EDB53BF546,BFF862938EE07306,BFF9C6118965D984
@first_instr_ptr 8 0
2 8 NULL
@attach_ptr 9 0
2 9 NULL
@vpoint 10 0
1 10 
2 6 0
2 7 [3]
$407F4,407A5E,0
2 8 NULL
2 9 NULL
@orient 11 2
1 11 [4][4]
$3FEDA9ECB34CBA1A,BFB895BD6D1F80E4,3FD734743CD5DF76,0
$BFB090CC257E9AF5,3FED28C05A584E37,3FDA08EFC93AD052,0
$BFD7A52756CA8758,BFD9A2C05AE726D4,3FEAD4DCC4201EA7,0
$3*0,3FF
@local_sys 12 2
1 12 [4][4]
$4049122508E153B3,C014C7450E5EC9,40339CAF06DA303D,0
$C00C00601FF5E1A7,4048A4F8B6DC7E87,403600FE53B702C,0
$C033FBEF107407B2,C035AAA1344242E2,4046AD5852CB367F,0
$4074E997A8985FAR,407DB57231D896C7,C097C68C2E0D0DD6,3FF
@world_matrix_ptr 13 0
1 13 ->
@world_matrix 14 2
2 14 [4][4]
$4049122508E153B3,C014C7450E5EC9,40339CAF06DA303D,0
$C00C00601FF5E1A7,4048A4F8B6DC7E87,403600FE53B702C,0
$C033FBEF107407B2,C035AAA1344242E2,4046AD5852CB367F,0
$4074E997A8985FAR,407DB57231D896C7,404C4A163E5E453E,3FF
@first_instr_ptr 15 0
1 15 ->
@type 16 1
2 16 100
@geom_id 17 1
2 17 -1
@view_id 18 1
2 18 -1
@memb_num 19 1
2 19 0
@offset 20 2
2 20 0
@matrix 21 0
2 21 NULL
@next_instr_ptr 22 0
1 22 ->
2 16 301
2 17 -1
2 18 -1
2 19 0
2 20 404B0B9E7A251E54
2 21 NULL
1 22 ->
2 16 201
2 17 6
2 18 -1
2 19 1
@memb_id_tab 23 1
2 23 [1]
3 23 6
2 20 0
2 21 NULL
1 22 ->
2 16 202
2 17 4
2 18 -1
2 19 1
2 23 [1]
3 23 6
2 20 0
2 21 NULL
1 22 ->
2 16 125
2 17 -1
2 18 -1
2 19 0
2 20 0
2 21 ->
@matrix 24 2
3 24 [4][4]
$3FEDA9ECB34CBA1A,BFB895BD6D1F80E4,3FD734743CD5DF76,0
$BFB090CC257E9AF5,3FED28C05A584E37,3FDA08EFC93AD052,0
$BFD7A52756CA8758,BFD9A2C05AE726D4,3FEAD4DCC4201EA7,0
$3*0,3FF
1 22 NULL
@outer_xsec_index 25 1
1 25 -1
@next_view_id 26 1
1 26 9
@simp_rep_id 27 1
1 27 0
@name 28 10
1 28 ISO
@fit_outline 29 2
1 29 [2][3]
$4059,405518,C08724D3C4B3775C
$408C2,4087BB,0
@det_info_ptr 30 0
1 30 NULL
@named_view_pzmatr 31 0
1 31 ->
2 24 [4][4]
$3FF6F04A1A03FBB3,3*0
$0,3FF6F04A1A03FBB3,2*0
$2*0,3FF6F04A1A03FBB3,0
$C06BA71A6E2EE9A8,C0695621F6090FFC,0,3FF
@page_id 32 1
1 32 0
@model_name 33 10
1 33 NULL
@unrep_model_name 34 10
1 34 NULL
@saved_pro_dls 35 0
1 35 ->
@explode_state 36 0
1 36 NULL
#ModelView#9
@View 1 0
0 1 ->
@id 2 1
1 2 9
@viewattr 3 0
1 3 
@attr_arr 4 1
2 4 [4]
$1,3*0
@mpoint 5 0
1 5 
@id 6 1
2 6 0
@coord 7 2
2 7 [3]
$400466EDB53BF546,BFF862938EE07306,BFF9C6118965D984
@first_instr_ptr 8 0
2 8 NULL
@attach_ptr 9 0
2 9 NULL
@vpoint 10 0
1 10 
2 6 0
2 7 [3]
$407F4,407A5E,0
2 8 NULL
2 9 NULL
@orient 11 2
1 11 [4][4]
$BFC04786184D80EA,3FEBC3DA602B64BR,3FDEC2755343E11A,0
$3FCDD8EA0C9AE9C1,3FDFD0F2F7C7D3B4,BFEABE853A6F5B01,0
$BFEED9BEB378511A,3F77AA917A18C9D8,BFD0FEBF18ADD168,0
$3*0,3FF
@local_sys 12 2
1 12 [4][4]
$C01F5E3562FB6A42,404ABFE576E560AF,403DA276E5457AR,0
$402CC1763AC12A62,403EA7100181EB0A,C049C41F1A9069DC,0
$C04DB8E63EB8DF4E,3FD6CCFCBC69423C,C0305FA03AFCA29C,0
$407BE27C37CB79C5,4074CBA8DD3AB74,C09EEE22FFBD350E,3FF
@world_matrix_ptr 13 0
1 13 ->
@world_matrix 14 2
2 14 [4][4]
$C01F5E3562FB6A42,404ABFE576E560AF,403DA276E5457AR,0
$402CC1763AC12A62,403EA7100181EB0A,C049C41F1A9069DC,0
$C04DB8E63EB8DF4E,3FD6CCFCBC69423C,C0305FA03AFCA29C,0
$407BE27C37CB79C5,4074CBA8DD3AB74,C0668FACFDE9A87,3FF
@first_instr_ptr 15 0
1 15 ->
@type 16 1
2 16 100
@geom_id 17 1
2 17 -1
@view_id 18 1
2 18 -1
@memb_num 19 1
2 19 0
@offset 20 2
2 20 0
@matrix 21 0
2 21 NULL
@next_instr_ptr 22 0
1 22 ->
2 16 115
2 17 1899
2 18 -1
2 19 1
@memb_id_tab 23 1
2 23 [1]
3 23 4
2 20 0
2 21 NULL
1 22 ->
2 16 125
2 17 -1
2 18 -1
2 19 0
2 20 0
2 21 ->
@matrix 24 2
3 24 [4][4]
$BFCDD8EA0C9AE9C1,BFDFD0F2F7C7D3B4,3FEABE853A6F5B01,0
$BFC04786184D80EA,3FEBC3DA602B64BR,3FDEC2755343E11A,0
$BFEED9BEB378511A,3F77AA917A18C9D8,BFD0FEBF18ADD168,0
$3*0,3FF
1 22 ->
2 16 301
2 17 -1
2 18 -1
2 19 0
2 20 404ED4648356DF7C
2 21 NULL
1 22 NULL
@outer_xsec_index 25 1
1 25 -1
@next_view_id 26 1
1 26 13
@simp_rep_id 27 1
1 27 0
@name 28 10
1 28 ROW1_MILL
@fit_outline 29 2
1 29 [2][3]
$4059,405518,C089E0BC4B44B79
$408C2,4087BB,0
@det_info_ptr 30 0
1 30 NULL
@named_view_pzmatr 31 0
1 31 ->
2 24 [4][4]
$3FFA4E89D0B2A3BD,3*0
$0,3FFA4E89D0B2A3BD,2*0
$2*0,3FFA4E89D0B2A3BD,0
$C06DA6B1B909D028,C04F9AABE0035358,3D4360DB8BC1A3A1,3FF
@page_id 32 1
1 32 0
@model_name 33 10
1 33 NULL
@unrep_model_name 34 10
1 34 NULL
@saved_pro_dls 35 0
1 35 ->
@explode_state 36 0
1 36 NULL
#ModelView#13
@View 1 0
0 1 ->
@id 2 1
1 2 13
@viewattr 3 0
1 3 
@attr_arr 4 1
2 4 [4]
$1,3*0
@mpoint 5 0
1 5 
@id 6 1
2 6 0
@coord 7 2
2 7 [3]
$400466EDB53BF546,BFF862938EE07306,BFF9C6118965D984
@first_instr_ptr 8 0
2 8 NULL
@attach_ptr 9 0
2 9 NULL
@vpoint 10 0
1 10 
2 6 0
2 7 [3]
$407F4,407A5E,0
2 8 NULL
2 9 NULL
@orient 11 2
1 11 [4][4]
$3F7A06BCC6E266A,3F267A7B80457,BFEFFFD5A2167854,0
$3FE8FB08DB0191A8,BFE3FFA6651D3B23,3F73E0F1814E69C,0
$BFE3FF8A2C0A5D56,BFE8FB287404C071,BF70D04EB82296A,0
$3*0,3FF
@local_sys 12 2
1 12 [4][4]
$3FD9130F5CFA064F,3F85A805D577459D,C04ED43BB218B1CB,0
$40481125DEFF8CB6,C04344687E2620FC,3FD326D319BBB2BD,0
$C043444D4D51ADR,C0481144502B7D82,BFD032E2A61CB94A,0
$407FE49C0450DAA3,4071D94A0370A81,C099A70202E6F4C1,3FF
@world_matrix_ptr 13 0
1 13 ->
@world_matrix 14 2
2 14 [4][4]
$3FD9130F5CFA064F,3F85A805D577459D,C04ED43BB218B1CB,0
$40481125DEFF8CB6,C04344687E2620FC,3FD326D319BBB2BD,0
$C043444D4D51ADR,C0481144502B7D82,BFD032E2A61CB94A,0
$407FE49C0450DAA3,4071D94A0370A81,4063A95AE8C859FA,3FF
@first_instr_ptr 15 0
1 15 ->
@type 16 1
2 16 100
@geom_id 17 1
2 17 -1
@view_id 18 1
2 18 -1
@memb_num 19 1
2 19 0
@offset 20 2
2 20 0
@matrix 21 0
2 21 NULL
@next_instr_ptr 22 0
1 22 ->
2 16 115
2 17 1899
2 18 -1
2 19 1
@memb_id_tab 23 1
2 23 [1]
3 23 4
2 20 0
2 21 NULL
1 22 ->
2 16 125
2 17 -1
2 18 -1
2 19 0
2 20 0
2 21 ->
@matrix 24 2
3 24 [4][4]
$BFCDD8EA0C9AE9C1,BFDFD0F2F7C7D3B4,3FEABE853A6F5B01,0
$BFC04786184D80EA,3FEBC3DA602B64BR,3FDEC2755343E11A,0
$BFEED9BEB378511A,3F77AA917A18C9D8,BFD0FEBF18ADD168,0
$3*0,3FF
1 22 ->
2 16 301
2 17 -1
2 18 -1
2 19 0
2 20 404ED4648356DF7C
2 21 NULL
1 22 ->
2 16 125
2 17 -1
2 18 -1
2 19 0
2 20 0
2 21 ->
3 24 [4][4]
$3FE9143C20702124,3FE36B748B7BCF2R,3FC0EE33549381F7,0
$3FD8F578D2432F63,BFD429B559E9716A,BFEBB023A3F972ER,0
$BFDEF061A1126E3C,3FE759AEB953068B,BFDEF2E511B2BC35,0
$3*0,3FF
1 22 NULL
@outer_xsec_index 25 1
1 25 -1
@next_view_id 26 1
1 26 14
@simp_rep_id 27 1
1 27 0
@name 28 10
1 28 op30
@fit_outline 29 2
1 29 [2][3]
$4059,405518,C07CB9FE072F9D1C
$408C2,4087BB,0
@det_info_ptr 30 0
1 30 NULL
@named_view_pzmatr 31 0
1 31 ->
2 24 [4][4]
$3FFA4E89D0B2A3BD,3*0
$0,3FFA4E89D0B2A3BD,2*0
$2*0,3FFA4E89D0B2A3BD,0
$C07111D0B0F1D7BD,C056D08C67D61698,3D4360DB8BC1A3A1,3FF
@page_id 32 1
1 32 0
@model_name 33 10
1 33 NULL
@unrep_model_name 34 10
1 34 NULL
@saved_pro_dls 35 0
1 35 ->
@explode_state 36 0
1 36 NULL
#ModelView#14
@View 1 0
0 1 ->
@id 2 1
1 2 14
@viewattr 3 0
1 3 
@attr_arr 4 1
2 4 [4]
$1,3*0
@mpoint 5 0
1 5 
@id 6 1
2 6 0
@coord 7 2
2 7 [3]
$400466EDB53BF546,BFF862938EE07306,BFF9C6118965D984
@first_instr_ptr 8 0
2 8 NULL
@attach_ptr 9 0
2 9 NULL
@vpoint 10 0
1 10 
2 6 0
2 7 [3]
$407F4,407A5E,0
2 8 NULL
2 9 NULL
@orient 11 2
1 11 [4][4]
$BF8FDDBCB58EF3A,3FE88A1E739C255A,BFE48832389B39A5,0
$3FEE685C18D98BD2,BFC81B730E559EE2,BFCFC31BCE3E0F46,0
$BFD3E99771DEAFC1,BFE3A245E981E99C,BFE739826C4D8C9A,0
$3*0,3FF
@local_sys 12 2
1 12 [4][4]
$BFEEB3620420CDD2,4047A45CAA778201,C043C7F5DFAAC651,0
$404D4BA93C5E27D5,C02739BD70689A21,C02E99BA6DA461FB,0
$C0332F2811C6BEBR,C042EA7245C4DCD3,C046601038A042B3,0
$408186B93AC35C7F,406BD4C02B09981A,C09C0639148B4385,3FF
@world_matrix_ptr 13 0
1 13 ->
@world_matrix 14 2
2 14 [4][4]
$BFEEB3620420CDD2,4047A45CAA778201,C043C7F5DFAAC651,0
$404D4BA93C5E27D5,C02739BD70689A21,C02E99BA6DA461FB,0
$C0332F2811C6BEBR,C042EA7245C4DCD3,C046601038A042B3,0
$408186B93AC35C7F,406BD4C02B09981A,4015F44B74BC7A9,3FF
@first_instr_ptr 15 0
1 15 ->
@type 16 1
2 16 100
@geom_id 17 1
2 17 -1
@view_id 18 1
2 18 -1
@memb_num 19 1
2 19 0
@offset 20 2
2 20 0
@matrix 21 0
2 21 NULL
@next_instr_ptr 22 0
1 22 ->
2 16 115
2 17 1899
2 18 -1
2 19 1
@memb_id_tab 23 1
2 23 [1]
3 23 4
2 20 0
2 21 NULL
1 22 ->
2 16 125
2 17 -1
2 18 -1
2 19 0
2 20 0
2 21 ->
@matrix 24 2
3 24 [4][4]
$BFCDD8EA0C9AE9C1,BFDFD0F2F7C7D3B4,3FEABE853A6F5B01,0
$BFC04786184D80EA,3FEBC3DA602B64BR,3FDEC2755343E11A,0
$BFEED9BEB378511A,3F77AA917A18C9D8,BFD0FEBF18ADD168,0
$3*0,3FF
1 22 ->
2 16 301
2 17 -1
2 18 -1
2 19 0
2 20 404ED4648356DF7C
2 21 NULL
1 22 ->
2 16 125
2 17 -1
2 18 -1
2 19 0
2 20 0
2 21 ->
3 24 [4][4]
$3FE0C0A102DF3648,3FDCCDF870106997,3FE72670173A774R,0
$3FDD41015F8A981B,3FE22EB0212056DE,BFE5E57BBAC5BAFC,0
$BFE70243EB313C74,3FE60B7B43D81DCR,3FB77C03E9B19BE4,0
$3*0,3FF
1 22 NULL
@outer_xsec_index 25 1
1 25 -1
@next_view_id 26 1
1 26 -2
@simp_rep_id 27 1
1 27 0
@name 28 10
1 28 RAD_MILL
@fit_outline 29 2
1 29 [2][3]
$4059,405518,C089AE4F0A82AADA
$408C2,4087BB,0
@det_info_ptr 30 0
1 30 NULL
@named_view_pzmatr 31 0
1 31 ->
2 24 [4][4]
$4000B7695C1E7379,3*0
$0,4000B7695C1E7379,2*0
$2*0,4000B7695C1E7379,0
$C0858DC386BA7C45,C064FE4D5B873A68,3D48A0ADD5DCA2C4,3FF
@page_id 32 1
1 32 0
@model_name 33 10
1 33 NULL
@unrep_model_name 34 10
1 34 NULL
@saved_pro_dls 35 0
1 35 ->
@explode_state 36 0
1 36 NULL
#DispDataColor
@ref_color_table 1 0
0 1 
@ref_color_arr 2 0
1 2 [2]
2 2 
@maximum 3 2
3 3 [3]
$3*3FF
@ambient 4 2
3 4 3FECR
@diffuse 5 2
3 5 3FECR
@specular 6 2
3 6 3FE9R
@spec_coef 7 2
3 7 3FE
@transmission 8 2
3 8 0
@threshold 9 1
3 9 90
@gl_ind 10 1
3 10 1
@highlight 11 2
3 11 [3]
$3*3FF
@reflection 12 2
3 12 3FECR
@bump_height 13 2
3 13 3FF
@bump 14 3
3 14 NULL
@decal_intensity 15 2
3 15 4059
@decal 16 3
3 16 NULL
@texture 17 3
3 17 NULL
2 2 
3 3 [3]
$0,3FF,0
3 4 3FECR
3 5 3FECR
3 6 3FE9R
3 7 3FE
3 8 0
3 9 90
3 10 2
3 11 [3]
$3*3FF
3 12 3FD
3 13 3FE
3 14 NULL
3 15 3FF
3 16 NULL
3 17 NULL
#DispDataTable
@disp_data_table 1 0
0 1 
@disp_data_arr 2 0
1 2 [1]
2 2 
@disp_data 3 0
3 3 ->
@wire 4 0
4 4 
@disp_list_version 5 1
5 5 94
@visibility 6 1
5 6 16
@status_mask 7 1
5 7 3
@creation_scale 8 2
5 8 0
@view_matrix 9 2
5 9 [4][4]
$3FF,3*0
$0,3FF,2*0
$2*0,3FF,0
$3*0,3FF
@outline 10 2
5 10 [2][3]
$3*41CDCD64FR
$3*C1CDCD64FR
@dl_block_mem_size 11 0
5 11 
@dl_block_mem_size 12 1
6 12 32768
@list 13 0
5 13 NULL
@token_contents 14 5
5 14 0
@render_attribs 15 5
5 15 0
@part_color 16 1
4 16 -1
@color_prop_ptr 17 0
4 17 ->
@color_refs 18 0
5 18 [2]
6 18 
@ref_color 19 0
7 19 ->
@maximum 20 2
8 20 [3]
$3*3FF
@ambient 21 2
8 21 3FECR
@diffuse 22 2
8 22 3FECR
@specular 23 2
8 23 3FE9R
@spec_coef 24 2
8 24 3FE
@transmission 25 2
8 25 0
@threshold 26 1
8 26 90
@gl_ind 27 1
8 27 1
@highlight 28 2
8 28 [3]
$3*3FF
@reflection 29 2
8 29 3FECR
@bump_height 30 2
8 30 3FF
@bump 31 3
8 31 NULL
@decal_intensity 32 2
8 32 4059
@decal 33 3
8 33 NULL
@texture 34 3
8 34 NULL
6 18 
7 19 ->
8 20 [3]
$0,3FF,0
8 21 3FECR
8 22 3FECR
8 23 3FE9R
8 24 3FE
8 25 0
8 26 90
8 27 2
8 28 [3]
$3*3FF
8 29 3FD
8 30 3FE
8 31 NULL
8 32 3FF
8 33 NULL
8 34 NULL
@surf_ind_tab 35 0
5 35 [2]
6 35 
@surf_id 36 1
7 36 1
@surf_color_inds 37 1
7 37 [2]
$0,-1
@surf_pl 38 0
7 38 [2]
8 38 
@placement_ptr 39 0
9 39 NULL
8 38 
9 39 NULL
6 35 
7 36 4
7 37 [2]
$1,-1
7 38 [2]
8 38 
9 39 NULL
8 38 
9 39 NULL
@model_type 40 1
4 40 1
@flags 41 1
4 41 0
@generic_name 42 10
4 42 NULL
@label 43 10
4 43 NULL
@components 44 0
4 44 
@comp_arr 45 0
5 45 [2]
6 45 
@comp 46 0
7 46 ->
@id 47 1
8 47 1
@type 48 1
8 48 -1
@memb2model 49 2
8 49 [4][3]
$3FF,2*0
$0,3FF,0
$2*0,3FF
$3*0
@solid_dd 50 0
8 50 ->
9 16 -1
9 40 2
9 41 2
@model_name 51 10
9 51 MILL_TOOTH_CONE
9 42 NULL
9 43 NULL
6 45 
7 46 ->
8 47 4
8 48 -1
8 49 [4][3]
$3FF,2*0
$0,3FF,0
$2*0,3FF
$3*0
8 50 ->
9 16 -1
9 40 2
9 41 2
9 51 CONE_CASTING
9 42 NULL
9 43 NULL
#AssMrgPrt
@assem_merge_parts 1 0
0 1 ->
#END_OF_UGC
