#UGC:2 ASSEMBLY 982 420 -1 1 1 15 1900 9733 0000094b \
#- VERS 0 0                                                          \
#- HOST                                                              \
#- LINK                                                              \
#- DBID                                                              \
#- REVS 0,                                                           \
#- RELL 0,                                                           \
#- UOBJ_ID 870284601 346566072 -2139526928                           \
#- MACH SUN_SunOS_5.5_Generic                                        \
#-END_OF_UGC_HEADER
#P_OBJECT 6
@P_object 1 0
0 1 ->
@depend 2 0
1 2 [3]
2 2 
@model_name 3 10
3 3 SIEVE
@model_type 4 1
3 4 37
@revnum 5 1
3 5 57
@bom_count 6 1
3 6 1
@dep_type 7 1
3 7 64
@stamp 8 0
3 8 
@major_vers 9 0
4 9 
@vers 10 1
5 10 0
@alias_name 11 10
5 11 
@minor_vers 12 0
4 12 
@vers 13 1
5 13 0
@reason 14 10
3 14 
2 2 
3 3 SIEVE
3 4 2
3 5 11306
3 6 1
3 7 2
3 8 
4 9 
5 10 0
5 11 
4 12 
5 13 0
3 14 
@comp_ids 15 1
3 15 [1]
4 15 1
2 2 
3 3 SIEVE_EP
3 4 2
3 5 3912
3 6 1
3 7 2
3 8 
4 9 
5 10 0
5 11 
4 12 
5 13 0
3 14 
3 15 [1]
4 15 2
@dep_db 16 0
1 16 ->
@dep_db 17 0
2 17 [3]
3 17 ->
@to_model_id 18 1
4 18 0
@dep_type 19 1
4 19 2
@obj_id 20 1
4 20 1
@obj_type 21 1
4 21 3
3 17 ->
4 18 1
4 19 2
4 20 2
4 21 3
3 17 ->
4 18 -3
4 19 4
4 20 0
4 21 242
@model_db 22 0
2 22 [2]
3 22 ->
@model_t_type 23 1
4 23 2
@model_name 24 10
4 24 SIEVE
@generic_name 25 10
4 25 
@stamp 26 0
4 26 
3 22 ->
4 23 2
4 24 SIEVE_EP
4 25 
4 26 
@usr_rev 27 0
1 27 [2]
2 27 
@name 28 10
3 28 USER
@mod_time 29 0
3 29 
@tm_sec 30 1
4 30 33
@tm_min 31 1
4 31 35
@tm_hour 32 1
4 32 14
@tm_mday 33 1
4 33 31
@tm_mon 34 1
4 34 6
@tm_year 35 1
4 35 97
@action 36 1
3 36 1000
@comment 37 10
3 37 Hostname: 'gascar'
@rel_level 38 10
3 38 
@rev_string 39 10
3 39 
2 27 
3 28 USER
3 29 
4 30 30
4 31 25
4 32 10
4 33 14
4 34 9
4 35 97
3 36 1000
3 37 Hostname: 'platypus'
3 38 
3 39 
@revnum_std 40 1
1 40 55
@flag 41 1
1 41 0
@name 42 10
1 42 NULL
@inst_hidden 43 1
1 43 0
@old_name 44 10
1 44 NULL
@appl_data 45 0
1 45 ->
@bounding_box 46 2
2 46 [2][3]
$2*BFD1EB851EB851EC,BF78C1BBB17CF2D6
$2*3FD1EB851EB851EC,3FF018C1BBB17CF3
@ver_key 47 0
1 47 ->
@time 48 1
2 48 876824717
@random_num 49 1
2 49 101336703
@hostid 50 1
2 50 1762303632
@last_read 51 1
1 51 -1
#END_OF_P_OBJECT
#Pro/ENGINEER  TM  Release 19.0 Beta  (c) 1988-97 by Parametric Technology Corporation  All Rights Reserved. 9733
@Toc 52 0
0 52 ->
@entry 53 10
1 53 [128]
2 53 BasicData 2b9c 51b 0 982########################################################
2 53 BasicText 30b7 359 0 982########################################################
2 53 GeomDepen 3410 71 0 982#########################################################
2 53 DispCntrl 3481 42 0 982#########################################################
2 53 DisplData 34c3 38 0 982#########################################################
2 53 LargeText 34fb a6 0 982#########################################################
2 53 FamilyInf 35a1 40 0 982#########################################################
2 53 VisibGeom 35e1 39 0 982#########################################################
2 53 NovisGeom 361a 56 0 982#########################################################
2 53 ActEntity 3670 24 0 982#########################################################
2 53 AllFeatur 3694 fd1 0 982########################################################
2 53 FullMData 4665 5ba 0 982########################################################
2 53 ModelView#0 4c1f e48 0 982######################################################
2 53 ModelView#14 5a67 7e4 0 982#####################################################
2 53 DispDataColor 624b 254 0 982####################################################
2 53 DispDataTable 649f 74e 0 982####################################################
2 53 AssMrgPrt 6bed 29 0 982#########################################################
2 53 ################################################################################
2 53 ################################################################################
2 53 ################################################################################
2 53 ################################################################################
2 53 ################################################################################
2 53 ################################################################################
2 53 ################################################################################
2 53 ################################################################################
2 53 ################################################################################
2 53 ################################################################################
2 53 ################################################################################
2 53 ################################################################################
2 53 ################################################################################
2 53 ################################################################################
2 53 ################################################################################
2 53 ################################################################################
2 53 ################################################################################
2 53 ################################################################################
2 53 ################################################################################
2 53 ################################################################################
2 53 ################################################################################
2 53 ################################################################################
2 53 ################################################################################
2 53 ################################################################################
2 53 ################################################################################
2 53 ################################################################################
2 53 ################################################################################
2 53 ################################################################################
2 53 ################################################################################
2 53 ################################################################################
2 53 ################################################################################
2 53 ################################################################################
2 53 ################################################################################
2 53 ################################################################################
2 53 ################################################################################
2 53 ################################################################################
2 53 ################################################################################
2 53 ################################################################################
2 53 ################################################################################
2 53 ################################################################################
2 53 ################################################################################
2 53 ################################################################################
2 53 ################################################################################
2 53 ################################################################################
2 53 ################################################################################
2 53 ################################################################################
2 53 ################################################################################
2 53 ################################################################################
2 53 ################################################################################
2 53 ################################################################################
2 53 ################################################################################
2 53 ################################################################################
2 53 ################################################################################
2 53 ################################################################################
2 53 ################################################################################
2 53 ################################################################################
2 53 ################################################################################
2 53 ################################################################################
2 53 ################################################################################
2 53 ################################################################################
2 53 ################################################################################
2 53 ################################################################################
2 53 ################################################################################
2 53 ################################################################################
2 53 ################################################################################
2 53 ################################################################################
2 53 ################################################################################
2 53 ################################################################################
2 53 ################################################################################
2 53 ################################################################################
2 53 ################################################################################
2 53 ################################################################################
2 53 ################################################################################
2 53 ################################################################################
2 53 ################################################################################
2 53 ################################################################################
2 53 ################################################################################
2 53 ################################################################################
2 53 ################################################################################
2 53 ################################################################################
2 53 ################################################################################
2 53 ################################################################################
2 53 ################################################################################
2 53 ################################################################################
2 53 ################################################################################
2 53 ################################################################################
2 53 ################################################################################
2 53 ################################################################################
2 53 ################################################################################
2 53 ################################################################################
2 53 ################################################################################
2 53 ################################################################################
2 53 ################################################################################
2 53 ################################################################################
2 53 ################################################################################
2 53 ################################################################################
2 53 ################################################################################
2 53 ################################################################################
2 53 ################################################################################
2 53 ################################################################################
2 53 ################################################################################
2 53 ################################################################################
2 53 ################################################################################
2 53 ################################################################################
2 53 ################################################################################
2 53 ################################################################################
2 53 ################################################################################
2 53 ################################################################################
2 53 ################################################################################
2 53 ################################################################################
2 53 ################################################################################
#BasicData
@Sld_BasicData 1 0
0 1 ->
@tab_key 2 1
1 2 0
@tab_key_struct 3 0
1 3 ->
@type 4 4
2 4 H
@tab_key_ptr 5 0
2 5 [16]
@cmprs_tabkey 6 0
2 6 NULL
@type 7 1
1 7 1
@revnum_ptr 8 0
1 8 ->
@geom_revnum 9 1
2 9 52
@cosm_revnum 10 1
2 10 5
@tol_default_ptr 11 0
1 11 ->
@type 12 1
2 12 10
@value 13 2
2 13 [7]
$0,3FB9R,3F847AE147AE147B,3F50624DD2F1A9FC,3F1A36E2EB1C432D,
$3EE4F8B588E368F1,3EB0C6F7A0B5ED8E
@ang_value 14 2
2 14 [7]
$0,6*3FE
@standard 15 1
2 15 0
@iso_tol_tbls_ptr 16 0
2 16 NULL
@datum_count 17 1
1 17 0
@axis_count 18 1
1 18 0
@insert_layer_id 19 1
1 19 -1
@layer_count 20 1
1 20 1
@rel_part_eps 21 2
1 21 3F53A92A30553261
@model_eps 22 2
1 22 0
@fixed_model_eps 23 1
1 23 0
@assembled_count 24 1
1 24 0
@part_type 25 1
1 25 2
@first_ent_id 26 1
1 26 513569
@first_view_id 27 1
1 27 0
@outline 28 2
1 28 [2][3]
$2*BFD1EB851EB851EC,BF60624DD2F1AA
$2*3FD1EB851EB851EC,3FF0083126E978D5
@dim_num 29 1
1 29 0
@geom_lib_ptr 30 0
1 30 NULL
@attrib_array 31 1
1 31 [2]
$536871944,0
@max_part_size 32 2
1 32 0
@model_name 33 10
1 33 SIEVE
@disp_outl_info 34 0
1 34 
@disp_outline 35 2
2 35 [2][3]
$2*BFD1EB851EB851EC,BF78C1BBB17CF2D6
$2*3FD1EB851EB851EC,3FF018C1BBB17CF3
@sel_outl_info 36 0
1 36 ->
@outline 37 2
2 37 [2][3]
$2*BFD1EB851EB851EC,BF78C1BBB17CF2D6
$2*3FD1EB851EB851EC,3FF018C1BBB17CF3
#BasicText
@Sld_BasicText 1 0
0 1 ->
@assem_mass_prop_ptr 2 0
1 2 NULL
@mass_prop_ptr 3 0
1 3 ->
@type 4 1
2 4 0
@density 5 2
2 5 0
@init_dens 6 5
2 6 0
@rel_density 7 2
2 7 0
@init_rel_dens 8 5
2 8 0
@aver_density 9 2
2 9 0
@vrevnum 10 1
2 10 -1
@volume 11 2
2 11 0
@cg 12 2
2 12 [3]
$3*0
@inertia 13 2
2 13 [3][3]
$3*0
$3*0
$3*0
@eps 14 2
2 14 0
@surfarea 15 2
2 15 0
@assign_mp_ptr 16 0
1 16 NULL
@mat_name_ptr 17 10
1 17 NULL
@unit_arr 18 0
1 18 [3]
2 18 
@type 19 1
3 19 1
@factor 20 2
3 20 3FF
@name 21 10
3 21 INCH
@unit_type 22 1
3 22 0
2 18 
3 19 2
3 20 3FF
3 21 POUND
3 22 1
2 18 
3 19 11
3 20 3FF
3 21 HOURS
3 22 2
@p_unit_info 23 0
1 23 ->
@custom_unit_arr 24 0
2 24 [6]
3 24 
3 24 
3 24 
3 24 
3 24 
3 24 
@principal_sys_units 25 10
2 25 Inch lbm Second (Pro/E Default)
@history_scale 26 2
2 26 [6][2]
$3FF,0
$3FF,0
$3FF,0
$3FF,0
$3FF,0
$3FF,0
#GeomDepen
@Sld_GeomDepend 1 0
0 1 ->
@frst_geom_ptr 2 1
1 2 0
@fem_data 3 0
1 3 NULL
@first_quilt_ptr 4 1
1 4 0
#DispCntrl
@Sld_DispCntrl 1 0
0 1 ->
@color_prop_ptr 2 0
1 2 NULL
#DisplData
@Sld_DispData 1 0
0 1 ->
@disp_data 2 0
1 2 
#LargeText
@Sld_LargeText 1 0
0 1 ->
@relpar_sets 2 0
1 2 [1]
2 2 
@id 3 1
3 3 -1
@type 4 1
3 4 1
@ext_ref_id 5 1
3 5 -1
@relatnum 6 1
3 6 0
@cfg_states 7 0
1 7 NULL
#FamilyInf
@Sld_FamilyInfo 1 0
0 1 ->
@drv_tbl_ptr 2 0
1 2 NULL
#VisibGeom
@Sld_VisGeom 1 0
0 1 ->
@active_geom 2 0
1 2 
#NovisGeom
@Sld_NonVisGeom 1 0
0 1 ->
@inactive_geom 2 0
1 2 
@external_geom 3 0
1 3 
#ActEntity
@Sld_Entities 1 0
0 1 ->
#AllFeatur
@Sld_Features 1 0
0 1 ->
@first_feat_ptr 2 0
1 2 ->
@id 3 1
2 3 1
@indep_attributes 4 1
2 4 4097
@feat_type_ptr 5 0
2 5 ->
@table_id 6 1
3 6 -1
@type 7 1
3 7 1000
@feattype_key 8 10
3 8 NULL
@form 9 1
3 9 0
@attributes 10 1
3 10 [3]
$3*0
@placement 11 1
3 11 0
@intersection 12 1
3 12 -1
@internal_udf_type 13 1
3 13 -1
@param_choice_ptr 14 0
3 14 ->
@blend_choice 15 1
4 15 0
@depth_choice 16 1
4 16 0
@angle_choice 17 1
4 17 0
@pat_choice 18 1
4 18 -1
@round_choice 19 1
4 19 -1
@subsec_choice 20 1
4 20 -1
@sweep_choice 21 1
4 21 0
@dome_choice 22 1
4 22 0
@draft_choice 23 1
4 23 0
@misc_choice 24 1
4 24 [2]
$32,0
@assoc_type 25 1
3 25 0
@symbol_key 26 1
2 26 -1
@sect_name 27 10
2 27 no_name
@model_type 28 1
2 28 1
@idtab_ptr 29 0
2 29 ->
@save_geoms 30 0
3 30 NULL
@cr_flags_xar 31 1
3 31 [31]
$3*-1,-2049,2*-1,-16777217,3*-1,-536870913,-1,-1126176897,-2,-2097185,
$-2097665,-1,-1073741843,2*-1,-257,-261249,-1,-32769,-1,-4194305,2*-1,
$-536871041,469762047,0
@cvt_feat_dat 32 0
3 32 NULL
@feat_dates_ptr 33 0
3 33 ->
@creat_date 34 1
4 34 190017
@regen_date 35 1
4 35 190019
@group_info_ptr 36 0
2 36 NULL
@intrs_pairs_ptr 37 0
2 37 ->
@place_rec_ptr 38 0
2 38 ->
@local_sys 39 2
3 39 [4][3]
$3FF,2*0
$0,3FF,0
$2*0,3FF
$3*0
@own_ref_id 40 1
3 40 0
@orient 41 1
3 41 0
@trf_arr 42 0
3 42 [1]
4 42 
@type 43 1
5 43 19
@idx 44 1
5 44 0
@transf 45 2
5 45 [4][3]
$3FF,2*0
$0,3FF,0
$2*0,3FF
$3*0
@next_prop 46 0
2 46 NULL
@first_geom_id 47 1
2 47 -1
@cond_tbl_idx 48 1
2 48 -1
@comment 49 10
2 49 NULL
@merge_info_ptr 50 0
2 50 NULL
@dat_ptr(comp_data) 51 0
2 51 ->
@type 52 1
3 52 123
@model_ptr 53 0
3 53 
@object_type 54 1
4 54 2
@name 55 10
4 55 SIEVE
@simpl_rep 56 0
4 56 NULL
@placed_flag 57 1
3 57 1
@subst_asm_ref_id 58 1
3 58 -1
@instance 59 3
3 59 NULL
@stamp 60 0
3 60 
@major_vers 61 0
4 61 
@vers 62 1
5 62 0
@alias_name 63 10
5 63 
@minor_vers 64 0
4 64 
@vers 65 1
5 65 0
@dep_id 66 1
3 66 0
@interchange_info 67 0
3 67 NULL
@topology_increment 68 0
2 68 ->
@first_geom 69 1
3 69 0
@first_quilt 70 1
3 70 0
@outline 71 2
3 71 [2][3]
$3*0
$3*0
@max_part_size 72 2
3 72 0
@xform_increment 73 0
3 73 NULL
@roll_back_id 74 1
3 74 -1
@state_ind 75 1
2 75 -1
@alumni_info 76 0
2 76 NULL
@revnum 77 1
2 77 0
@rev_rec 78 0
2 78 ->
@revnums 79 0
3 79 [1]
4 79 ->
@owner_type 80 1
5 80 3
@owner_ind 81 1
5 81 -1
@ref_id 82 1
5 82 -1
@ref_revnum 83 1
5 83 -1
@num_plins 84 1
3 84 0
@expl_state_ref 85 0
2 85 NULL
@feat_outl_info 86 0
2 86 NULL
@next_feat_ptr 87 0
1 87 ->
2 3 2
2 4 4097
2 5 ->
3 6 -1
3 7 1000
3 8 NULL
3 9 0
3 10 [3]
$3*0
3 11 0
3 12 -1
3 13 -1
3 14 ->
4 15 0
4 16 0
4 17 0
4 18 -1
4 19 -1
4 20 -1
4 21 0
4 22 0
4 23 0
4 24 [2]
$64,0
3 25 0
2 26 -1
2 27 no_name
2 28 1
2 29 ->
3 30 NULL
3 31 [31]
$3*-1,-2049,2*-1,-16777217,3*-1,-536870913,-1,-1126176897,-2,-2097185,
$-2097665,-1,-1073741843,2*-1,-257,-261249,-1,-32769,-1,-4194305,2*-1,
$-536871041,469762047,0
3 32 NULL
3 33 ->
4 34 190017
4 35 190019
2 36 NULL
2 37 ->
2 38 ->
3 39 [4][3]
$3FF,2*0
$0,3FF,0
$2*0,3FF
$3*0
@place_instruction_ptrs 88 0
3 88 [1]
4 88 ->
@type 89 1
5 89 52
@offset 90 2
5 90 0
@dim_id 91 1
5 91 -1
@ref_id 92 1
5 92 0
@geometry1_id 93 1
5 93 -1
@geometry2_id 94 1
5 94 -1
@memb_num1 95 1
5 95 0
@memb_num2 96 1
5 96 0
@attr 97 1
5 97 0
@plin_info_arr 98 0
5 98 [1]
6 98 ->
@type 99 1
7 99 6
@data(plin_info_ui_step) 100 0
7 100 ->
@step_ids 101 1
8 101 [1]
9 101 -100
3 40 0
3 41 0
3 42 [1]
4 42 
5 43 19
5 44 0
5 45 [4][3]
$3FF,2*0
$0,3FF,0
$2*0,3FF
$3*0
2 46 NULL
2 47 -1
2 48 -1
2 49 NULL
2 50 NULL
2 51 ->
3 52 123
3 53 
4 54 2
4 55 SIEVE_EP
4 56 NULL
3 57 1
3 58 -1
3 59 NULL
3 60 
4 61 
5 62 0
5 63 
4 64 
5 65 0
3 66 1
3 67 NULL
2 68 ->
3 69 0
3 70 0
3 71 [2][3]
$BFCEB851EB851EB8,BFCEC0331242D396,0
$3FCEB851EB851EB8,3FCEC0331242D396,3FF
3 72 0
3 73 NULL
3 74 -1
2 75 -1
2 76 NULL
2 77 0
2 78 ->
3 79 [1]
4 79 ->
5 80 3
5 81 -1
5 82 -1
5 83 -1
3 84 1
2 85 NULL
2 86 NULL
1 87 NULL
@layer_list 102 0
1 102 [2]
2 102 
@feat_id 103 1
3 103 1
@layer_id 104 1
3 104 0
@back_layer_id 105 1
3 105 0
2 102 
3 103 2
3 104 0
3 105 0
#FullMData
@Sld_FullData 1 0
0 1 ->
@first_member_ptr 2 0
1 2 NULL
@alumni_members 3 0
1 3 NULL
@ref_part_table 4 0
1 4 [2]
2 4 ->
@name 5 10
3 5 SIEVE
@id 6 1
3 6 -1
@type 7 1
3 7 1
@revnum 8 1
3 8 -1
@dep_id 9 1
3 9 2
@attributes 10 1
3 10 0
@simpl_rep 11 0
3 11 NULL
2 4 NULL
@first_xsec_ptr 12 0
1 12 NULL
@lang_ptr 13 0
1 13 ->
@interact_on 14 1
2 14 -1
@first_csys_ptr 15 0
1 15 NULL
@ipar_num 16 1
1 16 0
@smt_info_ptr 17 0
1 17 NULL
@cable_info_ptr 18 0
1 18 ->
@id 19 1
2 19 -1
@type 20 1
2 20 94
@ref_harness_id 21 1
2 21 -1
@cable_assem_id 22 1
2 22 -1
@work_subharn_id 23 1
2 23 -3253
@parent_ext_ref_id 24 1
2 24 -1
@p_frbn_info 25 0
2 25 NULL
@log_info_src_name 26 10
2 26 NULL
@log_info_src_type 27 1
2 27 0
@comp_info_ptr 28 0
1 28 NULL
@prt_misc_ptr 29 0
1 29 ->
@shrink_data_ptr 30 0
2 30 NULL
@expld_mv_info 31 0
1 31 ->
@act_expl_state 32 1
2 32 -1
@default_state 33 0
2 33 ->
@id 34 1
3 34 -1
@type 35 1
3 35 500
@state_type 36 1
3 36 0
@cur_stage_ind 37 1
3 37 -1
@stage_info 38 0
3 38 [1]
4 38 
@unexpl_subass_info 39 0
3 39 ->
@expld_comp_ref 40 0
3 40 ->
@comp_id 41 1
4 41 -1
@gen_info 42 0
3 42 
@font 43 1
4 43 5
@color 44 1
4 44 10
@state_info_ptr 45 0
1 45 NULL
@alumni_feats 46 0
1 46 NULL
@p_mdl_grid 47 0
1 47 NULL
@mdl_status_ptr 48 0
1 48 NULL
@appl_info_arr 49 0
1 49 [2]
2 49 
@id 50 1
3 50 -1
@type 51 1
3 51 13
2 49 
3 50 -1
3 51 14
@ribbon_info_ptr 52 0
1 52 NULL
@p_xref_data 53 0
1 53 ->
@first_analysis_feat 54 0
1 54 NULL
#ModelView#0
@View 1 0
0 1 ->
@id 2 1
1 2 0
@viewattr 3 0
1 3 
@attr_arr 4 1
2 4 [4]
$1,3*0
@mpoint 5 0
1 5 
@id 6 1
2 6 0
@coord 7 2
2 7 [3]
$2*0,3FE
@first_instr_ptr 8 0
2 8 NULL
@attach_ptr 9 0
2 9 NULL
@vpoint 10 0
1 10 
2 6 0
2 7 [3]
$407F4,407A5E,0
2 8 NULL
2 9 NULL
@orient 11 2
1 11 [4][4]
$BFE24C4166197BDC,BFC7967035D6250E,BFE994DEA139AC84,0
$3FE6EF8EAC089D87,BFE2C310455105CA,BFD8293A304C7F0C,0
$BFD98B8CDF453C68,BFE93E3CFED813C5,3FDDE8DE7E2B04F4,0
$3*0,3FF
@local_sys 12 2
1 12 [4][4]
$C07524DF284FA10E,C05B41B127FFC113,C07D8F84CF6578FA,0
$407A80DA7657AC46,C075AE28EF53BDF4,C06BEB503B2E01CE,0
$C06D84BFF53B436R,C07D2B6989BE51A5,407147EE73F25716,0
$40835097FEA7686D,408479DA626F9469,C099EB97EE7E4AE3,3FF
@world_matrix_ptr 13 0
1 13 NULL
@first_instr_ptr 14 0
1 14 ->
@type 15 1
2 15 100
@geom_id 16 1
2 16 -1
@view_id 17 1
2 17 -1
@memb_num 18 1
2 18 0
@offset 19 2
2 19 0
@matrix 20 0
2 20 NULL
@next_instr_ptr 21 0
1 21 ->
2 15 301
2 16 -1
2 17 -1
2 18 0
2 19 40827D1D96AB473D
2 20 NULL
1 21 ->
2 15 125
2 16 -1
2 17 -1
2 18 0
2 19 0
2 20 ->
@matrix 22 2
3 22 [4][4]
$BFE4C20DA857093R,3FC99BEED3D7B30A,BFE77F444E96E4F5,0
$3FE8431F14CB6B82,3FD038D36D36F095,BFE33950B6592A83,0
$3FB0E0882ADB7727,BFEE4922A437FF15,BFD43B38CFC544CF,0
$3*0,3FF
1 21 NULL
@outer_xsec_index 23 1
1 23 -1
@next_view_id 24 1
1 24 14
@simp_rep_id 25 1
1 25 0
@name 26 10
1 26 no name
@fit_outline 27 2
1 27 [2][3]
$4059,405518,C084EE3BD39A32D8
$408C2,4087BB,0
@det_info_ptr 28 0
1 28 NULL
@named_view_pzmatr 29 0
1 29 NULL
@page_id 30 1
1 30 0
@model_name 31 10
1 31 NULL
@unrep_model_name 32 10
1 32 NULL
@saved_pro_dls 33 0
1 33 ->
@pro_dls 34 0
2 34 [9]
3 34 
@pro_dl_data 35 0
4 35 ->
@appl_type 36 1
5 36 1
@dl_type 37 1
5 37 5
@dl_id 38 1
5 38 0
@dl_hdr 39 0
5 39 
@disp_list_version 40 1
6 40 0
@visibility 41 1
6 41 33554436
@status_mask 42 1
6 42 3
@creation_scale 43 2
6 43 0
@view_matrix 44 2
6 44 [4][4]
$3FF,3*0
$0,3FF,2*0
$2*0,3FF,0
$3*0,3FF
@outline 45 2
6 45 [2][3]
$2*BFCEF9DB2,BF60624E8
$2*3FCEF9DB2,3FF008312
@dl_block_mem_size 46 0
6 46 
@dl_block_mem_size 47 1
7 47 32768
@list 48 0
6 48 NULL
@token_contents 49 5
6 49 21
@render_attribs 50 5
6 50 1
@wire_colors 51 1
6 51 [2]
$543581798,553648127
@children 52 0
6 52 [1]
7 52 
@dl_data 53 0
8 53 
9 35 ->
10 36 46
10 37 5
10 38 1
@o_data 54 0
6 54 
@disp_data 55 0
7 55 NULL
3 34 
4 35 ->
5 36 10
5 37 7
5 38 0
3 34 
4 35 ->
5 36 46
5 37 5
5 38 1
5 39 
6 40 0
6 41 16
6 42 19
6 43 0
6 44 [4][4]
$3FF,3*0
$0,3FF,2*0
$2*0,3FF,0
$3*0,3FF
6 45 [2][3]
$2*BFCEF9DB2,BF60624E8
$2*3FCEF9DB2,3FF008312
6 46 
7 47 1024
6 48 NULL
6 49 21
6 50 0
6 51 [2]
$543581798,553648127
6 52 [2]
7 52 
8 53 
9 35 ->
10 36 46
10 37 5
10 38 1
@key_list 56 1
10 56 [1]
11 56 1
7 52 
8 53 
9 35 ->
10 36 46
10 37 5
10 38 1
10 56 [1]
11 56 2
6 54 
7 55 ->
@model_type 57 1
8 57 1
@generic_name 58 10
8 58 NULL
3 34 
4 35 ->
5 36 46
5 37 5
5 38 1
5 56 [1]
6 56 1
5 39 
6 40 0
6 41 16
6 42 19
6 43 0
6 44 [4][4]
$3FF,3*0
$0,3FF,2*0
$2*0,3FF,0
$3*0,3FF
6 45 [2][3]
$BFCEB851E,BFCEC0332,0
$3FCEB851E,3FCEC0332,3FF
6 46 
7 47 1024
6 48 NULL
6 49 5
6 50 0
6 51 [2]
$543581798,553648127
6 54 
7 55 ->
8 57 2
@model_name 59 10
8 59 SIEVE
8 58 NULL
3 34 
4 35 ->
5 36 46
5 37 5
5 38 1
5 56 [1]
6 56 2
5 39 
6 40 0
6 41 16
6 42 19
6 43 0
6 44 [4][4]
$3FF,3*0
$0,3FF,2*0
$2*0,3FF,0
$3*0,3FF
6 45 [2][3]
$2*BFCEF9DB2,BF60624E8
$2*3FCEF9DB2,3FF008312
6 46 
7 47 1024
6 48 NULL
6 49 5
6 50 0
6 51 [2]
$543581798,553648127
6 54 
7 55 ->
8 57 2
8 59 SIEVE_EP
8 58 NULL
3 34 
4 35 ->
5 36 47
5 37 7
5 38 0
3 34 
4 35 ->
5 36 48
5 37 8
5 38 0
3 34 
4 35 ->
5 36 49
5 37 7
5 38 0
3 34 
4 35 ->
5 36 64
5 37 7
5 38 0
@explode_state 60 0
1 60 NULL
#ModelView#14
@View 1 0
0 1 ->
@id 2 1
1 2 14
@viewattr 3 0
1 3 
@attr_arr 4 1
2 4 [4]
$1,3*0
@mpoint 5 0
1 5 
@id 6 1
2 6 0
@coord 7 2
2 7 [3]
$2*0,3FE
@first_instr_ptr 8 0
2 8 NULL
@attach_ptr 9 0
2 9 NULL
@vpoint 10 0
1 10 
2 6 0
2 7 [3]
$407F4,407A5E,0
2 8 NULL
2 9 NULL
@orient 11 2
1 11 [4][4]
$BFE24C4166197BDC,BFC7967035D6250E,BFE994DEA139AC84,0
$3FE6EF8EAC089D87,BFE2C310455105CA,BFD8293A304C7F0C,0
$BFD98B8CDF453C68,BFE93E3CFED813C5,3FDDE8DE7E2B04F4,0
$3*0,3FF
@local_sys 12 2
1 12 [4][4]
$C07524DF284FA10E,C05B41B127FFC113,C07D8F84CF6578FA,0
$407A80DA7657AC46,C075AE28EF53BDF4,C06BEB503B2E01CE,0
$C06D84BFF53B436R,C07D2B6989BE51A5,407147EE73F25716,0
$40835097FEA7686D,408479DA626F9469,C099EB97EE7E4AE3,3FF
@world_matrix_ptr 13 0
1 13 ->
@world_matrix 14 2
2 14 [4][4]
$C07524DF284FA10E,C05B41B127FFC113,C07D8F84CF6578FA,0
$407A80DA7657AC46,C075AE28EF53BDF4,C06BEB503B2E01CE,0
$C06D84BFF53B436R,C07D2B6989BE51A5,407147EE73F25716,0
$40835097FEA7686D,408479DA626F9469,C06147EE73F25716,3FF
@first_instr_ptr 15 0
1 15 ->
@type 16 1
2 16 100
@geom_id 17 1
2 17 -1
@view_id 18 1
2 18 -1
@memb_num 19 1
2 19 0
@offset 20 2
2 20 0
@matrix 21 0
2 21 NULL
@next_instr_ptr 22 0
1 22 ->
2 16 301
2 17 -1
2 18 -1
2 19 0
2 20 40827D1D96AB473D
2 21 NULL
1 22 ->
2 16 125
2 17 -1
2 18 -1
2 19 0
2 20 0
2 21 ->
@matrix 23 2
3 23 [4][4]
$BFE4C20DA857093R,3FC99BEED3D7B30A,BFE77F444E96E4F5,0
$3FE8431F14CB6B82,3FD038D36D36F095,BFE33950B6592A83,0
$3FB0E0882ADB7727,BFEE4922A437FF15,BFD43B38CFC544CF,0
$3*0,3FF
1 22 NULL
@outer_xsec_index 24 1
1 24 -1
@next_view_id 25 1
1 25 -2
@simp_rep_id 26 1
1 26 0
@name 27 10
1 27 DRILLING
@fit_outline 28 2
1 28 [2][3]
$4059,405518,C084EE3BD39A32D8
$408C2,4087BB,0
@det_info_ptr 29 0
1 29 NULL
@named_view_pzmatr 30 0
1 30 ->
2 23 [4][4]
$3FF21512BB512BB5,3*0
$0,3FF21512BB512BB5,2*0
$2*0,3FF21512BB512BB5,0
$C040CF1F4E6163D8,C047263C55647017,0,3FF
@page_id 31 1
1 31 0
@model_name 32 10
1 32 NULL
@unrep_model_name 33 10
1 33 NULL
@saved_pro_dls 34 0
1 34 ->
@explode_state 35 0
1 35 NULL
#DispDataColor
@ref_color_table 1 0
0 1 
@ref_color_arr 2 0
1 2 [2]
2 2 
@maximum 3 2
3 3 [3]
$3*3FF
@ambient 4 2
3 4 3FECR
@diffuse 5 2
3 5 3FECR
@specular 6 2
3 6 3FE9R
@spec_coef 7 2
3 7 3FE
@transmission 8 2
3 8 0
@threshold 9 1
3 9 90
@gl_ind 10 1
3 10 0
@highlight 11 2
3 11 [3]
$3*3FF
@reflection 12 2
3 12 3FD
@bump_height 13 2
3 13 3FE
@bump 14 3
3 14 NULL
@decal_intensity 15 2
3 15 3FF
@decal 16 3
3 16 NULL
@texture 17 3
3 17 NULL
2 2 
3 3 [3]
$0,3FF,0
3 4 3FECR
3 5 3FECR
3 6 3FE9R
3 7 3FE
3 8 0
3 9 90
3 10 1
3 11 [3]
$3*3FF
3 12 3FD
3 13 3FE
3 14 NULL
3 15 3FF
3 16 NULL
3 17 NULL
#DispDataTable
@disp_data_table 1 0
0 1 
@disp_data_arr 2 0
1 2 [1]
2 2 
@disp_data 3 0
3 3 ->
@wire 4 0
4 4 
@disp_list_version 5 1
5 5 52
@visibility 6 1
5 6 16
@status_mask 7 1
5 7 3
@creation_scale 8 2
5 8 0
@view_matrix 9 2
5 9 [4][4]
$3FF,3*0
$0,3FF,2*0
$2*0,3FF,0
$3*0,3FF
@outline 10 2
5 10 [2][3]
$3*41CDCD64FR
$3*C1CDCD64FR
@dl_block_mem_size 11 0
5 11 
@dl_block_mem_size 12 1
6 12 32768
@list 13 0
5 13 NULL
@token_contents 14 5
5 14 0
@render_attribs 15 5
5 15 0
@part_color 16 1
4 16 -1
@color_prop_ptr 17 0
4 17 ->
@color_refs 18 0
5 18 [2]
6 18 
@ref_color 19 0
7 19 ->
@maximum 20 2
8 20 [3]
$3*3FF
@ambient 21 2
8 21 3FECR
@diffuse 22 2
8 22 3FECR
@specular 23 2
8 23 3FE9R
@spec_coef 24 2
8 24 3FE
@transmission 25 2
8 25 0
@threshold 26 1
8 26 90
@gl_ind 27 1
8 27 0
@highlight 28 2
8 28 [3]
$3*3FF
@reflection 29 2
8 29 3FD
@bump_height 30 2
8 30 3FE
@bump 31 3
8 31 NULL
@decal_intensity 32 2
8 32 3FF
@decal 33 3
8 33 NULL
@texture 34 3
8 34 NULL
6 18 
7 19 ->
8 20 [3]
$0,3FF,0
8 21 3FECR
8 22 3FECR
8 23 3FE9R
8 24 3FE
8 25 0
8 26 90
8 27 1
8 28 [3]
$3*3FF
8 29 3FD
8 30 3FE
8 31 NULL
8 32 3FF
8 33 NULL
8 34 NULL
@surf_ind_tab 35 0
5 35 [2]
6 35 
@surf_id 36 1
7 36 1
@surf_color_inds 37 1
7 37 [2]
$0,-1
@surf_pl 38 0
7 38 [2]
8 38 
@placement_ptr 39 0
9 39 NULL
8 38 
9 39 NULL
6 35 
7 36 2
7 37 [2]
$1,-1
7 38 [2]
8 38 
9 39 NULL
8 38 
9 39 NULL
@model_type 40 1
4 40 1
@flags 41 1
4 41 0
@generic_name 42 10
4 42 NULL
@label 43 10
4 43 NULL
@components 44 0
4 44 
@comp_arr 45 0
5 45 [2]
6 45 
@comp 46 0
7 46 ->
@id 47 1
8 47 1
@type 48 1
8 48 -1
@memb2model 49 2
8 49 [4][3]
$3FF,2*0
$0,3FF,0
$2*0,3FF
$3*0
@solid_dd 50 0
8 50 ->
9 16 -1
9 40 2
9 41 2
@model_name 51 10
9 51 SIEVE
9 42 NULL
9 43 NULL
6 45 
7 46 ->
8 47 2
8 48 -1
8 49 [4][3]
$3FF,2*0
$0,3FF,0
$2*0,3FF
$3*0
8 50 ->
9 16 -1
9 40 2
9 41 2
9 51 SIEVE_EP
9 42 NULL
9 43 NULL
#AssMrgPrt
@assem_merge_parts 1 0
0 1 ->
#END_OF_UGC
