#UGC:2 ASSEMBLY 971 400 0 1 1 15 1800 9728 00000904 \
#- VERS 0 0                                                          \
#- HOST                                                              \
#- LINK                                                              \
#- DBID                                                              \
#- REVS 0,                                                           \
#- RELL 0,                                                           \
#- UOBJ_ID 874714874 60966904 -918709179                             \
#- MACH _Windows                                                     \
#-END_OF_UGC_HEADER
#P_OBJECT 6
@P_object 1 0
0 1 ->
@depend 2 0
1 2 [3]
2 2 
@model_name 3 10
3 3 TRODE_MFG
@model_type 4 1
3 4 37
@revnum 5 1
3 5 41
@bom_count 6 1
3 6 1
@dep_type 7 1
3 7 64
@stamp 8 0
3 8 
@major_vers 9 0
4 9 
@vers 10 1
5 10 0
@alias_name 11 10
5 11 
@minor_vers 12 0
4 12 
@vers 13 1
5 13 0
@reason 14 10
3 14 
2 2 
3 3 BATTERY_TRODE
3 4 2
3 5 617
3 6 1
3 7 2
3 8 
4 9 
5 10 0
5 11 
4 12 
5 13 0
3 14 
@comp_ids 15 1
3 15 [1]
4 15 1
2 2 
3 3 TRODE_WP
3 4 2
3 5 21734
3 6 1
3 7 2
3 8 
4 9 
5 10 0
5 11 
4 12 
5 13 0
3 14 
3 15 [1]
4 15 3
@dep_db 16 0
1 16 ->
@dep_db 17 0
2 17 [3]
3 17 ->
@to_model_id 18 1
4 18 0
@dep_type 19 1
4 19 2
@obj_id 20 1
4 20 1
@obj_type 21 1
4 21 3
3 17 ->
4 18 1
4 19 2
4 20 3
4 21 3
3 17 ->
4 18 -3
4 19 4
4 20 0
4 21 242
@model_db 22 0
2 22 [2]
3 22 ->
@model_t_type 23 1
4 23 2
@model_name 24 10
4 24 BATTERY_TRODE
@generic_name 25 10
4 25 
@stamp 26 0
4 26 
3 22 ->
4 23 2
4 24 TRODE_WP
4 25 
4 26 
@usr_rev 27 0
1 27 [1]
2 27 
@name 28 10
3 28 SHANNON
@mod_time 29 0
3 29 
@tm_sec 30 1
4 30 49
@tm_min 31 1
4 31 1
@tm_hour 32 1
4 32 20
@tm_mday 33 1
4 33 6
@tm_mon 34 1
4 34 9
@tm_year 35 1
4 35 97
@action 36 1
3 36 1000
@comment 37 10
3 37 Hostname: 'DAISY'
@rel_level 38 10
3 38 
@rev_string 39 10
3 39 
@revnum_std 40 1
1 40 44
@flag 41 1
1 41 0
@name 42 10
1 42 NULL
@inst_hidden 43 1
1 43 0
@old_name 44 10
1 44 NULL
@appl_data 45 0
1 45 ->
@bounding_box 46 2
2 46 [2][3]
$4000216B6807F0C5,C0221D7A02DD6DB4,C011259EA8D8868B
$4012B4D56228605,BFFD3721EC6046B,4011259EA8D8868C
@ver_key 47 0
1 47 ->
@time 48 1
2 48 876168050
@random_num 49 1
2 49 278791800
@hostid 50 1
2 50 -918709179
@last_read 51 1
1 51 -1
#END_OF_P_OBJECT
#Pro/ENGINEER  TM  Release 18.0  (c) 1988-97 by Parametric Technology Corporation  All Rights Reserved. 9728
@Toc 52 0
0 52 ->
@entry 53 10
1 53 [128]
2 53 BasicData 2b97 564 0 971########################################################
2 53 BasicText 30fb 272 0 971########################################################
2 53 GeomDepen 336d 1cf 0 971########################################################
2 53 DispCntrl 353c 37d 0 971########################################################
2 53 DisplData 38b9 38 0 971#########################################################
2 53 LargeText 38f1 fd 0 971#########################################################
2 53 FamilyInf 39ee 40 0 971#########################################################
2 53 VisibGeom 3a2e 39 0 971#########################################################
2 53 NovisGeom 3a67 56 0 971#########################################################
2 53 ActEntity 3abd 2bc 0 971########################################################
2 53 AllFeatur 3d79 1a21 0 971#######################################################
2 53 FullMData 579a 57b 0 971########################################################
2 53 ModelView#0 5d15 4647 0 971#####################################################
2 53 ModelView#6 a35c 71e 0 971######################################################
2 53 DispDataColor aa7a 29 0 971#####################################################
2 53 DispDataTable aaa3 3c2 0 971####################################################
2 53 AssMrgPrt ae65 29 0 971#########################################################
2 53 ################################################################################
2 53 ################################################################################
2 53 ################################################################################
2 53 ################################################################################
2 53 ################################################################################
2 53 ################################################################################
2 53 ################################################################################
2 53 ################################################################################
2 53 ################################################################################
2 53 ################################################################################
2 53 ################################################################################
2 53 ################################################################################
2 53 ################################################################################
2 53 ################################################################################
2 53 ################################################################################
2 53 ################################################################################
2 53 ################################################################################
2 53 ################################################################################
2 53 ################################################################################
2 53 ################################################################################
2 53 ################################################################################
2 53 ################################################################################
2 53 ################################################################################
2 53 ################################################################################
2 53 ################################################################################
2 53 ################################################################################
2 53 ################################################################################
2 53 ################################################################################
2 53 ################################################################################
2 53 ################################################################################
2 53 ################################################################################
2 53 ################################################################################
2 53 ################################################################################
2 53 ################################################################################
2 53 ################################################################################
2 53 ################################################################################
2 53 ################################################################################
2 53 ################################################################################
2 53 ################################################################################
2 53 ################################################################################
2 53 ################################################################################
2 53 ################################################################################
2 53 ################################################################################
2 53 ################################################################################
2 53 ################################################################################
2 53 ################################################################################
2 53 ################################################################################
2 53 ################################################################################
2 53 ################################################################################
2 53 ################################################################################
2 53 ################################################################################
2 53 ################################################################################
2 53 ################################################################################
2 53 ################################################################################
2 53 ################################################################################
2 53 ################################################################################
2 53 ################################################################################
2 53 ################################################################################
2 53 ################################################################################
2 53 ################################################################################
2 53 ################################################################################
2 53 ################################################################################
2 53 ################################################################################
2 53 ################################################################################
2 53 ################################################################################
2 53 ################################################################################
2 53 ################################################################################
2 53 ################################################################################
2 53 ################################################################################
2 53 ################################################################################
2 53 ################################################################################
2 53 ################################################################################
2 53 ################################################################################
2 53 ################################################################################
2 53 ################################################################################
2 53 ################################################################################
2 53 ################################################################################
2 53 ################################################################################
2 53 ################################################################################
2 53 ################################################################################
2 53 ################################################################################
2 53 ################################################################################
2 53 ################################################################################
2 53 ################################################################################
2 53 ################################################################################
2 53 ################################################################################
2 53 ################################################################################
2 53 ################################################################################
2 53 ################################################################################
2 53 ################################################################################
2 53 ################################################################################
2 53 ################################################################################
2 53 ################################################################################
2 53 ################################################################################
2 53 ################################################################################
2 53 ################################################################################
2 53 ################################################################################
2 53 ################################################################################
2 53 ################################################################################
2 53 ################################################################################
2 53 ################################################################################
2 53 ################################################################################
2 53 ################################################################################
2 53 ################################################################################
2 53 ################################################################################
2 53 ################################################################################
2 53 ################################################################################
2 53 ################################################################################
2 53 ################################################################################
2 53 ################################################################################
2 53 ################################################################################
#BasicData
@Sld_BasicData 1 0
0 1 ->
@tab_key 2 1
1 2 0
@tab_key_struct 3 0
1 3 ->
@tab_key_ptr 4 0
2 4 [7]
@cmprs_tabkey 5 0
2 5 NULL
@type 6 1
1 6 1
@revnum_ptr 7 0
1 7 ->
@geom_revnum 8 1
2 8 45
@cosm_revnum 9 1
2 9 1
@tol_default_ptr 10 0
1 10 ->
@type 11 1
2 11 10
@value 12 2
2 12 [7]
$0,3FB9R,3F847AE147AE147B,3F50624DD2F1A9FC,3F1A36E2EB1C432D,
$3EE4F8B588E368F1,3EB0C6F7A0B5ED8E
@ang_value 13 2
2 13 [7]
$0,6*3FE
@standard 14 1
2 14 0
@iso_tol_tbls_ptr 15 0
2 15 NULL
@datum_count 16 1
1 16 0
@axis_count 17 1
1 17 0
@insert_layer_id 18 1
1 18 -1
@layer_count 19 1
1 19 1
@rel_part_eps 20 2
1 20 3F53A92A30553261
@model_eps 21 2
1 21 0
@fixed_model_eps 22 1
1 22 0
@assembled_count 23 1
1 23 0
@part_type 24 1
1 24 2
@first_ent_id 25 1
1 25 513569
@first_view_id 26 1
1 26 0
@outline 27 2
1 27 [2][3]
$400081DF82D0C3B2,C02201327391ADB9,C010F5649B741D15
$4012849B54C3F6D9,BFFDD864716A5ADA,4010F5649B741D15
@dim_num 28 1
1 28 0
@geom_lib_ptr 29 0
1 29 NULL
@attrib_array 30 1
1 30 [2]
$536871944,0
@max_part_size 31 2
1 31 0
@model_name 32 10
1 32 TRODE_MFG
@disp_outl_info 33 0
1 33 
@disp_outline 34 2
2 34 [2][3]
$4000216B6807F0C5,C0221D7A02DD6DB4,C011259EA8D8868B
$4012B4D56228605,BFFD3721EC6046B,4011259EA8D8868C
@sel_outl_info 35 0
1 35 ->
@outline 36 2
2 36 [2][3]
$4000216B6807F0C5,C0221D7A02DD6DB4,C011259EA8D8868B
$4012B4D56228605,BFFD3721EC6046B,4011259EA8D8868C
#BasicText
@Sld_BasicText 1 0
0 1 ->
@assem_mass_prop_ptr 2 0
1 2 NULL
@mass_prop_ptr 3 0
1 3 ->
@type 4 1
2 4 0
@density 5 2
2 5 0
@init_dens 6 5
2 6 0
@rel_density 7 2
2 7 0
@init_rel_dens 8 5
2 8 0
@aver_density 9 2
2 9 0
@vrevnum 10 1
2 10 -1
@volume 11 2
2 11 0
@cg 12 2
2 12 [3]
$3*0
@inertia 13 2
2 13 [3][3]
$3*0
$3*0
$3*0
@eps 14 2
2 14 0
@surfarea 15 2
2 15 0
@assign_mp_ptr 16 0
1 16 NULL
@mat_name_ptr 17 10
1 17 NULL
@unit_arr 18 0
1 18 [3]
2 18 
@type 19 1
3 19 1
@factor 20 2
3 20 3FF
@name 21 10
3 21 INCH
@unit_type 22 1
3 22 0
2 18 
3 19 2
3 20 3FF
3 21 POUND
3 22 1
2 18 
3 19 11
3 20 3FF
3 21 HOURS
3 22 2
#GeomDepen
@Sld_GeomDepend 1 0
0 1 ->
@frst_geom_ptr 2 1
1 2 0
@fem_data 3 0
1 3 ->
@fem_layer_id 4 1
2 4 -1
@fem_mesh_revnum 5 1
2 5 -1
@fem_constr_revnum 6 1
2 6 -1
@p_user_fem_data 7 0
2 7 ->
@user_shell_model_ptr 8 0
3 8 NULL
@p_partition_info 9 0
3 9 NULL
@mirr_geom_ids 10 1
3 10 [3]
$3*-1
@user_qlt_shl_model_arr 11 0
3 11 
@default_contact_type 12 1
3 12 4
@merged_solid_ref_data 13 1
3 13 0
@p_internal_fem_data 14 0
2 14 ->
@first_quilt_ptr 15 1
1 15 0
#DispCntrl
@Sld_DispCntrl 1 0
0 1 ->
@color_prop_ptr 2 0
1 2 ->
@color_refs 3 0
2 3 [2]
3 3 
@ref_color 4 0
4 4 ->
@maximum 5 2
5 5 [3]
$3*3FF
@ambient 6 2
5 6 3FECR
@diffuse 7 2
5 7 3FECR
@specular 8 2
5 8 3FE9R
@spec_coef 9 2
5 9 3FE
@transmission 10 2
5 10 0
@threshold 11 1
5 11 90
@gl_ind 12 1
5 12 0
@highlight 13 2
5 13 [3]
$3*3FF
@reflection 14 2
5 14 3FECR
@bump_height 15 2
5 15 3FF
@bump 16 3
5 16 NULL
@decal_intensity 17 2
5 17 4059
@decal 18 3
5 18 NULL
@texture 19 3
5 19 NULL
3 3 
4 4 ->
5 5 [3]
$0,3FF,0
5 6 3FECR
5 7 3FECR
5 8 3FE9R
5 9 3FE
5 10 0
5 11 90
5 12 5
5 13 [3]
$3*3FF
5 14 3FECR
5 15 3FF
5 16 NULL
5 17 4059
5 18 NULL
5 19 NULL
@surf_ind_tab 20 0
2 20 [2]
3 20 
@surf_id 21 1
4 21 1
@surf_color_inds 22 1
4 22 [2]
$0,-1
@surf_pl 23 0
4 23 [2]
5 23 
@placement_ptr 24 0
6 24 NULL
5 23 
6 24 NULL
3 20 
4 21 3
4 22 [2]
$1,-1
4 23 [2]
5 23 
6 24 NULL
5 23 
6 24 NULL
#DisplData
@Sld_DispData 1 0
0 1 ->
@disp_data 2 0
1 2 
#LargeText
@Sld_LargeText 1 0
0 1 ->
@names_table 2 0
1 2 [1]
2 2 ->
@id 3 1
3 3 5
@type 4 1
3 4 25
@name 5 10
3 5 MACH
@relpar_sets 6 0
1 6 [1]
2 6 
@id 7 1
3 7 -1
@type 8 1
3 8 1
@ext_ref_id 9 1
3 9 -1
@relatnum 10 1
3 10 0
@cfg_states 11 0
1 11 NULL
#FamilyInf
@Sld_FamilyInfo 1 0
0 1 ->
@drv_tbl_ptr 2 0
1 2 NULL
#VisibGeom
@Sld_VisGeom 1 0
0 1 ->
@active_geom 2 0
1 2 
#NovisGeom
@Sld_NonVisGeom 1 0
0 1 ->
@inactive_geom 2 0
1 2 
@external_geom 3 0
1 3 
#ActEntity
@Sld_Entities 1 0
0 1 ->
@act_feat_ents 2 0
1 2 [1]
2 2 
@feat_id 3 1
3 3 4
@datum_id 4 1
3 4 -1
@entity_ptr(coord_sys) 5 0
3 5 ->
@type 6 1
4 6 18
@id 7 1
4 7 5
@gen_info 8 0
4 8 
@color 9 1
5 9 1
@sys_type 10 1
4 10 -1
@pnt_type 11 1
4 11 -1
@radius 12 2
4 12 0
@local_sys 13 2
4 13 [4][3]
$0,BFF,0
$2*0,3FF
$BFF,2*0
$4012849B54C3F6D8,BFFDD864716A5ADA,4010F5649B741D15
@feat_id 14 1
4 14 4
@entity(text) 15 0
3 15 ->
@text_type 16 1
4 16 34
@text_value 17 10
4 17 MACH
@txt_attrib 18 1
4 18 1
@coord 19 2
4 19 [3]
$406B3C285EB25236,4082359D451CA3D8,C067EFF05CE6387C
@owner_id 20 1
4 20 5
@height 21 2
4 21 BFF
@width_factor 22 2
4 22 BFF
@format_info 23 0
4 23 
@thickness 24 2
4 24 BFF
#AllFeatur
@Sld_Features 1 0
0 1 ->
@first_feat_ptr 2 0
1 2 ->
@id 3 1
2 3 1
@indep_attributes 4 1
2 4 4097
@feat_type_ptr 5 0
2 5 ->
@table_id 6 1
3 6 -1
@type 7 1
3 7 1000
@feattype_key 8 10
3 8 NULL
@form 9 1
3 9 0
@attributes 10 1
3 10 [3]
$3*0
@placement 11 1
3 11 0
@intersection 12 1
3 12 -1
@internal_udf_type 13 1
3 13 -1
@param_choice_ptr 14 0
3 14 ->
@blend_choice 15 1
4 15 0
@depth_choice 16 1
4 16 0
@angle_choice 17 1
4 17 -1
@pat_choice 18 1
4 18 -1
@round_choice 19 1
4 19 -1
@subsec_choice 20 1
4 20 -1
@sweep_choice 21 1
4 21 0
@dome_choice 22 1
4 22 0
@draft_choice 23 1
4 23 0
@misc_choice 24 1
4 24 [2]
$32,0
@assoc_type 25 1
3 25 0
@symbol_key 26 1
2 26 -1
@sect_name 27 10
2 27 no_name
@model_type 28 1
2 28 1
@idtab_ptr 29 0
2 29 ->
@save_geoms 30 0
3 30 NULL
@cr_flags_xar 31 1
3 31 [30]
$3*-1,-2049,2*-1,-16777217,3*-1,-536870913,-1,-1126176897,-2,-2097185,
$-2097665,-1,-1073741843,-1,-1073741825,-257,-261121,-1,-32769,-1,-4194305,
$-1,-234881025,428157213,55053
@cvt_feat_dat 32 0
3 32 NULL
@feat_dates_ptr 33 0
3 33 ->
@creat_date 34 1
4 34 180035
@regen_date 35 1
4 35 180035
@group_info_ptr 36 0
2 36 NULL
@intrs_pairs_ptr 37 0
2 37 ->
@place_rec_ptr 38 0
2 38 ->
@local_sys 39 2
3 39 [4][3]
$3FA42850A142850A,2*0
$0,3FA42850A142850A,0
$2*0,3FA42850A142850A
$3*0
@own_ref_id 40 1
3 40 0
@orient 41 1
3 41 0
@trf_arr 42 0
3 42 [1]
4 42 
@type 43 1
5 43 19
@idx 44 1
5 44 0
@transf 45 2
5 45 [4][3]
$3FA42850A142850A,2*0
$0,3FA42850A142850A,0
$2*0,3FA42850A142850A
$3*0
@next_prop 46 0
2 46 NULL
@first_geom_id 47 1
2 47 -1
@cond_tbl_idx 48 1
2 48 -1
@comment 49 10
2 49 NULL
@merge_info_ptr 50 0
2 50 NULL
@dat_ptr(comp_data) 51 0
2 51 ->
@type 52 1
3 52 123
@model_ptr 53 0
3 53 
@object_type 54 1
4 54 2
@name 55 10
4 55 BATTERY_TRODE
@simpl_rep 56 0
4 56 NULL
@placed_flag 57 1
3 57 1
@subst_asm_ref_id 58 1
3 58 -1
@instance 59 3
3 59 NULL
@stamp 60 0
3 60 
@major_vers 61 0
4 61 
@vers 62 1
5 62 0
@alias_name 63 10
5 63 
@minor_vers 64 0
4 64 
@vers 65 1
5 65 0
@dep_id 66 1
3 66 0
@topology_increment 67 0
2 67 ->
@first_geom 68 1
3 68 0
@first_quilt 69 1
3 69 0
@outline 70 2
3 70 [2][3]
$3*0
$3*0
@max_part_size 71 2
3 71 0
@xform_increment 72 0
3 72 NULL
@roll_back_id 73 1
3 73 -1
@state_ind 74 1
2 74 -1
@alumni_info 75 0
2 75 NULL
@revnum 76 1
2 76 2
@rev_rec 77 0
2 77 ->
@revnums 78 0
3 78 [1]
4 78 ->
@owner_type 79 1
5 79 3
@owner_ind 80 1
5 80 -1
@ref_id 81 1
5 81 -1
@ref_revnum 82 1
5 82 -1
@num_plins 83 1
3 83 0
@expl_state_ref 84 0
2 84 NULL
@feat_outl_info 85 0
2 85 NULL
@next_feat_ptr 86 0
1 86 ->
2 3 3
2 4 4097
2 5 ->
3 6 -1
3 7 1000
3 8 NULL
3 9 0
3 10 [3]
$3*0
3 11 0
3 12 -1
3 13 -1
3 14 ->
4 15 0
4 16 0
4 17 -1
4 18 -1
4 19 -1
4 20 -1
4 21 0
4 22 0
4 23 0
4 24 [2]
$64,0
3 25 0
2 26 -1
2 27 no_name
2 28 1
2 29 ->
3 30 NULL
3 31 [30]
$3*-1,-2049,2*-1,-16777217,3*-1,-536870913,-1,-1126176897,-2,-2097185,
$-2097665,-1,-1073741843,-1,-1073741825,-257,-261121,-1,-32769,-1,-4194305,
$-1,-234881025,428157213,55053
3 32 NULL
3 33 ->
4 34 180035
4 35 180035
2 36 NULL
2 37 ->
2 38 ->
3 39 [4][3]
$3FF,2*0
$0,3FF,0
$2*0,3FF
$3*0
@place_instruction_ptrs 87 0
3 87 [2]
4 87 ->
@type 88 1
5 88 52
@offset 89 2
5 89 0
@dim_id 90 1
5 90 -1
@ref_id 91 1
5 91 0
@geometry1_id 92 1
5 92 -1
@geometry2_id 93 1
5 93 -1
@memb_num1 94 1
5 94 0
@memb_num2 95 1
5 95 0
@attr 96 1
5 96 0
@plin_info_arr 97 0
5 97 [1]
6 97 ->
@type 98 1
7 98 6
@data(plin_info_ui_step) 99 0
7 99 ->
@step_ids 100 1
8 100 [1]
9 100 -100
4 87 ->
5 88 5
5 89 0
5 90 0
5 91 1
5 92 7
5 93 7
5 94 1
5 95 1
@memb_id_tab1 101 1
5 101 [1]
6 101 3
@memb_id_tab2 102 1
5 102 [1]
6 102 3
5 96 512
5 97 [1]
6 97 ->
7 98 6
7 99 ->
8 100 [1]
9 100 -100
3 40 0
3 41 0
3 42 [1]
4 42 
5 43 19
5 44 0
5 45 [4][3]
$3FF,2*0
$0,3FF,0
$2*0,3FF
$3*0
2 46 NULL
2 47 -1
2 48 -1
2 49 NULL
2 50 NULL
2 51 ->
3 52 123
3 53 
4 54 2
4 55 TRODE_WP
4 56 NULL
3 57 1
3 58 -1
3 59 NULL
3 60 
4 61 
5 62 0
5 63 
4 64 
5 65 0
3 66 1
2 67 ->
3 68 0
3 69 0
3 70 [2][3]
$400125B68D0E345R,C02201327391ADB9,C010A379165564C3
$401232AFCFA53E86,C00127F9AE09B7F1,4010A379165564C3
3 71 0
3 72 NULL
3 73 -1
2 74 -1
2 75 NULL
2 76 2
2 77 ->
3 78 [3]
4 78 ->
5 79 3
5 80 -1
5 81 -1
5 82 -1
4 78 ->
5 79 1
5 80 -1
5 81 1
5 82 3
@memb_tab_revnums 103 1
5 103 [1]
6 103 2
4 78 ->
5 79 2
5 80 -1
5 81 1
5 82 3
5 103 [1]
6 103 2
3 83 2
2 84 NULL
2 85 NULL
1 86 ->
2 3 4
2 4 4097
2 5 ->
3 6 -1
3 7 979
3 8 NULL
3 9 0
3 10 [3]
$3*0
3 11 0
3 12 -1
3 13 -1
3 14 ->
4 15 0
4 16 0
4 17 -1
4 18 -1
4 19 -1
4 20 -1
4 21 0
4 22 0
4 23 0
4 24 [2]
$1,0
3 25 0
2 26 -1
2 27 no_name
2 28 1
2 29 ->
@misc_id_tab 104 0
3 104 [1]
4 104 
@misc_hist 105 1
5 105 [5]
$5,534,0,-1,500
3 30 NULL
3 31 [30]
$3*-1,-2049,2*-1,-16777217,3*-1,-536870913,-1,-1126176897,-2,-2097185,
$-2097665,-1,-1073741843,-1,-1073741825,-257,-261121,-1,-32769,-1,-4194305,
$-1,-234881025,428157213,55053
3 32 NULL
3 33 ->
4 34 180035
4 35 180035
2 36 NULL
2 37 ->
2 38 ->
3 39 [4][3]
$0,BFF,0
$2*0,3FF
$BFF,2*0
$4012849B54C3F6D8,BFFDD864716A5ADA,4010F5649B741D15
3 87 [5]
4 87 ->
5 88 1240
5 89 0
5 90 -1
5 91 0
5 92 20
5 93 -1
5 94 1
5 95 0
5 101 [1]
6 101 3
5 96 512
5 97 [1]
6 97 ->
7 98 6
7 99 ->
8 100 [1]
9 100 -100
4 87 ->
5 88 1240
5 89 0
5 90 -1
5 91 1
5 92 13
5 93 -1
5 94 1
5 95 0
5 101 [1]
6 101 3
5 96 512
5 97 [1]
6 97 ->
7 98 6
7 99 ->
8 100 [1]
9 100 -100
4 87 ->
5 88 1240
5 89 0
5 90 -1
5 91 2
5 92 59
5 93 -1
5 94 1
5 95 0
5 101 [1]
6 101 3
5 96 512
5 97 [1]
6 97 ->
7 98 6
7 99 ->
8 100 [1]
9 100 -100
4 87 ->
5 88 1270
5 89 C008
5 90 -1
5 91 3
5 92 -1
5 93 -1
5 94 0
5 95 0
5 96 0
5 97 [1]
6 97 ->
7 98 6
7 99 ->
8 100 [1]
9 100 -100
4 87 ->
5 88 1271
5 89 BFF
5 90 -1
5 91 4
5 92 -1
5 93 -1
5 94 0
5 95 0
5 96 0
5 97 [1]
6 97 ->
7 98 6
7 99 ->
8 100 [1]
9 100 -100
3 40 0
3 41 0
3 42 [1]
4 42 
5 43 10
5 44 0
5 45 [4][3]
$0,BFF,0
$2*0,3FF
$BFF,2*0
$4012849B54C3F6D8,BFFDD864716A5ADA,4010F5649B741D15
2 46 NULL
2 47 -1
2 48 -1
2 49 NULL
2 50 NULL
@parent_table 106 1
2 106 [1]
3 106 3
2 67 ->
3 68 0
3 69 0
3 70 [2][3]
$400081DF82D0C3B2,C02201327391ADB9,C010F5649B741D15
$4012849B54C3F6D9,BFFDD864716A5ADA,4010F5649B741D15
3 71 0
3 72 NULL
3 73 -1
2 74 -1
2 75 NULL
2 76 4
2 77 ->
3 78 [4]
4 78 ->
5 79 3
5 80 -1
5 81 -1
5 82 -1
4 78 ->
5 79 1
5 80 -1
5 81 0
5 82 15
5 103 [1]
6 103 2
4 78 ->
5 79 1
5 80 -1
5 81 1
5 82 15
5 103 [1]
6 103 2
4 78 ->
5 79 1
5 80 -1
5 81 2
5 82 15
5 103 [1]
6 103 2
3 83 5
2 84 NULL
2 85 ->
@ent_outl 107 2
3 107 [2][3]
$4012849B54C3F6D8,BFFDD864716A5ADA,4010F5649B741D15
$4012849B54C3F6D8,BFFDD864716A5ADA,4010F5649B741D15
1 86 NULL
@layer_list 108 0
1 108 [3]
2 108 
@feat_id 109 1
3 109 1
@layer_id 110 1
3 110 0
@back_layer_id 111 1
3 111 0
2 108 
3 109 3
3 110 0
3 111 0
2 108 
3 109 4
3 110 0
3 111 0
#FullMData
@Sld_FullData 1 0
0 1 ->
@first_member_ptr 2 0
1 2 NULL
@alumni_members 3 0
1 3 NULL
@ref_part_table 4 0
1 4 [1]
2 4 ->
@name 5 10
3 5 TRODE_MFG
@id 6 1
3 6 -1
@type 7 1
3 7 1
@revnum 8 1
3 8 -1
@dep_id 9 1
3 9 2
@attributes 10 1
3 10 0
@simpl_rep 11 0
3 11 NULL
@first_xsec_ptr 12 0
1 12 NULL
@lang_ptr 13 0
1 13 ->
@interact_on 14 1
2 14 -1
@first_csys_ptr 15 0
1 15 NULL
@offset 16 2
1 16 [1]
2 16 4012ABA0ACF3F572
@ipar_num 17 1
1 17 0
@smt_info_ptr 18 0
1 18 NULL
@cable_info_ptr 19 0
1 19 ->
@id 20 1
2 20 -1
@type 21 1
2 21 94
@ref_harness_id 22 1
2 22 -1
@cable_assem_id 23 1
2 23 -1
@work_subharn_id 24 1
2 24 -3253
@parent_ext_ref_id 25 1
2 25 -1
@p_frbn_info 26 0
2 26 NULL
@comp_info_ptr 27 0
1 27 NULL
@prt_misc_ptr 28 0
1 28 ->
@shrink_data_ptr 29 0
2 29 NULL
@expld_mv_info 30 0
1 30 ->
@act_expl_state 31 1
2 31 -1
@default_state 32 0
2 32 ->
@id 33 1
3 33 -1
@type 34 1
3 34 500
@state_type 35 1
3 35 0
@cur_stage_ind 36 1
3 36 -1
@stage_info 37 0
3 37 [1]
4 37 
@unexpl_subass_info 38 0
3 38 ->
@expld_comp_ref 39 0
3 39 ->
@comp_id 40 1
4 40 -1
@gen_info 41 0
3 41 
@font 42 1
4 42 5
@color 43 1
4 43 10
@state_info_ptr 44 0
1 44 NULL
@alumni_feats 45 0
1 45 NULL
@p_mdl_grid 46 0
1 46 NULL
@mdl_status_ptr 47 0
1 47 NULL
@appl_info_arr 48 0
1 48 [2]
2 48 
@id 49 1
3 49 -1
@type 50 1
3 50 13
2 48 
3 49 -1
3 50 14
@ribbon_info_ptr 51 0
1 51 NULL
@p_xref_data 52 0
1 52 ->
#ModelView#0
@View 1 0
0 1 ->
@id 2 1
1 2 0
@viewattr 3 0
1 3 
@attr_arr 4 1
2 4 [4]
$1,3*0
@mpoint 5 0
1 5 
@id 6 1
2 6 0
@coord 7 2
2 7 [3]
$400AC58B162C58B2,C015C45E4069768A,0
@first_instr_ptr 8 0
2 8 NULL
@attach_ptr 9 0
2 9 NULL
@vpoint 10 0
1 10 
2 6 0
2 7 [3]
$407F4,407A5E,0
2 8 NULL
2 9 NULL
@orient 11 2
1 11 [4][4]
$3FD73D3F9D17319E,3FDEAE5E8E1B7CCB,BFE9910D1AE8F56F,0
$3FB0AD3FDDB3236C,3FEAF450B59DBF3F,3FE11EE3D32AD5A4,0
$3FEDBE2D374A680B,BFCF876A375BF60E,3FD19387EB71AC25,0
$3*0,3FF
@local_sys 12 2
1 12 [4][4]
$4035DCC8E20A14A7,403CDD0957E97183,C0480D49FCBABA42,0
$400F60A2806C5BDE,40495B8164602C89,40401B39A760BBA6,0
$404BFB12F22DE1CF,C02DA939215292EA,403088F4AF3B38F4,0
$407C02E9128860FA,4082CA1B4F7BDD5C,40553B8E5176EC8R,3FF
@first_instr_ptr 13 0
1 13 ->
@type 14 1
2 14 100
@geom_id 15 1
2 15 -1
@view_id 16 1
2 16 -1
@memb_num 17 1
2 17 0
@offset 18 2
2 18 0
@matrix 19 0
2 19 NULL
@next_instr_ptr 20 0
1 20 ->
2 14 301
2 15 -1
2 16 -1
2 17 0
2 18 404E1AAA07D8ACAE
2 19 NULL
1 20 ->
2 14 125
2 15 -1
2 16 -1
2 17 0
2 18 0
2 19 ->
@matrix 21 2
3 21 [4][4]
$3FB6EF18DF0DA826,3FCF42FBE8CB11B5,BFEEE5F2E0AD6D8F,0
$BFE600A9D744D58,3FE6EDF1A22A97AE,3FBE112B82C725FE,0
$3FE70ED3EBB8634C,3FE4E88922A8012,3FCDB627A7581F0A,0
$3*0,3FF
1 20 NULL
@outer_xsec_index 22 1
1 22 -1
@next_view_id 23 1
1 23 6
@simp_rep_id 24 1
1 24 0
@name 25 10
1 25 no name
@matrix 26 2
1 26 [4][4]
$3FF,3*0
$0,3FF,2*0
$2*0,3FF,0
$3*0,3FF
@fit_outline 27 2
1 27 [2][3]
$4059,405518,C07F6AE75D37176C
$408C2,4087BB,0
@det_info_ptr 28 0
1 28 NULL
@named_view_pzmatr 29 0
1 29 NULL
@page_id 30 1
1 30 0
@model_name 31 10
1 31 NULL
@unrep_model_name 32 10
1 32 NULL
@saved_pro_dls 33 0
1 33 ->
@dlists 34 0
2 34 [9]
3 34 
@appl_type 35 1
4 35 1
@dl_type 36 1
4 36 5
@dl_id 37 1
4 37 0
@list_ptr 38 0
4 38 ->
@disp_list_valid 39 1
5 39 1
@pending 40 1
5 40 0
@disp_list_status 41 1
5 41 3
@disp_list_version 42 1
5 42 1
@view_matrix 43 2
5 43 [4][4]
$4035DCC8E20A14A7,403CDD0957E97183,C0480D49FCBABA42,0
$400F60A2806C5BDE,40495B8164602C89,40401B39A760BBA6,0
$404BFB12F22DE1CF,C02DA939215292EA,403088F4AF3B38F4,0
$407C02E9128860FA,4082CA1B4F7BDD5C,40553B8E5176EC8R,3FF
@outline 44 2
5 44 [2][3]
$400081DF8,C02201328,C010F564A
$4012849B6,BFFDD8648,4010F564A
@dl_block_mem_size 45 0
5 45 
@dl_block_mem_size 46 1
6 46 32768
@list 47 0
5 47 ->
@ptr 48 0
6 48 [6]
7 48 
@data(dl_clump) 49 0
8 49 ->
@dl_header 50 0
9 50 
@header 51 0
10 51 
@type 52 5
11 52 30
@count 53 5
11 53 1
@size 54 1
11 54 56
@size 55 1
9 55 84
@keys 56 1
9 56 [4]
$23,3*-1
@clump_size 57 1
9 57 84
@outline 58 0
9 58 NULL
7 48 
@data(dl_int) 59 0
8 59 ->
@dl_header 60 0
9 60 
10 51 
11 52 23
11 53 1
11 54 16
@value_int 61 1
9 61 33554440
7 48 
@data(dl_header) 62 0
8 62 ->
9 51 
10 52 31
10 53 0
10 54 12
7 48 
8 49 ->
9 50 
10 51 
11 52 30
11 53 1
11 54 56
9 55 96
9 56 [4]
$32,3*-1
9 57 96
9 58 NULL
7 48 
@data(dl_obj_node) 63 0
8 63 ->
@dl_obj_node 64 0
9 64 
@dl_header 65 0
10 65 
11 51 
12 52 32
12 53 1
12 54 28
@appl_type 66 1
10 66 46
@id 67 1
10 67 1
@num_keys 68 1
10 68 0
7 48 
8 62 ->
9 51 
10 52 31
10 53 0
10 54 12
@locked 69 1
5 69 0
@visibile 70 1
5 70 1
@contents 71 1
5 71 65556
@attached 72 1
5 72 0
@wire_colors 73 1
5 73 [2]
$543581798,553648127
3 34 
4 35 10
4 36 7
4 37 0
4 38 ->
5 39 1
5 40 0
5 41 3
5 42 0
5 43 [4][4]
$4035DCC8E20A14A7,403CDD0957E97183,C0480D49FCBABA42,0
$400F60A2806C5BDE,40495B8164602C89,40401B39A760BBA6,0
$404BFB12F22DE1CF,C02DA939215292EA,403088F4AF3B38F4,0
$407C02E9128860FA,4082CA1B4F7BDD5C,40553B8E5176EC8R,3FF
5 44 [2][3]
$406D856A8,406B5F0AE,C076E09DA
$40885AAD6,4085F94D,C0113FF96
5 45 
6 46 8192
5 47 ->
6 48 [20]
7 48 
@data(dl_gc) 74 0
8 74 ->
@header 75 0
9 75 
10 51 
11 52 53
11 53 1
11 54 36
@int_data 76 1
9 76 [5]
$2*2,0,1,0
@linewidth 77 6
9 77 0
7 48 
@data(dl_matrix) 78 0
8 78 ->
@dl_header 79 0
9 79 
10 51 
11 52 1
11 53 16
11 54 76
@dl_matrix 80 6
9 80 [4][4]
$3F8,3*0
$0,3F8,2*0
$2*0,3F8,0
$3*0,3F8
7 48 
@data(dl_ref_color) 81 0
8 81 ->
@dl_header 82 0
9 82 
10 51 
11 52 9
11 53 1
11 54 88
@ref_color_flt 83 0
9 83 
@maximum 84 6
10 84 [3]
$3*BF8
@ambient 85 6
10 85 3F6R
@diffuse 86 6
10 86 3F6R
@specular 87 6
10 87 3F4CR
@spec_coef 88 6
10 88 3F
@transmission 89 6
10 89 0
@threshold 90 1
10 90 90
@gl_ind 91 1
10 91 0
@highlight 92 6
10 92 [3]
$3*3F8
@reflection 93 6
10 93 3F6R
@bump_height 94 6
10 94 3F8
@bump 95 3
10 95 NULL
@decal_intensity 96 6
10 96 42C8
@decal 97 3
10 97 NULL
@texture 98 3
10 98 NULL
7 48 
8 62 ->
9 51 
10 52 10
10 53 0
10 54 12
7 48 
8 81 ->
9 82 
10 51 
11 52 9
11 53 1
11 54 88
9 83 
10 84 [3]
$3*BF8
10 85 3F6R
10 86 3F6R
10 87 3F4CR
10 88 3F
10 89 0
10 90 90
10 91 0
10 92 [3]
$3*3F8
10 93 3F6R
10 94 3F8
10 95 NULL
10 96 42C8
10 97 NULL
10 98 NULL
7 48 
8 74 ->
9 75 
10 51 
11 52 53
11 53 1
11 54 36
9 76 [5]
$2*2,0,1,0
9 77 0
7 48 
8 62 ->
9 51 
10 52 1024
10 53 1480
10 54 12
7 48 
@data(dl_multi_polyline) 99 0
8 99 ->
@dl_multi_polyline 100 0
9 100 
@dl_header 101 0
10 101 
11 51 
12 52 27
12 53 116
12 54 1480
@midpnt 102 6
10 102 [4]
$43BE6DB4,43FB708E,43DDA0B4,C34A09B9
@narrays 103 0
10 103 
@number_of_spans 104 1
11 104 14
@spans 105 1
10 105 [14]
$12,3,6,3,9,15,3,12,9,12,4,13,3,12
@points 106 6
10 106 [348]
$43F30016,439CBEEC,C368137E,43F2BCE7,439C6B8C,C368B49E,43F104B5,439AFA1R,
$C36C002R,43EEDAC8,439A17D6,C36F071F,43EC64DF,4399D447,C37194C4,43E9CDE6,
$439A33FD,C3737C86,43E7430E,439B3074,C3749D27,43E4F0AF,439CB87R,C374E2FD,
$43E2FF4C,439EB14E,C3744943,43E190CA,43A0F893,C372DA76,43E0BE2R,43A36685,
$C370AF93,43E095B1,43A5D0C2,C36DEE6B,44383A9D,440052EA,C29F8D45,4437D0F1,
$4400BA06,C292ADDB,4437A847,4400C9C7,C28E4737,443ED743,4404BF72,C316B41F,
$443ED02,44061443,C312694D,443EA963,44073043,C30D35,443E6528,44080575,
$C3075B6R,443E0513,44088E8R,C3010117,443DAE9E,4408BE5,C2F8524D,4403D912,
$436E1A97,C3B704ED,4403B854,436B70E4,C3B4E454,440325D2,43671547,C3B15274,
$4398064R,4426DE0C,C38140A9,4397CD83,4426E29E,C380693A,4396D1C1,4426BFEC,
$C37A47EC,4395B0EB,44264AA4,C37414A,439477BA,4425886C,C36E7C71,43932F0F,
$44247E85,C369A907,4391E8CE,44233B85,C365DD1F,4390ACBE,4421C72C,C3632FBR,
$438F8B2R,44203449,C361C598,440325D2,43671547,C3B15274,44022778,43632BFC,
$C3AE004F,4400C863,435FE0C7,C3AB130D,43FE2FD6,435D5881,C3A8AB6D,43FA51EF,
$435BAF8,C3A6E457,43F62254,435AF857,C3A5D1AE,43F1CFD9,435B3B07,C3A57F73,
$43ED8ADB,435C74A5,C3A5F13F,43E9831F,435E977E,C3A72218,43E5E5BR,43618BAR,
$C3A904AB,43E2DB23,4365301E,C3AB83E2,43E0855D,43695C18,C3AE83CR,43DEFE89,
$436DE0EB,C3B1E2D9,43DE57BC,43728C0A,C3B57B52,43DE56C3,43747F83,C3B70463,
$43E095B1,43A5D0C2,C36DEE6B,43E11A37,43A80D29,C36AC70D,43E1FF7E,43A9A156,
$C368119D,438BF98A,441EE984,C34D7BCE,438B5E52,441EEA2B,C3491468,438A53AE,
$441EA5CA,C342AF36,4389261F,441E0FAB,C33CAD4R,4387E5FR,441D2FD4,C337627B,
$43869C82,441C0CF2,C332F4CB,438557EC,441AB32F,C32F970D,438426BR,44193265,
$C32D6E1R,4383116F,4417950B,C32C8A36,43822724,4415F1BE,C32CF797,43816D8D,
$441452C9,C32EB31F,4380EE4C,4412CD2A,C331A82,443DAE9E,4408BE5,C2F8524D,
$443D8E5E,4408C3E8,C2F4FDB7,443D0461,4408A46C,C2E80549,443C6D34,440830EF,
$C2DBAEAR,443BCF74,44076F05,C2D08106,443B2FA1,440663EC,C2C6CF89,443A9669,
$44051E4C,C2BF204C,443A0775,4403A5F4,C2B9A1E1,44398A27,44020DE7,C2B69F84,
$43E1FF7E,43A9A156,C368119D,43E242AD,43A9F4B6,C367707D,43E3FADE,43AB6632,
$C36424F9,43E624CR,43AC486C,C3611DFC,43E89AB5,43AC8BFC,C35E9057,43EB31AD,
$43AC2C45,C35CA895,43EDBC86,43AB2FCE,C35B87F4,43F00EE4,43A9A7CR,C35B421E,
$43F20048,43A7AEF4,C35BDBD8,43F36ECA,43A567B,C35D4AA5,43F44171,43A2F9BE,
$C35F758R,43F469E3,43A08F8,C36236B,43F97516,43A5450A,C3823C5E,43F9A462,
$43A585C5,C38218A4,43FAACE8,43A7779D,C3810035,43FB1B3C,43A9654R,C37FA92C,
$43FB1B3C,43A9654R,C37FA92C,43FAF734,43AB559D,C37D15F,43FA3726,43AD4291,
$C37A5B4B,43F8EC57,43AF02BF,C377E0BD,43F73948,43B0880C,C375F5B1,43F52A9F,
$43B1D9DC,C374C9B6,43F2F271,43B2E385,C3749A02,43F0CB67,43B398C6,C37565F3,
$43EEB32C,43B4024F,C3772127,43ECA695,43B417FC,C379DDAC,43EADAFE,43B3C9AF,
$C37D54CA,43E96C41,43B317CF,C3808D17,43E872FB,43B225E7,C3823D0B,43F469E3,
$43A08F8,C36236B,43F3E55C,439E531A,C3655E0E,43F30016,439CBEEC,C368137E,
$4437A847,4400C9C7,C28E4737,4437512C,4400CCF2,C2858EDE,4436C1F,44008B31,
$C271B7D,443626A6,43FFEC89,C259C556,443587BE,43FE2C3E,C24494C,4434E9C2,
$43FBE2E4,C232BE0C,44345392,43F928F4,C2250DD6,4433CBDR,43F61E6C,C21C1A12,
$4433566C,43F2D87C,C2182661,4432F9A6,43EF84F7,C21968AE,4432B7C9,43EC38C6,
$C21FD7R,4432944E,43E91E9C,C22B266E
7 48 
8 62 ->
9 51 
10 52 1024
10 53 412
10 54 12
7 48 
@data(dl_multi_line) 107 0
8 107 ->
@dl_multi_line 108 0
9 108 
@dl_header 109 0
10 109 
11 51 
12 52 26
12 53 32
12 54 412
@midpnt 110 6
10 110 [4]
$43BB2015,43FB708E,43E264A1,C34C6976
@points 111 6
10 111 [96]
$4430FD1C,43AC46B4,C2E120E,443E23B2,43CF0006,C3644E59,43E1FF06,43A9A0E8,
$C368128D,43E8727R,43B2252F,C3823AER,4372652A,43E9F73F,C37A1F98,4430FD1C,
$43AC46B4,C2E120E,443E23B2,43CF0006,C3644E59,443ED743,4404BF72,C316B41F,
$4380EE4C,4412CD2A,C331A82,4372652A,43E9F73F,C37A1F98,43F3008D,439CBF5A,
$C368128D,43F973FE,43A543A2,C3823AEF,43E4C5ED,43CD74F8,C3822AD6,43E20092,
$43A9A0CA,C398ECC,43E16041,43A187DR,C39E116A,43DE568D,43747FE4,C3B704A8,
$438F8B2R,44203449,C361C598,438D5146,441EBC1E,C357F9E3,4406C592,43C2A6F9,
$C386FF9D,4403D92D,436E1A37,C3B704A8,439805EA,4426DE13,C381412A,443DAEE2,
$4408BE39,C2F8534R,438BF8F9,441EE9BD,C34D7B42,4437A883,4400C9DC,C28E44E5,
$4432944E,43E91E9C,C22B266E,4430FD1C,43AC46B4,C2E120E,44398A27,44020DE7,
$C2B69F84,438F8B2R,44203449,C361C598,44398A27,44020DE7,C2B69F84,44383A9D,
$440052EA,C29F8D45,4432944E,43E91E9C,C22B266E,4380EE4C,4412CD2A,C331A82
7 48 
8 62 ->
9 51 
10 52 10
10 53 0
10 54 12
7 48 
8 81 ->
9 82 
10 51 
11 52 9
11 53 1
11 54 88
9 83 
10 84 [3]
$0,3F8,0
10 85 3F6R
10 86 3F6R
10 87 3F4CR
10 88 3F
10 89 0
10 90 90
10 91 5
10 92 [3]
$3*3F8
10 93 3F6R
10 94 3F8
10 95 NULL
10 96 42C8
10 97 NULL
10 98 NULL
7 48 
8 62 ->
9 51 
10 52 10
10 53 0
10 54 12
7 48 
8 81 ->
9 82 
10 51 
11 52 9
11 53 1
11 54 88
9 83 
10 84 [3]
$0,3F8,0
10 85 3F6R
10 86 3F6R
10 87 3F4CR
10 88 3F
10 89 0
10 90 90
10 91 5
10 92 [3]
$3*3F8
10 93 3F6R
10 94 3F8
10 95 NULL
10 96 42C8
10 97 NULL
10 98 NULL
7 48 
8 59 ->
9 60 
10 51 
11 52 34
11 53 1
11 54 16
9 61 0
7 48 
8 62 ->
9 51 
10 52 1024
10 53 244
10 54 12
7 48 
8 107 ->
9 108 
10 109 
11 51 
12 52 26
12 53 18
12 54 244
10 110 [4]
$43B001DR,43FDE04,44028706,C308225R
10 111 [54]
$436C2B54,43E9678C,C377991R,4378B862,441D462F,C310846D,436C2B54,43E9678C,
$C377991R,4431ABB3,43AA8746,C2D6C945,4431ABB3,43AA8746,C2D6C945,443FB227,
$43CF8FB8,C366D4E1,4442D56B,44105A45,C2FF807A,4398691A,442FCA68,C385FA56,
$4398691A,442FCA68,C385FA56,4378B862,441D462F,C310846D,443FB227,43CF8FB8,
$C366D4E1,4442D56B,44105A45,C2FF807A,4378B862,441D462F,C310846D,4434CEF6,
$43FBAC18,C089FFCB,4431ABB3,43AA8746,C2D6C945,4434CEF6,43FBAC18,C089FFCB,
$4434CEF6,43FBAC18,C089FFCB,4442D56B,44105A45,C2FF807A
7 48 
8 62 ->
9 51 
10 52 10
10 53 0
10 54 12
7 48 
8 59 ->
9 60 
10 51 
11 52 34
11 53 1
11 54 16
9 61 0
7 48 
8 62 ->
9 51 
10 52 0
10 53 0
10 54 0
5 69 0
5 70 1
5 71 65538
5 72 0
5 73 [4]
$536897024,536936192,536936705,547003034
3 34 
4 35 21
4 36 5
4 37 4
3 34 
4 35 46
4 36 5
4 37 1
4 38 ->
5 39 1
5 40 0
5 41 3
5 42 0
5 43 [4][4]
$3FF,3*0
$0,3FF,2*0
$2*0,3FF,0
$3*0,3FF
5 44 [2][3]
$400081DF8,C02201328,C010F564A
$4012849B6,BFFDD8648,4010F564A
5 45 
6 46 1024
5 47 ->
6 48 [15]
7 48 
8 49 ->
9 50 
10 51 
11 52 30
11 53 1
11 54 56
9 55 144
9 56 [4]
$39,3*-1
9 57 144
9 58 NULL
7 48 
8 78 ->
9 79 
10 51 
11 52 39
11 53 1
11 54 76
9 80 [4][4]
$3F8,3*0
$0,3F8,2*0
$2*0,3F8,0
$4*0
7 48 
8 62 ->
9 51 
10 52 31
10 53 0
10 54 12
7 48 
8 49 ->
9 50 
10 51 
11 52 30
11 53 1
11 54 56
9 55 84
9 56 [4]
$23,3*-1
9 57 84
9 58 NULL
7 48 
8 59 ->
9 60 
10 51 
11 52 23
11 53 1
11 54 16
9 61 16
7 48 
8 62 ->
9 51 
10 52 31
10 53 0
10 54 12
7 48 
8 49 ->
9 50 
10 51 
11 52 30
11 53 1
11 54 56
9 55 100
9 56 [4]
$32,3*-1
9 57 100
9 58 NULL
7 48 
8 63 ->
9 64 
10 65 
11 51 
12 52 32
12 53 1
12 54 32
10 66 46
10 67 1
10 68 1
@keys 112 1
10 112 [1]
11 112 1
7 48 
8 62 ->
9 51 
10 52 31
10 53 0
10 54 12
7 48 
8 49 ->
9 50 
10 51 
11 52 30
11 53 1
11 54 56
9 55 100
9 56 [4]
$32,3*-1
9 57 100
9 58 NULL
7 48 
8 63 ->
9 64 
10 65 
11 51 
12 52 32
12 53 1
12 54 32
10 66 46
10 67 1
10 68 1
10 112 [1]
11 112 3
7 48 
8 62 ->
9 51 
10 52 31
10 53 0
10 54 12
7 48 
8 49 ->
9 50 
10 51 
11 52 30
11 53 1
11 54 56
9 55 92
9 56 [4]
$32,3*-1
9 57 92
9 58 NULL
7 48 
@data(dl_obj_disp_data) 113 0
8 113 ->
@obj_disp_data 114 0
9 114 
@dl_header 115 0
10 115 
11 51 
12 52 46
12 53 1
12 54 24
@override_color 116 1
10 116 -1
@global_color 117 1
10 117 -1
@disp_data 118 0
10 118 ->
@part_color 119 1
11 119 -1
@model_type 120 1
11 120 1
@generic_name 121 10
11 121 NULL
@label 122 10
11 122 NULL
7 48 
8 62 ->
9 51 
10 52 31
10 53 0
10 54 12
5 69 0
5 70 1
5 71 65556
5 72 1
5 73 [2]
$543581798,553648127
3 34 
4 35 46
4 36 5
4 37 1
@key_list 123 1
4 123 [1]
5 123 1
4 38 ->
5 39 1
5 40 0
5 41 3
5 42 0
5 43 [4][4]
$3FF,3*0
$0,3FF,2*0
$2*0,3FF,0
$3*0,3FF
5 44 [2][3]
$404B38AB6,C06C9519C,C05A69E9E
$405CE3AA4,C04BC330A,405A69E9E
5 45 
6 46 1024
5 47 ->
6 48 [9]
7 48 
8 49 ->
9 50 
10 51 
11 52 30
11 53 1
11 54 56
9 55 144
9 56 [4]
$39,3*-1
9 57 144
9 58 NULL
7 48 
8 78 ->
9 79 
10 51 
11 52 39
11 53 1
11 54 76
9 80 [4][4]
$3D214285,3*0
$0,3D214285,2*0
$2*0,3D214285,0
$3*0,3F8
7 48 
8 62 ->
9 51 
10 52 31
10 53 0
10 54 12
7 48 
8 49 ->
9 50 
10 51 
11 52 30
11 53 1
11 54 56
9 55 84
9 56 [4]
$23,3*-1
9 57 84
9 58 NULL
7 48 
8 59 ->
9 60 
10 51 
11 52 23
11 53 1
11 54 16
9 61 16
7 48 
8 62 ->
9 51 
10 52 31
10 53 0
10 54 12
7 48 
8 49 ->
9 50 
10 51 
11 52 30
11 53 1
11 54 56
9 55 92
9 56 [4]
$32,3*-1
9 57 92
9 58 NULL
7 48 
8 113 ->
9 114 
10 115 
11 51 
12 52 46
12 53 1
12 54 24
10 116 -1
10 117 -1
10 118 ->
11 119 -1
11 120 2
@model_name 124 10
11 124 BATTERY_TRODE
11 121 NULL
11 122 NULL
7 48 
8 62 ->
9 51 
10 52 31
10 53 0
10 54 12
5 69 0
5 70 1
5 71 65540
5 72 1
5 73 [2]
$543581798,553648127
3 34 
4 35 46
4 36 5
4 37 1
4 123 [1]
5 123 3
4 38 ->
5 39 1
5 40 0
5 41 3
5 42 0
5 43 [4][4]
$3FF,3*0
$0,3FF,2*0
$2*0,3FF,0
$3*0,3FF
5 44 [2][3]
$400081DF8,C01442E5E,C010F564A
$4012849B6,BFFDD8648,4010F564A
5 45 
6 46 1024
5 47 ->
6 48 [9]
7 48 
8 49 ->
9 50 
10 51 
11 52 30
11 53 1
11 54 56
9 55 144
9 56 [4]
$39,3*-1
9 57 144
9 58 NULL
7 48 
8 78 ->
9 79 
10 51 
11 52 39
11 53 1
11 54 76
9 80 [4][4]
$3F8,3*0
$0,3F8,2*0
$2*0,3F8,0
$4*0
7 48 
8 62 ->
9 51 
10 52 31
10 53 0
10 54 12
7 48 
8 49 ->
9 50 
10 51 
11 52 30
11 53 1
11 54 56
9 55 84
9 56 [4]
$23,3*-1
9 57 84
9 58 NULL
7 48 
8 59 ->
9 60 
10 51 
11 52 23
11 53 1
11 54 16
9 61 16
7 48 
8 62 ->
9 51 
10 52 31
10 53 0
10 54 12
7 48 
8 49 ->
9 50 
10 51 
11 52 30
11 53 1
11 54 56
9 55 92
9 56 [4]
$32,3*-1
9 57 92
9 58 NULL
7 48 
8 113 ->
9 114 
10 115 
11 51 
12 52 46
12 53 1
12 54 24
10 116 -1
10 117 -1
10 118 ->
11 119 -1
11 120 2
11 124 TRODE_WP
11 121 NULL
11 122 NULL
7 48 
8 62 ->
9 51 
10 52 31
10 53 0
10 54 12
5 69 0
5 70 1
5 71 65540
5 72 1
5 73 [2]
$543581798,553648127
3 34 
4 35 47
4 36 7
4 37 0
4 38 ->
5 39 1
5 40 0
5 41 3
5 42 0
5 43 [4][4]
$4035DCC8E20A14A7,403CDD0957E97183,C0480D49FCBABA42,0
$400F60A2806C5BDE,40495B8164602C89,40401B39A760BBA6,0
$404BFB12F22DE1CF,C02DA939215292EA,403088F4AF3B38F4,0
$407C02E9128860FA,4082CA1B4F7BDD5C,40553B8E5176EC8R,3FF
5 44 [2][3]
$3*41CDCD64FR
$3*C1CDCD64FR
5 45 
6 46 8192
5 47 ->
6 48 [4]
7 48 
8 74 ->
9 75 
10 51 
11 52 53
11 53 1
11 54 36
9 76 [5]
$2*2,0,1,0
9 77 0
7 48 
8 78 ->
9 79 
10 51 
11 52 1
11 53 16
11 54 76
9 80 [4][4]
$3F8,3*0
$0,3F8,2*0
$2*0,3F8,0
$3*0,3F8
7 48 
8 74 ->
9 75 
10 51 
11 52 53
11 53 1
11 54 36
9 76 [5]
$2*2,0,1,0
9 77 0
7 48 
8 62 ->
9 51 
10 52 0
10 53 0
10 54 0
5 69 0
5 70 1
5 71 0
5 72 0
3 34 
4 35 48
4 36 8
4 37 0
4 38 ->
5 39 1
5 40 0
5 41 3
5 42 0
5 43 [4][4]
$4035DCC8E20A14A7,403CDD0957E97183,C0480D49FCBABA42,0
$400F60A2806C5BDE,40495B8164602C89,40401B39A760BBA6,0
$404BFB12F22DE1CF,C02DA939215292EA,403088F4AF3B38F4,0
$407C02E9128860FA,4082CA1B4F7BDD5C,40553B8E5176EC8R,3FF
5 44 [2][3]
$3*41CDCD64FR
$3*C1CDCD64FR
5 45 
6 46 8192
5 47 ->
6 48 [4]
7 48 
8 74 ->
9 75 
10 51 
11 52 53
11 53 1
11 54 36
9 76 [5]
$2*2,0,1,0
9 77 0
7 48 
8 78 ->
9 79 
10 51 
11 52 1
11 53 16
11 54 76
9 80 [4][4]
$3F8,3*0
$0,3F8,2*0
$2*0,3F8,0
$3*0,3F8
7 48 
8 74 ->
9 75 
10 51 
11 52 53
11 53 1
11 54 36
9 76 [5]
$2*2,0,1,0
9 77 0
7 48 
8 62 ->
9 51 
10 52 0
10 53 0
10 54 0
5 69 0
5 70 1
5 71 0
5 72 0
3 34 
4 35 49
4 36 7
4 37 0
4 38 ->
5 39 1
5 40 0
5 41 3
5 42 0
5 43 [4][4]
$4035DCC8E20A14A7,403CDD0957E97183,C0480D49FCBABA42,0
$400F60A2806C5BDE,40495B8164602C89,40401B39A760BBA6,0
$404BFB12F22DE1CF,C02DA939215292EA,403088F4AF3B38F4,0
$407C02E9128860FA,4082CA1B4F7BDD5C,40553B8E5176EC8R,3FF
5 44 [2][3]
$3*41CDCD64FR
$3*C1CDCD64FR
5 45 
6 46 8192
5 47 ->
6 48 [10]
7 48 
8 74 ->
9 75 
10 51 
11 52 53
11 53 1
11 54 36
9 76 [5]
$2*2,0,1,0
9 77 0
7 48 
8 78 ->
9 79 
10 51 
11 52 1
11 53 16
11 54 76
9 80 [4][4]
$3F8,3*0
$0,3F8,2*0
$2*0,3F8,0
$3*0,3F8
7 48 
8 81 ->
9 82 
10 51 
11 52 9
11 53 1
11 54 88
9 83 
10 84 [3]
$3*3F8
10 85 3F6R
10 86 3F6R
10 87 3F4CR
10 88 3F
10 89 0
10 90 90
10 91 0
10 92 [3]
$3*3F8
10 93 3F6R
10 94 3F8
10 95 NULL
10 96 42C8
10 97 NULL
10 98 NULL
7 48 
8 62 ->
9 51 
10 52 10
10 53 0
10 54 12
7 48 
8 81 ->
9 82 
10 51 
11 52 9
11 53 1
11 54 88
9 83 
10 84 [3]
$0,3F8,0
10 85 3F6R
10 86 3F6R
10 87 3F4CR
10 88 3F
10 89 0
10 90 90
10 91 5
10 92 [3]
$3*3F8
10 93 3F6R
10 94 3F8
10 95 NULL
10 96 42C8
10 97 NULL
10 98 NULL
7 48 
8 62 ->
9 51 
10 52 10
10 53 0
10 54 12
7 48 
8 81 ->
9 82 
10 51 
11 52 9
11 53 1
11 54 88
9 83 
10 84 [3]
$3*BF8
10 85 3F6R
10 86 3F6R
10 87 3F4CR
10 88 3F
10 89 0
10 90 90
10 91 0
10 92 [3]
$3*3F8
10 93 3F6R
10 94 3F8
10 95 NULL
10 96 42C8
10 97 NULL
10 98 NULL
7 48 
8 62 ->
9 51 
10 52 10
10 53 0
10 54 12
7 48 
8 74 ->
9 75 
10 51 
11 52 53
11 53 1
11 54 36
9 76 [5]
$2*2,0,1,0
9 77 0
7 48 
8 62 ->
9 51 
10 52 0
10 53 0
10 54 0
5 69 0
5 70 1
5 71 65536
5 72 0
5 73 [6]
$536897024,536936192,536936705,543581798,547003034,553648127
@explode_state 125 0
1 125 NULL
#ModelView#6
@View 1 0
0 1 ->
@id 2 1
1 2 6
@viewattr 3 0
1 3 
@attr_arr 4 1
2 4 [4]
$1,3*0
@mpoint 5 0
1 5 
@id 6 1
2 6 0
@coord 7 2
2 7 [3]
$400AC58B162C58B2,C015C45E4069768A,0
@first_instr_ptr 8 0
2 8 NULL
@attach_ptr 9 0
2 9 NULL
@vpoint 10 0
1 10 
2 6 0
2 7 [3]
$407F4,407A5E,0
2 8 NULL
2 9 NULL
@orient 11 2
1 11 [4][4]
$3FD73D3F9D17319E,3FDEAE5E8E1B7CCB,BFE9910D1AE8F56F,0
$3FB0AD3FDDB3236C,3FEAF450B59DBF3F,3FE11EE3D32AD5A4,0
$3FEDBE2D374A680B,BFCF876A375BF60E,3FD19387EB71AC25,0
$3*0,3FF
@local_sys 12 2
1 12 [4][4]
$4035DCC8E20A14A7,403CDD0957E97183,C0480D49FCBABA42,0
$400F60A2806C5BDE,40495B8164602C89,40401B39A760BBA6,0
$404BFB12F22DE1CF,C02DA939215292EA,403088F4AF3B38F4,0
$407C02E9128860FA,4082CA1B4F7BDD5C,40553B8E5176EC8R,3FF
@first_instr_ptr 13 0
1 13 ->
@type 14 1
2 14 100
@geom_id 15 1
2 15 -1
@view_id 16 1
2 16 -1
@memb_num 17 1
2 17 0
@offset 18 2
2 18 0
@matrix 19 0
2 19 NULL
@next_instr_ptr 20 0
1 20 ->
2 14 301
2 15 -1
2 16 -1
2 17 0
2 18 404E1AAA07D8ACAE
2 19 NULL
1 20 ->
2 14 125
2 15 -1
2 16 -1
2 17 0
2 18 0
2 19 ->
@matrix 21 2
3 21 [4][4]
$3FB6EF18DF0DA826,3FCF42FBE8CB11B5,BFEEE5F2E0AD6D8F,0
$BFE600A9D744D58,3FE6EDF1A22A97AE,3FBE112B82C725FE,0
$3FE70ED3EBB8634C,3FE4E88922A8012,3FCDB627A7581F0A,0
$3*0,3FF
1 20 NULL
@outer_xsec_index 22 1
1 22 -1
@next_view_id 23 1
1 23 -2
@simp_rep_id 24 1
1 24 0
@name 25 10
1 25 ISO
@matrix 26 2
1 26 [4][4]
$3FF,3*0
$0,3FF,2*0
$2*0,3FF,0
$3*0,3FF
@fit_outline 27 2
1 27 [2][3]
$4059,405518,C07F6AE75D37176C
$408C2,4087BB,0
@det_info_ptr 28 0
1 28 NULL
@named_view_pzmatr 29 0
1 29 ->
2 21 [4][4]
$3FF413FBAD652396,3*0
$0,3FF413FBAD652396,2*0
$2*0,3FF413FBAD652396,0
$C05D527F5843B57,C05B63A6152979C,0,3FF
@page_id 30 1
1 30 0
@model_name 31 10
1 31 NULL
@unrep_model_name 32 10
1 32 NULL
@saved_pro_dls 33 0
1 33 ->
@explode_state 34 0
1 34 NULL
#DispDataColor
@ref_color_table 1 0
0 1 
#DispDataTable
@disp_data_table 1 0
0 1 
@disp_data_arr 2 0
1 2 [1]
2 2 
@disp_data 3 0
3 3 ->
@wire 4 0
4 4 
@disp_list_valid 5 1
5 5 1
@pending 6 1
5 6 0
@disp_list_status 7 1
5 7 3
@disp_list_version 8 1
5 8 45
@view_matrix 9 2
5 9 [4][4]
$3FF,3*0
$0,3FF,2*0
$2*0,3FF,0
$3*0,3FF
@outline 10 2
5 10 [2][3]
$3*41CDCD64FR
$3*C1CDCD64FR
@dl_block_mem_size 11 0
5 11 
@dl_block_mem_size 12 1
6 12 32768
@list 13 0
5 13 ->
@ptr 14 0
6 14 [3]
7 14 
@data(dl_gc) 15 0
8 15 ->
@header 16 0
9 16 
@header 17 0
10 17 
@type 18 5
11 18 53
@count 19 5
11 19 1
@size 20 1
11 20 36
@int_data 21 1
9 21 [5]
$2*2,0,1,0
@linewidth 22 6
9 22 0
7 14 
8 15 ->
9 16 
10 17 
11 18 53
11 19 1
11 20 36
9 21 [5]
$2*2,0,1,0
9 22 0
7 14 
@data(dl_header) 23 0
8 23 ->
9 17 
10 18 0
10 19 0
10 20 0
@locked 24 1
5 24 0
@visibile 25 1
5 25 1
@contents 26 1
5 26 0
@attached 27 1
5 27 0
@part_color 28 1
4 28 -1
@model_type 29 1
4 29 1
@generic_name 30 10
4 30 NULL
@label 31 10
4 31 NULL
#AssMrgPrt
@assem_merge_parts 1 0
0 1 ->
#END_OF_UGC
