#UGC:2 ASSEMBLY 982 420 -1 1 1 15 1900 9734 000009d5 \
#- VERS 0 0                                                          \
#- HOST                                                              \
#- LINK                                                              \
#- DBID                                                              \
#- REVS 0,                                                           \
#- RELL 0,                                                           \
#- UOBJ_ID 872542353 173567254 -2139526928                           \
#- MACH SUN_SunOS_5.5_Generic                                        \
#-END_OF_UGC_HEADER
#P_OBJECT 6
@P_object 1 0
0 1 ->
@depend 2 0
1 2 [3]
2 2 
@model_name 3 10
3 3 ROUTE
@model_type 4 1
3 4 37
@revnum 5 1
3 5 95
@bom_count 6 1
3 6 1
@dep_type 7 1
3 7 64
@stamp 8 0
3 8 
@major_vers 9 0
4 9 
@vers 10 1
5 10 0
@alias_name 11 10
5 11 
@minor_vers 12 0
4 12 
@vers 13 1
5 13 0
@reason 14 10
3 14 
2 2 
3 3 ROUT_1
3 4 2
3 5 342
3 6 1
3 7 2
3 8 
4 9 
5 10 0
5 11 
4 12 
5 13 0
3 14 
@comp_ids 15 1
3 15 [1]
4 15 1
2 2 
3 3 ROUT_WORK2
3 4 2
3 5 385
3 6 1
3 7 2
3 8 
4 9 
5 10 0
5 11 
4 12 
5 13 0
3 14 
3 15 [1]
4 15 2
@dep_db 16 0
1 16 ->
@dep_db 17 0
2 17 [3]
3 17 ->
@to_model_id 18 1
4 18 0
@dep_type 19 1
4 19 2
@obj_id 20 1
4 20 1
@obj_type 21 1
4 21 3
3 17 ->
4 18 1
4 19 2
4 20 2
4 21 3
3 17 ->
4 18 -3
4 19 4
4 20 0
4 21 242
@model_db 22 0
2 22 [2]
3 22 ->
@model_t_type 23 1
4 23 2
@model_name 24 10
4 24 ROUT_1
@generic_name 25 10
4 25 
@stamp 26 0
4 26 
3 22 ->
4 23 2
4 24 ROUT_WORK2
4 25 
4 26 
@usr_rev 27 0
1 27 [3]
2 27 
@name 28 10
3 28 USER
@mod_time 29 0
3 29 
@tm_sec 30 1
4 30 8
@tm_min 31 1
4 31 21
@tm_hour 32 1
4 32 22
@tm_mday 33 1
4 33 25
@tm_mon 34 1
4 34 7
@tm_year 35 1
4 35 97
@action 36 1
3 36 1000
@comment 37 10
3 37 Hostname: 'gascar'
@rel_level 38 10
3 38 
@rev_string 39 10
3 39 
2 27 
3 28 USER
3 29 
4 30 50
4 31 34
4 32 15
4 33 15
4 34 9
4 35 97
3 36 1000
3 37 Hostname: 'platypus'
3 38 
3 39 
2 27 
3 28 SHANNON
3 29 
4 30 59
4 31 42
4 32 16
4 33 18
4 34 10
4 35 97
3 36 1000
3 37 Hostname: 'DAISY'
3 38 
3 39 
@revnum_std 40 1
1 40 38
@flag 41 1
1 41 0
@name 42 10
1 42 NULL
@inst_hidden 43 1
1 43 0
@old_name 44 10
1 44 NULL
@appl_data 45 0
1 45 ->
@bounding_box 46 2
2 46 [2][3]
$BFDE4AE978BD51D2,C02523D70A3D70A4,BFD9542EC9309F8C
$40453FD5A87B9805,40392CBD4DA862A4,4018
@ver_key 47 0
1 47 ->
@time 48 1
2 48 879870528
@random_num 49 1
2 49 288913688
@hostid 50 1
2 50 -918709179
@last_read 51 1
1 51 -1
#END_OF_P_OBJECT
#Pro/ENGINEER  TM  Release 19.0 Beta  (c) 1988-97 by Parametric Technology Corporation  All Rights Reserved. 9734
@Toc 52 0
0 52 ->
@entry 53 10
1 53 [128]
2 53 BasicData 2b9c 53c 0 982########################################################
2 53 BasicText 30d8 359 0 982########################################################
2 53 GeomDepen 3431 71 0 982#########################################################
2 53 DispCntrl 34a2 155 0 982########################################################
2 53 DisplData 35f7 38 0 982#########################################################
2 53 LargeText 362f b9e 0 982########################################################
2 53 FamilyInf 41cd 40 0 982#########################################################
2 53 VisibGeom 420d 39 0 982#########################################################
2 53 NovisGeom 4246 56 0 982#########################################################
2 53 ActEntity 429c 24 0 982#########################################################
2 53 AllFeatur 42c0 1157 0 982#######################################################
2 53 FullMData 5417 5dd 0 982########################################################
2 53 ModelView#0 59f4 e14 0 982######################################################
2 53 ModelView#5 6808 8fa 0 982######################################################
2 53 DispDataColor 7102 274 0 982####################################################
2 53 DispDataTable 7376 7d3 0 982####################################################
2 53 AssMrgPrt 7b49 29 0 982#########################################################
2 53 ################################################################################
2 53 ################################################################################
2 53 ################################################################################
2 53 ################################################################################
2 53 ################################################################################
2 53 ################################################################################
2 53 ################################################################################
2 53 ################################################################################
2 53 ################################################################################
2 53 ################################################################################
2 53 ################################################################################
2 53 ################################################################################
2 53 ################################################################################
2 53 ################################################################################
2 53 ################################################################################
2 53 ################################################################################
2 53 ################################################################################
2 53 ################################################################################
2 53 ################################################################################
2 53 ################################################################################
2 53 ################################################################################
2 53 ################################################################################
2 53 ################################################################################
2 53 ################################################################################
2 53 ################################################################################
2 53 ################################################################################
2 53 ################################################################################
2 53 ################################################################################
2 53 ################################################################################
2 53 ################################################################################
2 53 ################################################################################
2 53 ################################################################################
2 53 ################################################################################
2 53 ################################################################################
2 53 ################################################################################
2 53 ################################################################################
2 53 ################################################################################
2 53 ################################################################################
2 53 ################################################################################
2 53 ################################################################################
2 53 ################################################################################
2 53 ################################################################################
2 53 ################################################################################
2 53 ################################################################################
2 53 ################################################################################
2 53 ################################################################################
2 53 ################################################################################
2 53 ################################################################################
2 53 ################################################################################
2 53 ################################################################################
2 53 ################################################################################
2 53 ################################################################################
2 53 ################################################################################
2 53 ################################################################################
2 53 ################################################################################
2 53 ################################################################################
2 53 ################################################################################
2 53 ################################################################################
2 53 ################################################################################
2 53 ################################################################################
2 53 ################################################################################
2 53 ################################################################################
2 53 ################################################################################
2 53 ################################################################################
2 53 ################################################################################
2 53 ################################################################################
2 53 ################################################################################
2 53 ################################################################################
2 53 ################################################################################
2 53 ################################################################################
2 53 ################################################################################
2 53 ################################################################################
2 53 ################################################################################
2 53 ################################################################################
2 53 ################################################################################
2 53 ################################################################################
2 53 ################################################################################
2 53 ################################################################################
2 53 ################################################################################
2 53 ################################################################################
2 53 ################################################################################
2 53 ################################################################################
2 53 ################################################################################
2 53 ################################################################################
2 53 ################################################################################
2 53 ################################################################################
2 53 ################################################################################
2 53 ################################################################################
2 53 ################################################################################
2 53 ################################################################################
2 53 ################################################################################
2 53 ################################################################################
2 53 ################################################################################
2 53 ################################################################################
2 53 ################################################################################
2 53 ################################################################################
2 53 ################################################################################
2 53 ################################################################################
2 53 ################################################################################
2 53 ################################################################################
2 53 ################################################################################
2 53 ################################################################################
2 53 ################################################################################
2 53 ################################################################################
2 53 ################################################################################
2 53 ################################################################################
2 53 ################################################################################
2 53 ################################################################################
2 53 ################################################################################
2 53 ################################################################################
2 53 ################################################################################
#BasicData
@Sld_BasicData 1 0
0 1 ->
@tab_key 2 1
1 2 0
@tab_key_struct 3 0
1 3 ->
@type 4 4
2 4 H
@tab_key_ptr 5 0
2 5 [6]
@cmprs_tabkey 6 0
2 6 NULL
@type 7 1
1 7 1
@revnum_ptr 8 0
1 8 ->
@geom_revnum 9 1
2 9 33
@cosm_revnum 10 1
2 10 7
@tol_default_ptr 11 0
1 11 ->
@type 12 1
2 12 10
@value 13 2
2 13 [7]
$0,3FB9R,3F847AE147AE147B,3F50624DD2F1A9FC,3F1A36E2EB1C432D,
$3EE4F8B588E368F1,3EB0C6F7A0B5ED8E
@ang_value 14 2
2 14 [7]
$0,6*3FE
@standard 15 1
2 15 0
@iso_tol_tbls_ptr 16 0
2 16 NULL
@datum_count 17 1
1 17 0
@axis_count 18 1
1 18 0
@insert_layer_id 19 1
1 19 -1
@layer_count 20 1
1 20 1
@rel_part_eps 21 2
1 21 3F53A92A30553261
@model_eps 22 2
1 22 0
@fixed_model_eps 23 1
1 23 0
@assembled_count 24 1
1 24 0
@part_type 25 1
1 25 2
@first_ent_id 26 1
1 26 513569
@first_view_id 27 1
1 27 0
@outline 28 2
1 28 [2][3]
$BFCCE5536CD30428,BCE,BFC3R
$4045202528F6F06R,4038ED5C4E9F1365,40149R
@dim_num 29 1
1 29 0
@geom_lib_ptr 30 0
1 30 NULL
@attrib_array 31 1
1 31 [2]
$536871944,0
@max_part_size 32 2
1 32 0
@model_name 33 10
1 33 ROUTE
@disp_outl_info 34 0
1 34 
@disp_outline 35 2
2 35 [2][3]
$BFDE4AE978BD51D2,C02523D70A3D70A4,BFD9542EC9309F8C
$40453FD5A87B9805,40392CBD4DA862A4,4018
@sel_outl_info 36 0
1 36 ->
@outline 37 2
2 37 [2][3]
$BFDE4AE978BD51D2,C02523D70A3D70A4,BFD9542EC9309F8C
$40453FD5A87B9805,40392CBD4DA862A4,4018
#BasicText
@Sld_BasicText 1 0
0 1 ->
@assem_mass_prop_ptr 2 0
1 2 NULL
@mass_prop_ptr 3 0
1 3 ->
@type 4 1
2 4 0
@density 5 2
2 5 0
@init_dens 6 5
2 6 0
@rel_density 7 2
2 7 0
@init_rel_dens 8 5
2 8 0
@aver_density 9 2
2 9 0
@vrevnum 10 1
2 10 -1
@volume 11 2
2 11 0
@cg 12 2
2 12 [3]
$3*0
@inertia 13 2
2 13 [3][3]
$3*0
$3*0
$3*0
@eps 14 2
2 14 0
@surfarea 15 2
2 15 0
@assign_mp_ptr 16 0
1 16 NULL
@mat_name_ptr 17 10
1 17 NULL
@unit_arr 18 0
1 18 [3]
2 18 
@type 19 1
3 19 1
@factor 20 2
3 20 3FF
@name 21 10
3 21 INCH
@unit_type 22 1
3 22 0
2 18 
3 19 2
3 20 3FF
3 21 POUND
3 22 1
2 18 
3 19 11
3 20 3FF
3 21 HOURS
3 22 2
@p_unit_info 23 0
1 23 ->
@custom_unit_arr 24 0
2 24 [6]
3 24 
3 24 
3 24 
3 24 
3 24 
3 24 
@principal_sys_units 25 10
2 25 Inch lbm Second (Pro/E Default)
@history_scale 26 2
2 26 [6][2]
$3FF,0
$3FF,0
$3FF,0
$3FF,0
$3FF,0
$3FF,0
#GeomDepen
@Sld_GeomDepend 1 0
0 1 ->
@frst_geom_ptr 2 1
1 2 0
@fem_data 3 0
1 3 NULL
@first_quilt_ptr 4 1
1 4 0
#DispCntrl
@Sld_DispCntrl 1 0
0 1 ->
@color_prop_ptr 2 0
1 2 NULL
@layer_array 3 0
1 3 [1]
2 3 ->
@id 4 1
3 4 3
@type 5 1
3 5 117
@user_id 6 1
3 6 0
@weird_wline_ptr 7 0
3 7 ->
@weird_wline 8 10
4 8 WORKPIECE
@layer_objects 9 0
3 9 [1]
4 9 
@type 10 1
5 10 34
@ids 11 1
5 11 [1]
6 11 2
@lay_solid 12 0
5 12 NULL
@saved_operation 13 1
3 13 3
#DisplData
@Sld_DispData 1 0
0 1 ->
@disp_data 2 0
1 2 
#LargeText
@Sld_LargeText 1 0
0 1 ->
@relpar_sets 2 0
1 2 [1]
2 2 
@id 3 1
3 3 -1
@type 4 1
3 4 1
@ext_ref_id 5 1
3 5 -1
@param_arr 6 0
3 6 [15]
4 6 ->
@sym 7 10
5 7 
@value 8 0
5 8 
@type 9 1
6 9 1
@value(NO_val) 10 0
6 10 ->
@bak_value 11 0
5 11 
6 9 1
6 10 ->
4 6 ->
5 7 
5 8 
6 9 284443024
6 10 ->
5 11 
6 9 284443024
6 10 ->
4 6 ->
5 7 
5 8 
6 9 0
6 10 ->
5 11 
6 9 0
6 10 ->
4 6 ->
5 7 
5 8 
6 9 296457648
6 10 ->
5 11 
6 9 296457648
6 10 ->
4 6 ->
5 7 
5 8 
6 9 284443024
6 10 ->
5 11 
6 9 284443024
6 10 ->
4 6 ->
5 7 
5 8 
6 9 272
6 10 ->
5 11 
6 9 272
6 10 ->
4 6 ->
5 7 
5 8 
6 9 300844360
6 10 ->
5 11 
6 9 300844360
6 10 ->
4 6 ->
5 7 
5 8 
6 9 1
6 10 ->
5 11 
6 9 1
6 10 ->
4 6 ->
5 7 
5 8 
6 9 224
6 10 ->
5 11 
6 9 224
6 10 ->
4 6 ->
5 7 
5 8 
6 9 224
6 10 ->
5 11 
6 9 224
6 10 ->
4 6 ->
5 7 
5 8 
6 9 224
6 10 ->
5 11 
6 9 224
6 10 ->
4 6 ->
5 7 
5 8 
6 9 224
6 10 ->
5 11 
6 9 224
6 10 ->
4 6 ->
5 7 
5 8 
6 9 320
6 10 ->
5 11 
6 9 320
6 10 ->
4 6 ->
5 7 
5 8 
6 9 320
6 10 ->
5 11 
6 9 320
6 10 ->
4 6 ->
5 7 
5 8 
6 9 320
6 10 ->
5 11 
6 9 320
6 10 ->
@relatnum 12 1
3 12 0
@cfg_states 13 0
1 13 ->
@active_state 14 1
2 14 -1
@current_state 15 1
2 15 -1
@notes 16 0
1 16 [2]
2 16 ->
@type 17 1
3 17 1
@attributes 18 1
3 18 15
@line_array 19 0
3 19 [2]
4 19 
@text_array 20 0
5 20 [1]
6 20 
@text_type 21 1
7 21 18
@text_value 22 10
7 22 Tool is located and driven by control
@format_info 23 0
7 23 
4 19 
5 20 [1]
6 20 
7 21 18
7 22 point on the tools profile. 
7 23 
@note_ldr 24 0
3 24 ->
@ldr_attrib 25 1
4 25 0
@note_att 26 0
4 26 ->
@type 27 1
5 27 42
@attach_id 28 1
5 28 0
@att_offsets 29 0
5 29 [5]
6 29 ->
@offset_type 30 1
7 30 9
@offset 31 2
7 31 3FD0849AB47D3CC6
6 29 ->
7 30 10
7 31 406CC1A97786DBA5
6 29 ->
7 30 53
7 31 3FC7CFEE26DE2C34
6 29 ->
7 30 54
7 31 3FD41AF32E1155A8
6 29 ->
7 30 55
7 31 400E4791895ABA4D
@view_id 32 1
5 32 4
@point 33 2
5 33 [3]
$4071E4F42E170DA8,4087877E6D5EB16D,0
@ldr_paths 34 0
4 34 [1]
5 34 ->
@end_att 35 0
6 35 ->
7 27 1
7 28 251
@member_id_tab 36 1
7 36 [1]
8 36 1
7 29 [1]
8 29 ->
9 30 0
9 31 3FABAD71C6E5997E
7 32 4
7 33 [3]
$4071AD998B9A0791,4080926515C7D276,0
@private_attribute 37 9
7 37 [4]
$1,3*0
@gen_info 38 0
3 38 
@p_sld_info 39 0
3 39 ->
@name 40 10
4 40 Note_0
@ref_type 41 1
4 41 1
@ref_id 42 1
4 42 -1
@url 43 10
4 43 
2 16 ->
3 17 1
3 18 15
3 19 [2]
4 19 
5 20 [1]
6 20 
7 21 18
7 22 Machine control point is centerline
7 23 
4 19 
5 20 [1]
6 20 
7 21 18
7 22 and tip of tool
7 23 
3 24 ->
4 25 0
4 26 ->
5 27 42
5 28 0
5 29 [5]
6 29 ->
7 30 9
7 31 3FCFA798DD01D77B
6 29 ->
7 30 10
7 31 3FCB6205520F24A1
6 29 ->
7 30 53
7 31 3FDDAB74AF78EC9B
6 29 ->
7 30 54
7 31 3FBB85EBE8D668BE
6 29 ->
7 30 55
7 31 BFF3D4771B57C0B6
5 32 4
5 33 [3]
$407378CCFA792E5A,406AF629E04F8B8,0
4 34 [1]
5 34 ->
6 35 ->
7 27 1
7 28 253
7 36 [1]
8 36 1
7 29 [1]
8 29 ->
9 30 0
9 31 3F9AB09B1B40978C
7 32 4
7 33 [3]
$4070000CD6FC9687,407F72EA441E1F6B,0
7 37 [4]
$1,3*0
3 38 
3 39 ->
4 40 Note_1
4 41 1
4 42 -1
4 43 
#FamilyInf
@Sld_FamilyInfo 1 0
0 1 ->
@drv_tbl_ptr 2 0
1 2 NULL
#VisibGeom
@Sld_VisGeom 1 0
0 1 ->
@active_geom 2 0
1 2 
#NovisGeom
@Sld_NonVisGeom 1 0
0 1 ->
@inactive_geom 2 0
1 2 
@external_geom 3 0
1 3 
#ActEntity
@Sld_Entities 1 0
0 1 ->
#AllFeatur
@Sld_Features 1 0
0 1 ->
@first_feat_ptr 2 0
1 2 ->
@id 3 1
2 3 1
@indep_attributes 4 1
2 4 4097
@feat_type_ptr 5 0
2 5 ->
@table_id 6 1
3 6 -1
@type 7 1
3 7 1000
@feattype_key 8 10
3 8 NULL
@form 9 1
3 9 0
@attributes 10 1
3 10 [3]
$3*0
@placement 11 1
3 11 0
@intersection 12 1
3 12 -1
@internal_udf_type 13 1
3 13 -1
@param_choice_ptr 14 0
3 14 ->
@blend_choice 15 1
4 15 0
@depth_choice 16 1
4 16 0
@angle_choice 17 1
4 17 0
@pat_choice 18 1
4 18 -1
@round_choice 19 1
4 19 -1
@subsec_choice 20 1
4 20 -1
@sweep_choice 21 1
4 21 0
@dome_choice 22 1
4 22 0
@draft_choice 23 1
4 23 0
@misc_choice 24 1
4 24 [2]
$32,0
@assoc_type 25 1
3 25 0
@symbol_key 26 1
2 26 -1
@sect_name 27 10
2 27 no_name
@model_type 28 1
2 28 1
@idtab_ptr 29 0
2 29 ->
@save_geoms 30 0
3 30 NULL
@cr_flags_xar 31 1
3 31 [31]
$3*-1,-2049,2*-1,-16777217,3*-1,-536870913,-1,-1126176897,-2,-2097185,
$-2097665,-1,-1073741843,2*-1,-257,-261249,-1,-32769,-1,-4194305,2*-1,
$-536871041,-67108865,7
@cvt_feat_dat 32 0
3 32 NULL
@feat_dates_ptr 33 0
3 33 ->
@creat_date 34 1
4 34 190018
@regen_date 35 1
4 35 190019
@group_info_ptr 36 0
2 36 NULL
@intrs_pairs_ptr 37 0
2 37 ->
@place_rec_ptr 38 0
2 38 ->
@local_sys 39 2
3 39 [4][3]
$3FF,2*0
$0,3FF,0
$2*0,3FF
$3*0
@own_ref_id 40 1
3 40 0
@orient 41 1
3 41 0
@trf_arr 42 0
3 42 [1]
4 42 
@type 43 1
5 43 19
@idx 44 1
5 44 0
@transf 45 2
5 45 [4][3]
$3FF,2*0
$0,3FF,0
$2*0,3FF
$3*0
@next_prop 46 0
2 46 NULL
@first_geom_id 47 1
2 47 -1
@cond_tbl_idx 48 1
2 48 -1
@comment 49 10
2 49 NULL
@merge_info_ptr 50 0
2 50 NULL
@dat_ptr(comp_data) 51 0
2 51 ->
@type 52 1
3 52 123
@model_ptr 53 0
3 53 
@object_type 54 1
4 54 2
@name 55 10
4 55 ROUT_1
@simpl_rep 56 0
4 56 NULL
@placed_flag 57 1
3 57 1
@subst_asm_ref_id 58 1
3 58 -1
@instance 59 3
3 59 NULL
@stamp 60 0
3 60 
@major_vers 61 0
4 61 
@vers 62 1
5 62 0
@alias_name 63 10
5 63 
@minor_vers 64 0
4 64 
@vers 65 1
5 65 0
@dep_id 66 1
3 66 0
@interchange_info 67 0
3 67 NULL
@topology_increment 68 0
2 68 ->
@first_geom 69 1
3 69 0
@first_quilt 70 1
3 70 0
@outline 71 2
3 71 [2][3]
$3*0
$3*0
@max_part_size 72 2
3 72 0
@xform_increment 73 0
3 73 NULL
@roll_back_id 74 1
3 74 -1
@state_ind 75 1
2 75 -1
@alumni_info 76 0
2 76 NULL
@revnum 77 1
2 77 0
@rev_rec 78 0
2 78 ->
@revnums 79 0
3 79 [1]
4 79 ->
@owner_type 80 1
5 80 3
@owner_ind 81 1
5 81 -1
@ref_id 82 1
5 82 -1
@ref_revnum 83 1
5 83 -1
@num_plins 84 1
3 84 0
@expl_state_ref 85 0
2 85 NULL
@feat_outl_info 86 0
2 86 NULL
@next_feat_ptr 87 0
1 87 ->
2 3 2
2 4 4097
2 5 ->
3 6 -1
3 7 1000
3 8 NULL
3 9 0
3 10 [3]
$3*0
3 11 0
3 12 -1
3 13 -1
3 14 ->
4 15 0
4 16 0
4 17 0
4 18 -1
4 19 -1
4 20 -1
4 21 0
4 22 0
4 23 0
4 24 [2]
$64,0
3 25 0
2 26 -1
2 27 no_name
2 28 1
2 29 ->
3 30 NULL
3 31 [31]
$3*-1,-2049,2*-1,-16777217,3*-1,-536870913,-1,-1126176897,-2,-2097185,
$-2097665,-1,-1073741843,2*-1,-257,-261249,-1,-32769,-1,-4194305,2*-1,
$-536871041,-67108865,7
3 32 NULL
3 33 ->
4 34 190018
4 35 190019
2 36 NULL
2 37 ->
2 38 ->
3 39 [4][3]
$3FF,2*0
$0,3FF,0
$2*0,3FF
$3*0
@place_instruction_ptrs 88 0
3 88 [1]
4 88 ->
@type 89 1
5 89 81
@offset 90 2
5 90 0
@dim_id 91 1
5 91 0
@ref_id 92 1
5 92 0
@geometry1_id 93 1
5 93 4
@geometry2_id 94 1
5 94 4
@memb_num1 95 1
5 95 1
@memb_num2 96 1
5 96 1
@memb_id_tab1 97 1
5 97 [1]
6 97 1
@memb_id_tab2 98 1
5 98 [1]
6 98 2
@attr 99 1
5 99 512
@plin_info_arr 100 0
5 100 [2]
6 100 ->
@type 101 1
7 101 1
@data(plin_info_ref) 102 0
7 102 ->
@id_type1 103 1
8 103 25
@id_type2 104 1
8 104 25
@offset2 105 2
8 105 0
6 100 ->
7 101 6
@data(plin_info_ui_step) 106 0
7 106 ->
@step_ids 107 1
8 107 [1]
9 107 -100
3 40 0
3 41 0
3 42 [1]
4 42 
5 43 19
5 44 0
5 45 [4][3]
$3FF,2*0
$0,3FF,0
$2*0,3FF
$3*0
2 46 NULL
2 47 -1
2 48 -1
2 49 NULL
2 50 NULL
2 51 ->
3 52 123
3 53 
4 54 2
4 55 ROUT_WORK2
4 56 NULL
3 57 1
3 58 -1
3 59 NULL
3 60 
4 61 
5 62 0
5 63 
4 64 
5 65 0
3 66 1
3 67 NULL
@parent_table 108 1
2 108 [1]
3 108 1
2 68 ->
3 69 0
3 70 0
3 71 [2][3]
$BFCCE5536CD30428,BCE,BFB70A3D70A3D70A
$4045202528F6F06R,4038ED5C4E9F1365,40140F5C28F5C28F
3 72 0
3 73 NULL
3 74 -1
2 75 -1
2 76 NULL
2 77 0
2 78 ->
3 79 [3]
4 79 ->
5 80 3
5 81 -1
5 82 -1
5 83 -1
4 79 ->
5 80 1
5 81 -1
5 82 0
5 83 0
@memb_tab_revnums 109 1
5 109 [1]
6 109 0
4 79 ->
5 80 2
5 81 -1
5 82 0
5 83 0
5 109 [1]
6 109 0
3 84 1
2 85 NULL
2 86 NULL
1 87 NULL
@layer_list 110 0
1 110 [2]
2 110 
@feat_id 111 1
3 111 1
@layer_id 112 1
3 112 0
@back_layer_id 113 1
3 113 0
2 110 
3 111 2
3 112 0
3 113 0
#FullMData
@Sld_FullData 1 0
0 1 ->
@first_member_ptr 2 0
1 2 NULL
@alumni_members 3 0
1 3 NULL
@ref_part_table 4 0
1 4 [1]
2 4 ->
@name 5 10
3 5 ROUTE
@id 6 1
3 6 -1
@type 7 1
3 7 1
@revnum 8 1
3 8 -1
@dep_id 9 1
3 9 2
@attributes 10 1
3 10 0
@simpl_rep 11 0
3 11 NULL
@first_xsec_ptr 12 0
1 12 NULL
@lang_ptr 13 0
1 13 ->
@interact_on 14 1
2 14 -1
@first_csys_ptr 15 0
1 15 NULL
@offset 16 2
1 16 [1]
2 16 403893891A5BF94A
@ipar_num 17 1
1 17 0
@smt_info_ptr 18 0
1 18 NULL
@cable_info_ptr 19 0
1 19 ->
@id 20 1
2 20 -1
@type 21 1
2 21 94
@ref_harness_id 22 1
2 22 -1
@cable_assem_id 23 1
2 23 -1
@work_subharn_id 24 1
2 24 -3253
@parent_ext_ref_id 25 1
2 25 -1
@p_frbn_info 26 0
2 26 NULL
@log_info_src_name 27 10
2 27 NULL
@log_info_src_type 28 1
2 28 0
@comp_info_ptr 29 0
1 29 NULL
@prt_misc_ptr 30 0
1 30 ->
@shrink_data_ptr 31 0
2 31 NULL
@expld_mv_info 32 0
1 32 ->
@act_expl_state 33 1
2 33 -1
@default_state 34 0
2 34 ->
@id 35 1
3 35 -1
@type 36 1
3 36 500
@state_type 37 1
3 37 0
@cur_stage_ind 38 1
3 38 -1
@stage_info 39 0
3 39 [1]
4 39 
@unexpl_subass_info 40 0
3 40 ->
@expld_comp_ref 41 0
3 41 ->
@comp_id 42 1
4 42 -1
@gen_info 43 0
3 43 
@font 44 1
4 44 5
@color 45 1
4 45 10
@state_info_ptr 46 0
1 46 NULL
@alumni_feats 47 0
1 47 NULL
@p_mdl_grid 48 0
1 48 NULL
@mdl_status_ptr 49 0
1 49 NULL
@appl_info_arr 50 0
1 50 [2]
2 50 
@id 51 1
3 51 -1
@type 52 1
3 52 13
2 50 
3 51 -1
3 52 14
@ribbon_info_ptr 53 0
1 53 NULL
@p_xref_data 54 0
1 54 ->
@first_analysis_feat 55 0
1 55 NULL
#ModelView#0
@View 1 0
0 1 ->
@id 2 1
1 2 0
@viewattr 3 0
1 3 
@attr_arr 4 1
2 4 [4]
$1,3*0
@mpoint 5 0
1 5 
@id 6 1
2 6 0
@coord 7 2
2 7 [3]
$4035033FD58A1D61,401D35A3911354A4,40066ABD136CF607
@first_instr_ptr 8 0
2 8 NULL
@attach_ptr 9 0
2 9 NULL
@vpoint 10 0
1 10 
2 6 0
2 7 [3]
$407F4,407A5E,0
2 8 NULL
2 9 NULL
@orient 11 2
1 11 [4][4]
$3FE210DA75EF2E6C,BFDBF378D750EB3A,3FE6698B05FD7B0A,0
$3FEA64FF3C66E72,3FD51D4470A99248,BFDD62AA89FAEB4R,0
$BF9F458C3853ECR,3FEAC7FA7A56A2A4,3FE17CCFA0255ED4,0
$3*0,3FF
@local_sys 12 2
1 12 [4][4]
$4021901831DC03,C01B2C4257FD97B4,4025C9CE648F3383,0
$4029A8E0C02D7662,401486C8017A75D2,C01C913AF9876F,0
$BFDE66AB0FA538CR,402A091A88355BA6,4021002C7CBD379E,0
$406BE3DFDD6AB3C2,407EAAB1FDCCD5EA,C09E7B1F3E964358,3FF
@world_matrix_ptr 13 0
1 13 NULL
@first_instr_ptr 14 0
1 14 ->
@type 15 1
2 15 100
@geom_id 16 1
2 16 -1
@view_id 17 1
2 17 -1
@memb_num 18 1
2 18 0
@offset 19 2
2 19 0
@matrix 20 0
2 20 NULL
@next_instr_ptr 21 0
1 21 ->
2 15 125
2 16 -1
2 17 -1
2 18 0
2 19 0
2 20 ->
@matrix 22 2
3 22 [4][4]
$3FC31BBF97E367F2,BFE3425F4A9DB7B4,3FE91ADFECC464F1,0
$3FE23C26AD2E8495,BFE312D3F3E55F43,BFE21A22EF886B3F,0
$3FE9DBCAE92ABC95,3FE1021C7C3A01B5,3FD04136B019791A,0
$3*0,3FF
1 21 ->
2 15 301
2 16 -1
2 17 -1
2 18 0
2 19 402F1BEDF542EFDE
2 20 NULL
1 21 ->
2 15 125
2 16 -1
2 17 -1
2 18 0
2 19 0
2 20 ->
3 22 [4][4]
$3FEFB97CB0227C8,3FB4808DE6729705,BFBA83AED13012C5,0
$BFAFBBDAA118EBEF,3FEF7C3D4BFB1E8F,3FC571C6F71FA92A,0
$3FBD85D30D90014E,BFC4702C5460C241,3FEF5F861C443DA1,0
$3*0,3FF
1 21 NULL
@outer_xsec_index 23 1
1 23 -1
@next_view_id 24 1
1 24 5
@simp_rep_id 25 1
1 25 0
@name 26 10
1 26 no name
@fit_outline 27 2
1 27 [2][3]
$4059,405518,C0884E57E5D9BD54
$408C2,4087BB,0
@det_info_ptr 28 0
1 28 NULL
@named_view_pzmatr 29 0
1 29 NULL
@page_id 30 1
1 30 0
@model_name 31 10
1 31 NULL
@unrep_model_name 32 10
1 32 NULL
@saved_pro_dls 33 0
1 33 ->
@pro_dls 34 0
2 34 [9]
3 34 
@pro_dl_data 35 0
4 35 ->
@appl_type 36 1
5 36 1
@dl_type 37 1
5 37 5
@dl_id 38 1
5 38 0
@dl_hdr 39 0
5 39 
@disp_list_version 40 1
6 40 0
@visibility 41 1
6 41 33554440
@status_mask 42 1
6 42 3
@creation_scale 43 2
6 43 0
@view_matrix 44 2
6 44 [4][4]
$3FF,3*0
$0,3FF,2*0
$2*0,3FF,0
$3*0,3FF
@outline 45 2
6 45 [2][3]
$BFCCE55,0,BFB70A3E
$404520254,4038ED5C4,40140F5C2
@dl_block_mem_size 46 0
6 46 
@dl_block_mem_size 47 1
7 47 32768
@list 48 0
6 48 NULL
@token_contents 49 5
6 49 21
@render_attribs 50 5
6 50 1
@wire_colors 51 1
6 51 [2]
$540878606,546923299
@children 52 0
6 52 [1]
7 52 
@dl_data 53 0
8 53 
9 35 ->
10 36 46
10 37 5
10 38 1
@o_data 54 0
6 54 
@disp_data 55 0
7 55 NULL
3 34 
4 35 ->
5 36 10
5 37 7
5 38 0
3 34 
4 35 ->
5 36 21
5 37 5
5 38 1
3 34 
4 35 ->
5 36 46
5 37 5
5 38 1
5 39 
6 40 0
6 41 16
6 42 19
6 43 0
6 44 [4][4]
$3FF,3*0
$0,3FF,2*0
$2*0,3FF,0
$3*0,3FF
6 45 [2][3]
$BFCCE55,0,BFB70A3E
$404520254,4038ED5C4,40140F5C2
6 46 
7 47 1024
6 48 NULL
6 49 21
6 50 0
6 51 [2]
$540878606,546923299
6 52 [1]
7 52 
8 53 
9 35 ->
10 36 46
10 37 5
10 38 1
@key_list 56 1
10 56 [1]
11 56 1
6 54 
7 55 ->
@model_type 57 1
8 57 1
@generic_name 58 10
8 58 NULL
3 34 
4 35 ->
5 36 46
5 37 5
5 38 1
5 56 [1]
6 56 1
5 39 
6 40 0
6 41 16
6 42 19
6 43 0
6 44 [4][4]
$3FF,3*0
$0,3FF,2*0
$2*0,3FF,0
$3*0,3FF
6 45 [2][3]
$BFCCE55,0,BFB70A3E
$404520253,4038ED5C5,40140F5C28
6 46 
7 47 1024
6 48 NULL
6 49 5
6 50 0
6 51 [2]
$540878606,546923299
6 54 
7 55 ->
8 57 2
@model_name 59 10
8 59 rout_1
8 58 NULL
3 34 
4 35 ->
5 36 47
5 37 7
5 38 0
3 34 
4 35 ->
5 36 48
5 37 8
5 38 0
3 34 
4 35 ->
5 36 49
5 37 7
5 38 0
3 34 
4 35 ->
5 36 64
5 37 7
5 38 0
@explode_state 60 0
1 60 NULL
#ModelView#5
@View 1 0
0 1 ->
@id 2 1
1 2 5
@viewattr 3 0
1 3 
@attr_arr 4 1
2 4 [4]
$1,3*0
@mpoint 5 0
1 5 
@id 6 1
2 6 0
@coord 7 2
2 7 [3]
$4035033FD58A1D61,401D35A3911354A4,40066ABD136CF607
@first_instr_ptr 8 0
2 8 NULL
@attach_ptr 9 0
2 9 NULL
@vpoint 10 0
1 10 
2 6 0
2 7 [3]
$407F4,407A5E,0
2 8 NULL
2 9 NULL
@orient 11 2
1 11 [4][4]
$3FE13A56D6E63403,BFD7CFB7160B0DB6,3FE83237CC1066D9,0
$3FEAF15C71AA0364,3FD19CB5E17D9823,BFDDB3761C44AEAB,0
$BFA22240FB54471A,3FEC5E0BBFC5F62D,3FDD87BA5B6C4B78,0
$3*0,3FF
@local_sys 12 2
1 12 [4][4]
$4020BF8D75922E8B,C0172601B0B96A85,402785C45A2468F7,0
$402A31558E318C19,40111F2F6387A327,C01CDFC6B3D14594,0
$BFE1A102B2FB297D,402B93DDADA3FA65,401CB542A55F31AD,0
$406CBE47068F552E,407D99520419C51C,C09EB2EE2E546B3D,3FF
@world_matrix_ptr 13 0
1 13 ->
@world_matrix 14 2
2 14 [4][4]
$4020BF8D75922E8B,C0172601B0B96A85,402785C45A2468F7,0
$402A31558E318C19,40111F2F6387A327,C01CDFC6B3D14594,0
$BFE1A102B2FB297D,402B93DDADA3FA65,401CB542A55F31AD,0
$406CBE47068F552E,407D99520419C51C,C06AD1180CDF6B5F,3FF
@first_instr_ptr 15 0
1 15 ->
@type 16 1
2 16 100
@geom_id 17 1
2 17 -1
@view_id 18 1
2 18 -1
@memb_num 19 1
2 19 0
@offset 20 2
2 20 0
@matrix 21 0
2 21 NULL
@next_instr_ptr 22 0
1 22 ->
2 16 125
2 17 -1
2 18 -1
2 19 0
2 20 0
2 21 ->
@matrix 23 2
3 23 [4][4]
$3FC31BBF97E367F2,BFE3425F4A9DB7B4,3FE91ADFECC464F1,0
$3FE23C26AD2E8495,BFE312D3F3E55F43,BFE21A22EF886B3F,0
$3FE9DBCAE92ABC95,3FE1021C7C3A01B5,3FD04136B019791A,0
$3*0,3FF
1 22 ->
2 16 301
2 17 -1
2 18 -1
2 19 0
2 20 402F1BEDF542EFDE
2 21 NULL
1 22 ->
2 16 125
2 17 -1
2 18 -1
2 19 0
2 20 0
2 21 ->
3 23 [4][4]
$3FEFD671D042B85,3FAE7E0965C66EFB,BFB4C12F820C55F1,0
$BFABA48649F6EF4E,3FEFE06374531DDF,3FB1B6BBE74AB672,0
$3FB5BAC021AE7B83,BFB080DFBD191674,3FEFD1556F72EB7E,0
$3*0,3FF
1 22 NULL
@outer_xsec_index 24 1
1 24 -1
@next_view_id 25 1
1 25 -2
@simp_rep_id 26 1
1 26 0
@name 27 10
1 27 SKETCHED
@fit_outline 28 2
1 28 [2][3]
$4059,405518,C0894AA90D00BBE4
$408C2,4087BB,0
@det_info_ptr 29 0
1 29 NULL
@named_view_pzmatr 30 0
1 30 ->
2 23 [4][4]
$3FF09A7294B03CF4,3*0
$0,3FF09A7294B03CF4,2*0
$2*0,3FF09A7294B03CF4,0
$405658C1821B75D4,C064218B48173254,0,3FF
@page_id 31 1
1 31 0
@model_name 32 10
1 32 NULL
@unrep_model_name 33 10
1 33 NULL
@saved_pro_dls 34 0
1 34 ->
@explode_state 35 0
1 35 NULL
#DispDataColor
@ref_color_table 1 0
0 1 
@ref_color_arr 2 0
1 2 [2]
2 2 
@maximum 3 2
3 3 [3]
$3*3FF
@ambient 4 2
3 4 3FECR
@diffuse 5 2
3 5 3FECR
@specular 6 2
3 6 3FE9R
@spec_coef 7 2
3 7 3FE
@transmission 8 2
3 8 0
@threshold 9 1
3 9 90
@gl_ind 10 1
3 10 0
@highlight 11 2
3 11 [3]
$3*3FF
@reflection 12 2
3 12 3FD
@bump_height 13 2
3 13 3FE
@bump 14 3
3 14 NULL
@decal_intensity 15 2
3 15 3FF
@decal 16 3
3 16 NULL
@texture 17 3
3 17 NULL
2 2 
3 3 [3]
$3FE3R,3FD8F5C28F5C28F6,3FC1EB851EB851EC
3 4 3FECR
3 5 3FECR
3 6 3FE9R
3 7 3FE
3 8 0
3 9 90
3 10 1
3 11 [3]
$3*3FF
3 12 3FD
3 13 3FE
3 14 NULL
3 15 3FF
3 16 NULL
3 17 NULL
#DispDataTable
@disp_data_table 1 0
0 1 
@disp_data_arr 2 0
1 2 [1]
2 2 
@disp_data 3 0
3 3 ->
@wire 4 0
4 4 
@disp_list_version 5 1
5 5 33
@visibility 6 1
5 6 16
@status_mask 7 1
5 7 3
@creation_scale 8 2
5 8 0
@view_matrix 9 2
5 9 [4][4]
$3FF,3*0
$0,3FF,2*0
$2*0,3FF,0
$3*0,3FF
@outline 10 2
5 10 [2][3]
$3*41CDCD64FR
$3*C1CDCD64FR
@dl_block_mem_size 11 0
5 11 
@dl_block_mem_size 12 1
6 12 32768
@list 13 0
5 13 NULL
@token_contents 14 5
5 14 0
@render_attribs 15 5
5 15 0
@part_color 16 1
4 16 1
@color_prop_ptr 17 0
4 17 ->
@color_refs 18 0
5 18 [3]
6 18 
@ref_color 19 0
7 19 ->
@maximum 20 2
8 20 [3]
$3*3FF
@ambient 21 2
8 21 3FECR
@diffuse 22 2
8 22 3FECR
@specular 23 2
8 23 3FE9R
@spec_coef 24 2
8 24 3FE
@transmission 25 2
8 25 0
@threshold 26 1
8 26 90
@gl_ind 27 1
8 27 0
@highlight 28 2
8 28 [3]
$3*3FF
@reflection 29 2
8 29 3FD
@bump_height 30 2
8 30 3FE
@bump 31 3
8 31 NULL
@decal_intensity 32 2
8 32 3FF
@decal 33 3
8 33 NULL
@texture 34 3
8 34 NULL
6 18 
7 19 ->
8 20 [3]
$3FE3R,3FD8F5C28F5C28F6,3FC1EB851EB851EC
8 21 3FECR
8 22 3FECR
8 23 3FE9R
8 24 3FE
8 25 0
8 26 90
8 27 1
8 28 [3]
$3*3FF
8 29 3FD
8 30 3FE
8 31 NULL
8 32 3FF
8 33 NULL
8 34 NULL
6 18 
7 19 ->
8 20 [3]
$0,3FF,0
8 21 3FECR
8 22 3FECR
8 23 3FE9R
8 24 3FE
8 25 0
8 26 90
8 27 2
8 28 [3]
$3*3FF
8 29 3FD
8 30 3FE
8 31 NULL
8 32 3FF
8 33 NULL
8 34 NULL
@surf_ind_tab 35 0
5 35 [3]
6 35 
@surf_id 36 1
7 36 1
@surf_color_inds 37 1
7 37 [2]
$0,-1
@surf_pl 38 0
7 38 [2]
8 38 
@placement_ptr 39 0
9 39 NULL
8 38 
9 39 NULL
6 35 
7 36 -1
7 37 [2]
$1,-1
7 38 [2]
8 38 
9 39 NULL
8 38 
9 39 NULL
6 35 
7 36 2
7 37 [2]
$2,-1
7 38 [2]
8 38 
9 39 NULL
8 38 
9 39 NULL
@model_type 40 1
4 40 1
@flags 41 1
4 41 0
@generic_name 42 10
4 42 NULL
@label 43 10
4 43 NULL
@components 44 0
4 44 
@comp_arr 45 0
5 45 [1]
6 45 
@comp 46 0
7 46 ->
@id 47 1
8 47 1
@type 48 1
8 48 -1
@memb2model 49 2
8 49 [4][3]
$3FF,2*0
$0,3FF,0
$2*0,3FF
$3*0
@solid_dd 50 0
8 50 ->
9 16 1
9 40 2
9 41 2
@model_name 51 10
9 51 rout_1
9 42 NULL
9 43 NULL
#AssMrgPrt
@assem_merge_parts 1 0
0 1 ->
#END_OF_UGC
