#UGC:2 DRAW_TABLE 885 360 0 1 1 15 1600 9542 \
#- VERS 0 0                                                          \
#- HOST                                                              \
#- LINK                                                              \
#- DBID                                                              \
#- REVS 0,                                                           \
#- RELL 0,                                                           \
#- UOBJ_ID 0 0 0                                                     \
#-END_OF_UGC_HEADER
#Pro/ENGINEER  TM  Version G-01-10  (c) 1988-95 by Parametric Technology Corporation  All Rights Reserved. 9542
@Drawing 1 0
0 1 ->
@type 2 1
1 2 128
@draw_type 3 1
1 3 0
@draft_ptr 4 0
1 4 ->
@draft_setup_ptr 5 0
2 5 ->
@grid_displayed 6 1
3 6 0
@grid 7 0
3 7 
@grid_type 8 1
4 8 0
@origin 9 2
4 9 [3]
$3*0
@grid_params(cart_params) 10 0
4 10 
@x_spacing 11 2
5 11 3FF
@y_spacing 12 2
5 12 3FF
@angle 13 2
4 13 0
@last_ent_id 14 1
2 14 -1
@tol_default_ptr 15 0
2 15 ->
@type 16 1
3 16 10
@value 17 2
3 17 [7]
$0,3FB9R,3F847AE147AE147B,3F50624DD2F1A9FC,3F1A36E2EB1C432D,
$3EE4F8B588E368F1,3EB0C6F7A0B5ED8E
@ang_value 18 2
3 18 [7]
$0,6*3FE
@standard 19 1
3 19 0
@iso_tol_tbls_ptr 20 0
3 20 NULL
@setup_ptr 21 0
1 21 ->
@txt_hgt_ptr 22 0
2 22 ->
@txt_hgt_units 23 1
3 23 0
@dim_txt_hgt 24 2
3 24 0
@note_txt_hgt 25 2
3 25 0
@tol_txt_hgt_factor 26 2
3 26 BFF
@frm_txt_hgt 27 2
3 27 3FC4
@slant_txt_ang 28 2
3 28 0
@tol_txt_width_factor 29 2
3 29 BFF
@txt_width_factor 30 2
3 30 3FE9R
@txt_thickness 31 2
3 31 0
@len_gap_ptr 32 0
2 32 ->
@arrow_length 33 2
3 33 3FC8
@arrow_width 34 2
3 34 3FB
@arrow_style 35 1
3 35 2
@dim_txt_gap 36 2
3 36 3FE
@wit_line_gap 37 2
3 37 3FB
@wit_line_delta 38 2
3 38 3FC
@leader_elbow 39 2
3 39 3FD
@dim_lead_len 40 2
3 40 3FE
@cline_offset 41 2
3 41 3FB9R
@sline_offset 42 2
3 42 3FB9R
@cut_line_seg 43 2
3 43 0
@dot_diameter 44 2
3 44 BFF
@att_sym_width 45 2
3 45 BFF
@att_sym_height 46 2
3 46 BFF
@dim_style_ptr 47 0
2 47 ->
@txt_orient 48 1
3 48 0
@orddim_txt_orient 49 1
3 49 0
@decimal_marker 50 1
3 50 2
@dual_dim 51 1
3 51 0
@dual_sec_units 52 1
3 52 11
@dual_dig_diff 53 1
3 53 -1
@dual_brackets 54 1
3 54 1
@iso_dim_placement 55 1
3 55 1
@ang_units 56 1
3 56 0
@lead_trl_zeros 57 1
3 57 40
@ref_dim_disp 58 1
3 58 0
@tol_display 59 1
3 59 0
@draft_scale 60 2
3 60 3FF
@associative_dims 61 1
3 61 0
@clip_dims 62 1
3 62 1
@blank_zero_tol 63 1
3 63 0
@gtol_dim_placement 64 1
3 64 0
@ord_dim_standard 65 1
3 65 1
@allow_3d_dims 66 1
3 66 0
@default_dim_elbows 67 1
3 67 1
@angdim_txt_orient 68 1
3 68 1
@view_disp_ptr 69 0
2 69 ->
@proj_type 70 1
3 70 0
@xsec_arr_style 71 1
3 71 1
@xsec_txt_place 72 1
3 72 2
@dtl_circle 73 1
3 73 1
@broken_view_offset 74 2
3 74 3FF
@xsec_arr_len 75 2
3 75 3FC8
@xsec_arr_width 76 2
3 76 3FB
@mesh_surf_lines 77 1
3 77 1
@cutting_line 78 1
3 78 0
@cutting_line_adapt 79 1
3 79 0
@view_note 80 1
3 80 0
@half_view_line 81 1
3 81 2
@scale_format 82 1
3 82 0
@scale_denominator 83 1
3 83 0
@view_disp_attr 84 1
3 84 2
@thread_standard 85 1
3 85 1
@dtl_circle_style 86 0
3 86 
@font 87 1
4 87 1
@txt_thickness 88 2
3 88 0
@txt_height 89 2
3 89 0
@disp_unfold_seam 90 1
3 90 1
@gtol_disp_ptr 91 0
2 91 ->
@dtm_disp_style 92 1
3 92 0
@fcs_disp_style 93 1
3 93 0
@surffin_disp_ptr 94 0
2 94 ->
@surffin_disp_style 95 1
3 95 0
@unit_ptr 96 0
2 96 ->
@type 97 1
3 97 1
@factor 98 2
3 98 3FF
@name 99 10
3 99 INCH
@unit_type 100 1
3 100 0
@font_names 101 0
2 101 [2]
3 101 
@relat 102 10
4 102 font
3 101 
4 102 filled
@misc_flag 103 1
2 103 [2]
$2*0
@note_disp_ptr 104 0
2 104 ->
@min_balloon_radius 105 2
3 105 0
@max_balloon_radius 106 2
3 106 0
@mdl_grid_prefix 107 10
3 107 
@grid_balloon_radius 108 2
3 108 0
@mdl_grid_num_dig 109 1
3 109 0
@bom_balloon_ldr_sym 110 1
3 110 0
@bool_param_disp 111 1
3 111 0
@sym_disp_ptr 112 0
2 112 ->
@sym_flip_rotated_text 113 1
3 113 0
@cblinf_setup_ptr 114 0
2 114 ->
@show_terminators 115 1
3 115 1
@location_radius 116 2
3 116 4
@hlr_for_thread 117 1
2 117 0
@dgm_setup_ptr 118 0
2 118 ->
@def_wire_label 119 10
3 119 NULL
@def_cable_label 120 10
3 120 NULL
@def_wire_break_label 121 10
3 121 NULL
@def_rail_label 122 10
3 122 NULL
@wire_notes_above 123 1
3 123 0
@rail_notes_above 124 1
3 124 0
@node_radius 125 2
3 125 BFF
@rail_node_radius 126 2
3 126 0
@line_style_std 127 1
2 127 0
@dim_notes 128 0
1 128 [24]
2 128 ->
@type 129 1
3 129 12
@group_id 130 1
3 130 -1
@attributes 131 1
3 131 1295
@line_array 132 0
3 132 [1]
4 132 
@text_array 133 0
5 133 [1]
6 133 
@text_type 134 1
7 134 18
@text_value 135 10
7 135 FROM-TO WIRELIST INFORMATION
@txt_attrib 136 1
7 136 0
@owner_id 137 1
7 137 -1
@aux_id 138 1
7 138 2
@part_id 139 1
7 139 -1
@height 140 2
7 140 3FD
@width_factor 141 2
7 141 3FF
@format_info 142 0
7 142 
@thickness 143 2
7 143 3FAEB851EB851EB8
@note_ldr 144 0
3 144 ->
@ldr_attrib 145 1
4 145 0
@note_att 146 0
4 146 ->
@type 147 1
5 147 14
@attach_id 148 1
5 148 0
@index 149 1
5 149 [2]
$2*0
@att_offsets 150 0
5 150 [2]
6 150 ->
@offset_type 151 1
7 151 9
@offset 152 2
7 152 40779F032A4365D7
6 150 ->
7 151 10
7 152 4083179ACF68135D
@view_id 153 1
5 153 0
@point 154 2
5 154 [3]
$40779F032A4365D7,4083179ACF68135D,0
@vec 155 2
5 155 [3]
$3*0
@attribute 156 1
5 156 25165824
@ext_model_id 157 1
5 157 -1
@next_attach_ptr 158 0
4 158 NULL
@gen_info 159 0
3 159 
2 128 ->
3 129 12
3 130 -1
3 131 271
3 132 [1]
4 132 
5 133 [1]
6 133 
7 134 18
7 135 WIRE
7 136 0
7 137 -1
7 138 0
7 139 -1
7 140 3FC4
7 141 3FE9R
7 142 
7 143 BFF
3 144 ->
4 145 0
4 146 ->
5 147 14
5 148 0
5 149 [2]
$1,0
5 150 [2]
6 150 ->
7 151 9
7 152 406169A93D40FA3B
6 150 ->
7 151 10
7 152 4081FB8389969F
5 153 0
5 154 [3]
$406169A93D40FA3B,4081FB8389969F,0
5 155 [3]
$3*0
5 156 25165824
5 157 -1
4 158 NULL
3 159 
2 128 ->
3 129 12
3 130 -1
3 131 783
3 132 [1]
4 132 
5 133 [1]
6 133 
7 134 18
7 135 FROM
7 136 0
7 137 -1
7 138 0
7 139 -1
7 140 3FC4
7 141 3FE9R
7 142 
7 143 BFF
3 144 ->
4 145 0
4 146 ->
5 147 30
5 148 0
5 149 [2]
$1,2
5 153 0
5 154 [3]
$3*0
5 155 [3]
$3*0
5 156 0
5 157 -1
4 158 NULL
3 159 
2 128 ->
3 129 12
3 130 -1
3 131 783
3 132 [1]
4 132 
5 133 [1]
6 133 
7 134 18
7 135 TO
7 136 0
7 137 -1
7 138 0
7 139 -1
7 140 3FC4
7 141 3FE9R
7 142 
7 143 BFF
3 144 ->
4 145 0
4 146 ->
5 147 30
5 148 0
5 149 [2]
$1,5
5 153 0
5 154 [3]
$3*0
5 155 [3]
$3*0
5 156 0
5 157 -1
4 158 NULL
3 159 
2 128 ->
3 129 12
3 130 -1
3 131 271
3 132 [1]
4 132 
5 133 [1]
6 133 
7 134 18
7 135 WIRE
7 136 0
7 137 -1
7 138 0
7 139 -1
7 140 3FC4
7 141 3FE9R
7 142 
7 143 BFF
3 144 ->
4 145 0
4 146 ->
5 147 14
5 148 0
5 149 [2]
$1,7
5 150 [2]
6 150 ->
7 151 9
7 152 40815098DAF32748
6 150 ->
7 151 10
7 152 4081FB8389969F
5 153 0
5 154 [3]
$40815098DAF32748,4081FB8389969F,0
5 155 [3]
$3*0
5 156 25165824
5 157 -1
4 158 NULL
3 159 
2 128 ->
3 129 12
3 130 -1
3 131 271
3 132 [1]
4 132 
5 133 [1]
6 133 
7 134 18
7 135 WIRE
7 136 0
7 137 -1
7 138 0
7 139 -1
7 140 3FC4
7 141 3FE9R
7 142 
7 143 BFF
3 144 ->
4 145 0
4 146 ->
5 147 14
5 148 0
5 149 [2]
$1,8
5 150 [2]
6 150 ->
7 151 9
7 152 40834498DAF32748
6 150 ->
7 151 10
7 152 4081FB8389969F
5 153 0
5 154 [3]
$40834498DAF32748,4081FB8389969F,0
5 155 [3]
$3*0
5 156 25165824
5 157 -1
4 158 NULL
3 159 
2 128 ->
3 129 12
3 130 -1
3 131 271
3 132 [1]
4 132 
5 133 [1]
6 133 
7 134 18
7 135 NAME
7 136 0
7 137 -1
7 138 0
7 139 -1
7 140 3FC4
7 141 3FE9R
7 142 
7 143 BFF
3 144 ->
4 145 0
4 146 ->
5 147 30
5 148 0
5 149 [2]
$2,0
5 153 0
5 154 [3]
$3*0
5 155 [3]
$3*0
5 156 25165824
5 157 -1
4 158 NULL
3 159 
2 128 ->
3 129 12
3 130 -1
3 131 271
3 132 [1]
4 132 
5 133 [1]
6 133 
7 134 18
7 135 COMPONENT
7 136 0
7 137 -1
7 138 0
7 139 -1
7 140 3FC4
7 141 3FE9R
7 142 
7 143 BFF
3 144 ->
4 145 0
4 146 ->
5 147 14
5 148 0
5 149 [2]
$2,1
5 150 [2]
6 150 ->
7 151 9
7 152 406EE834E029B469
6 150 ->
7 151 10
7 152 408189E0A0DC7074
5 153 0
5 154 [3]
$406EE834E029B469,408189E0A0DC7074,0
5 155 [3]
$3*0
5 156 25165824
5 157 -1
4 158 NULL
3 159 
2 128 ->
3 129 12
3 130 -1
3 131 271
3 132 [1]
4 132 
5 133 [1]
6 133 
7 134 18
7 135 PIN
7 136 0
7 137 -1
7 138 0
7 139 -1
7 140 3FC4
7 141 3FE9R
7 142 
7 143 BFF
3 144 ->
4 145 0
4 146 ->
5 147 14
5 148 0
5 149 [2]
$2*2
5 150 [2]
6 150 ->
7 151 9
7 152 407522A612FD9462
6 150 ->
7 151 10
7 152 408189E0A0DC7074
5 153 0
5 154 [3]
$407522A612FD9462,408189E0A0DC7074,0
5 155 [3]
$3*0
5 156 25165824
5 157 -1
4 158 NULL
3 159 
2 128 ->
3 129 12
3 130 -1
3 131 783
3 132 [1]
4 132 
5 133 [1]
6 133 
7 134 18
7 135 TERMINATOR
7 136 0
7 137 -1
7 138 0
7 139 -1
7 140 3FC4
7 141 3FE9R
7 142 
7 143 BFF
3 144 ->
4 145 0
4 146 ->
5 147 30
5 148 0
5 149 [2]
$2,3
5 153 0
5 154 [3]
$3*0
5 155 [3]
$3*0
5 156 0
5 157 -1
4 158 NULL
3 159 
2 128 ->
3 129 12
3 130 -1
3 131 271
3 132 [1]
4 132 
5 133 [1]
6 133 
7 134 18
7 135 COMPONENT
7 136 0
7 137 -1
7 138 0
7 139 -1
7 140 3FC4
7 141 3FE9R
7 142 
7 143 BFF
3 144 ->
4 145 0
4 146 ->
5 147 14
5 148 0
5 149 [2]
$2,4
5 150 [2]
6 150 ->
7 151 9
7 152 4077441A7014DA3R
6 150 ->
7 151 10
7 152 408189E0A0DC7074
5 153 0
5 154 [3]
$4077441A7014DA3R,408189E0A0DC7074,0
5 155 [3]
$3*0
5 156 25165824
5 157 -1
4 158 NULL
3 159 
2 128 ->
3 129 12
3 130 -1
3 131 271
3 132 [1]
4 132 
5 133 [1]
6 133 
7 134 18
7 135 PIN
7 136 0
7 137 -1
7 138 0
7 139 -1
7 140 3FC4
7 141 3FE9R
7 142 
7 143 BFF
3 144 ->
4 145 0
4 146 ->
5 147 14
5 148 0
5 149 [2]
$2,5
5 150 [2]
6 150 ->
7 151 9
7 152 407CF2A612FD9462
6 150 ->
7 151 10
7 152 408189E0A0DC7074
5 153 0
5 154 [3]
$407CF2A612FD9462,408189E0A0DC7074,0
5 155 [3]
$3*0
5 156 25165824
5 157 -1
4 158 NULL
3 159 
2 128 ->
3 129 12
3 130 -1
3 131 783
3 132 [1]
4 132 
5 133 [1]
6 133 
7 134 18
7 135 TERMINATOR
7 136 0
7 137 -1
7 138 0
7 139 -1
7 140 3FC4
7 141 3FE9R
7 142 
7 143 BFF
3 144 ->
4 145 0
4 146 ->
5 147 30
5 148 0
5 149 [2]
$2,6
5 153 0
5 154 [3]
$3*0
5 155 [3]
$3*0
5 156 0
5 157 -1
4 158 NULL
3 159 
2 128 ->
3 129 12
3 130 -1
3 131 271
3 132 [1]
4 132 
5 133 [1]
6 133 
7 134 18
7 135 COLOR
7 136 0
7 137 -1
7 138 0
7 139 -1
7 140 3FC4
7 141 3FE9R
7 142 
7 143 BFF
3 144 ->
4 145 0
4 146 ->
5 147 30
5 148 0
5 149 [2]
$2,7
5 153 0
5 154 [3]
$3*0
5 155 [3]
$3*0
5 156 25165824
5 157 -1
4 158 NULL
3 159 
2 128 ->
3 129 12
3 130 -1
3 131 271
3 132 [1]
4 132 
5 133 [1]
6 133 
7 134 18
7 135 LENGTH
7 136 0
7 137 -1
7 138 0
7 139 -1
7 140 3FC4
7 141 3FE9R
7 142 
7 143 BFF
3 144 ->
4 145 0
4 146 ->
5 147 30
5 148 0
5 149 [2]
$2,8
5 153 0
5 154 [3]
$3*0
5 155 [3]
$3*0
5 156 25165824
5 157 -1
4 158 NULL
3 159 
2 128 ->
3 129 12
3 130 -1
3 131 271
3 132 [1]
4 132 
5 133 [1]
6 133 
7 134 18
7 135 &harn.run.cond.name
7 136 0
7 137 -1
7 138 0
7 139 -1
7 140 3FC4
7 141 3FE9R
7 142 
7 143 BFF
3 144 ->
4 145 0
4 146 ->
5 147 14
5 148 0
5 149 [2]
$3,0
5 150 [2]
6 150 ->
7 151 9
7 152 406169A93D40FA3B
6 150 ->
7 151 10
7 152 4081183DB82241E9
5 153 0
5 154 [3]
$406169A93D40FA3B,4081183DB82241E9,0
5 155 [3]
$3*0
5 156 25165824
5 157 -1
4 158 NULL
3 159 
2 128 ->
3 129 12
3 130 -1
3 131 271
3 132 [1]
4 132 
5 133 [1]
6 133 
7 134 18
7 135 &harn.run.from.conn.name
7 136 0
7 137 -1
7 138 0
7 139 -1
7 140 3FC4
7 141 3FE9R
7 142 
7 143 BFF
3 144 ->
4 145 0
4 146 ->
5 147 14
5 148 0
5 149 [2]
$3,1
5 150 [2]
6 150 ->
7 151 9
7 152 406EE834E029B469
6 150 ->
7 151 10
7 152 4081183DB82241E9
5 153 0
5 154 [3]
$406EE834E029B469,4081183DB82241E9,0
5 155 [3]
$3*0
5 156 25165824
5 157 -1
4 158 NULL
3 159 
2 128 ->
3 129 12
3 130 -1
3 131 271
3 132 [1]
4 132 
5 133 [1]
6 133 
7 134 18
7 135 &harn.run.cond.from.pin.name
7 136 0
7 137 -1
7 138 0
7 139 -1
7 140 3FC4
7 141 3FE9R
7 142 
7 143 BFF
3 144 ->
4 145 0
4 146 ->
5 147 14
5 148 0
5 149 [2]
$3,2
5 150 [2]
6 150 ->
7 151 9
7 152 407522A612FD9462
6 150 ->
7 151 10
7 152 4081183DB82241E9
5 153 0
5 154 [3]
$407522A612FD9462,4081183DB82241E9,0
5 155 [3]
$3*0
5 156 25165824
5 157 -1
4 158 NULL
3 159 
2 128 ->
3 129 12
3 130 -1
3 131 782
3 132 [1]
4 132 
5 133 [1]
6 133 
7 134 18
7 135 &harn.run.cond.from.term.name
7 136 0
7 137 -1
7 138 0
7 139 -1
7 140 3FC4
7 141 3FE9R
7 142 
7 143 BFF
3 144 ->
4 145 0
4 146 ->
5 147 30
5 148 0
5 149 [2]
$2*3
5 153 0
5 154 [3]
$3*0
5 155 [3]
$3*0
5 156 25165824
5 157 -1
4 158 NULL
3 159 
2 128 ->
3 129 12
3 130 -1
3 131 271
3 132 [1]
4 132 
5 133 [1]
6 133 
7 134 18
7 135 &harn.run.cond.to.conn.name
7 136 0
7 137 -1
7 138 0
7 139 -1
7 140 3FC4
7 141 3FE9R
7 142 
7 143 BFF
3 144 ->
4 145 0
4 146 ->
5 147 14
5 148 0
5 149 [2]
$3,4
5 150 [2]
6 150 ->
7 151 9
7 152 4077441A7014DA3R
6 150 ->
7 151 10
7 152 4081183DB82241E9
5 153 0
5 154 [3]
$4077441A7014DA3R,4081183DB82241E9,0
5 155 [3]
$3*0
5 156 25165824
5 157 -1
4 158 NULL
3 159 
2 128 ->
3 129 12
3 130 -1
3 131 271
3 132 [1]
4 132 
5 133 [1]
6 133 
7 134 18
7 135 &harn.run.cond.to.pin.name
7 136 0
7 137 -1
7 138 0
7 139 -1
7 140 3FC4
7 141 3FE9R
7 142 
7 143 BFF
3 144 ->
4 145 0
4 146 ->
5 147 14
5 148 0
5 149 [2]
$3,5
5 150 [2]
6 150 ->
7 151 9
7 152 407CF2A612FD9462
6 150 ->
7 151 10
7 152 4081183DB82241E9
5 153 0
5 154 [3]
$407CF2A612FD9462,4081183DB82241E9,0
5 155 [3]
$3*0
5 156 25165824
5 157 -1
4 158 NULL
3 159 
2 128 ->
3 129 12
3 130 -1
3 131 782
3 132 [1]
4 132 
5 133 [1]
6 133 
7 134 18
7 135 &harn.run.cond.to.term.name
7 136 0
7 137 -1
7 138 0
7 139 -1
7 140 3FC4
7 141 3FE9R
7 142 
7 143 BFF
3 144 ->
4 145 0
4 146 ->
5 147 30
5 148 0
5 149 [2]
$3,6
5 153 0
5 154 [3]
$3*0
5 155 [3]
$3*0
5 156 25165824
5 157 -1
4 158 NULL
3 159 
2 128 ->
3 129 12
3 130 -1
3 131 271
3 132 [1]
4 132 
5 133 [1]
6 133 
7 134 18
7 135 &harn.run.cond.color
7 136 0
7 137 -1
7 138 0
7 139 -1
7 140 3FC4
7 141 3FE9R
7 142 
7 143 BFF
3 144 ->
4 145 0
4 146 ->
5 147 14
5 148 0
5 149 [2]
$3,7
5 150 [2]
6 150 ->
7 151 9
7 152 40867B6657DF7A85
6 150 ->
7 151 10
7 152 4086ED51745D1746
5 153 0
5 154 [3]
$40867B6657DF7A85,4086ED51745D1746,0
5 155 [3]
$3*0
5 156 25165824
5 157 -1
4 158 NULL
3 159 
2 128 ->
3 129 12
3 130 -1
3 131 271
3 132 [1]
4 132 
5 133 [1]
6 133 
7 134 18
7 135 &harn.run.len[.0]
7 136 0
7 137 -1
7 138 0
7 139 -1
7 140 3FC4
7 141 3FE9R
7 142 
7 143 BFF
3 144 ->
4 145 0
4 146 ->
5 147 14
5 148 0
5 149 [2]
$3,8
5 150 [2]
6 150 ->
7 151 9
7 152 40834498DAF32748
6 150 ->
7 151 10
7 152 4081183DB82241E9
5 153 0
5 154 [3]
$40834498DAF32748,4081183DB82241E9,0
5 155 [3]
$3*0
5 156 25165824
5 157 -1
4 158 NULL
3 159 
@revnum_ptr 160 0
1 160 ->
@geom_revnum 161 1
2 161 -9999
@cosm_revnum 162 1
2 162 0
@page_info 163 0
1 163 [1]
2 163 
@model_page_infos 164 0
3 164 [1]
4 164 
@mdl_to_wld_scale 165 2
5 165 3FF
@user_scale 166 2
5 166 3FF
@geom_rev_num 167 1
5 167 -1
@number 168 1
3 168 1
@p_format 169 0
3 169 ->
@dwgform_ptr 170 0
4 170 NULL
@name 171 10
4 171 
@page_number 172 1
4 172 -1
@height 173 2
4 173 408825D1745D1746
@width 174 2
4 174 408F4
@draw_scale 175 2
4 175 4046BA2E8BA2E8BA
@attributes 176 1
3 176 0
@current_page 177 1
1 177 0
@next_table 178 0
1 178 ->
@tbl_page_infos 179 0
2 179 [1]
3 179 
@page_id 180 1
4 180 0
@origin 181 2
4 181 [3]
$404B87B7C888F498,407C94EEC39F8CF9,0
@outline 182 2
4 182 [2][3]
$404B87B7C888F498,40705FEEC39F8CFC,0
$4082F192C25A03A6,407C94EEC39F8CF9,0
@extent 183 2
4 183 [3]
$C07EA64ED8633E85,C073CD6E53A6447B,0
@attributes 184 1
4 184 0
@ext_id 185 1
4 185 0
@saved_tbl_page_infos 186 0
2 186 [1]
3 186 
4 180 0
4 181 [3]
$404B87B7C888F498,407C94EEC39F8CF9,0
4 182 [2][3]
$404B87B7C888F498,40705FEEC39F8CFC,0
$4082F192C25A03A6,407C94EEC39F8CF9,0
4 183 [3]
$C07EA64ED8633E85,C073CD6E53A6447B,0
4 184 0
4 185 0
@last_ext_seg_id 187 1
2 187 0
@ncols 188 1
2 188 9
@nrows 189 1
2 189 13
@char_height 190 2
2 190 0
@char_hgt 191 2
2 191 401C68BA2E8BA2E8
@char_wdt_fct 192 2
2 192 3FE9R
@col 193 0
2 193 [9]
3 193 
@id 194 1
4 194 0
@in_reg_id 195 1
4 195 2
@n_chars 196 2
4 196 4028
@col_attrib 197 1
4 197 768
@reg_info 198 0
4 198 [1]
5 198 
@region_id 199 1
6 199 4
@reg_info_attr 200 1
6 200 1
3 193 
4 194 1
4 195 3
4 196 402E
4 197 768
4 198 [1]
5 198 
6 199 4
6 200 0
3 193 
4 194 2
4 195 4
4 196 4014
4 197 768
4 198 [1]
5 198 
6 199 4
6 200 0
3 193 
4 194 3
4 195 10
4 196 4024
4 197 768
4 198 [1]
5 198 
6 199 4
6 200 0
3 193 
4 194 4
4 195 5
4 196 402E
4 197 768
4 198 [1]
5 198 
6 199 4
6 200 0
3 193 
4 194 5
4 195 6
4 196 4014
4 197 768
4 198 [1]
5 198 
6 199 4
6 200 0
3 193 
4 194 6
4 195 11
4 196 4024
4 197 768
4 198 [1]
5 198 
6 199 4
6 200 0
3 193 
4 194 7
4 195 7
4 196 4018
4 197 770
4 198 [1]
5 198 
6 199 4
6 200 0
3 193 
4 194 8
4 195 8
4 196 4024
4 197 770
4 198 [1]
5 198 
6 199 4
6 200 2
@row 201 0
2 201 [13]
3 201 
@id 202 1
4 202 0
@in_reg_id 203 1
4 203 -1
@n_lines 204 2
4 204 4
@row_attrib 205 1
4 205 0
@cells 206 0
4 206 [9]
5 206 
@cell_attrib 207 1
6 207 9
@id_in_cell 208 1
6 208 0
@far_row 209 1
6 209 0
@far_col 210 1
6 210 8
5 206 
6 207 16
6 208 -1
6 209 0
6 210 0
5 206 
6 207 16
6 208 -1
6 209 0
6 210 0
5 206 
6 207 16
6 208 -1
6 209 0
6 210 0
5 206 
6 207 16
6 208 -1
6 209 0
6 210 0
5 206 
6 207 16
6 208 -1
6 209 0
6 210 0
5 206 
6 207 16
6 208 -1
6 209 0
6 210 0
5 206 
6 207 16
6 208 -1
6 209 0
6 210 0
5 206 
6 207 16
6 208 -1
6 209 0
6 210 0
@seg_id 211 1
4 211 0
3 201 
4 202 1
4 203 -1
4 204 3FF
4 205 0
4 206 [9]
5 206 
6 207 257
6 208 1
6 209 1
6 210 0
5 206 
6 207 1024
6 208 -1
6 209 1
6 210 1
5 206 
6 207 1025
6 208 2
6 209 1
6 210 2
5 206 
6 207 0
6 208 -1
6 209 1
6 210 3
5 206 
6 207 1024
6 208 -1
6 209 1
6 210 4
5 206 
6 207 1025
6 208 3
6 209 1
6 210 5
5 206 
6 207 0
6 208 -1
6 209 1
6 210 6
5 206 
6 207 257
6 208 4
6 209 1
6 210 7
5 206 
6 207 257
6 208 5
6 209 1
6 210 8
4 211 0
3 201 
4 202 2
4 203 -1
4 204 3FF
4 205 0
4 206 [9]
5 206 
6 207 1
6 208 6
6 209 2
6 210 0
5 206 
6 207 1
6 208 7
6 209 2
6 210 1
5 206 
6 207 1
6 208 8
6 209 2
6 210 2
5 206 
6 207 1
6 208 9
6 209 2
6 210 3
5 206 
6 207 1
6 208 10
6 209 2
6 210 4
5 206 
6 207 1
6 208 11
6 209 2
6 210 5
5 206 
6 207 1
6 208 12
6 209 2
6 210 6
5 206 
6 207 1
6 208 13
6 209 2
6 210 7
5 206 
6 207 1
6 208 14
6 209 2
6 210 8
4 211 0
3 201 
4 202 3
4 203 1
4 204 3FF
4 205 0
4 206 [9]
5 206 
6 207 1
6 208 15
6 209 3
6 210 0
5 206 
6 207 1
6 208 16
6 209 3
6 210 1
5 206 
6 207 1
6 208 17
6 209 3
6 210 2
5 206 
6 207 1
6 208 18
6 209 3
6 210 3
5 206 
6 207 1
6 208 19
6 209 3
6 210 4
5 206 
6 207 1
6 208 20
6 209 3
6 210 5
5 206 
6 207 1
6 208 21
6 209 3
6 210 6
5 206 
6 207 1
6 208 22
6 209 3
6 210 7
5 206 
6 207 1
6 208 23
6 209 3
6 210 8
@reg_info 212 0
4 212 [1]
5 212 
6 199 4
6 200 3
4 211 0
3 201 
4 202 4
4 203 1
4 204 3FF
4 205 0
4 206 [9]
5 206 
6 207 0
6 208 -1
6 209 4
6 210 0
5 206 
6 207 0
6 208 -1
6 209 4
6 210 1
5 206 
6 207 0
6 208 -1
6 209 4
6 210 2
5 206 
6 207 0
6 208 -1
6 209 4
6 210 3
5 206 
6 207 0
6 208 -1
6 209 4
6 210 4
5 206 
6 207 0
6 208 -1
6 209 4
6 210 5
5 206 
6 207 0
6 208 -1
6 209 4
6 210 6
5 206 
6 207 0
6 208 -1
6 209 4
6 210 7
5 206 
6 207 0
6 208 -1
6 209 4
6 210 8
4 212 [1]
5 212 
6 199 4
6 200 3
4 211 0
3 201 
4 202 5
4 203 1
4 204 3FF
4 205 0
4 206 [9]
5 206 
6 207 0
6 208 -1
6 209 5
6 210 0
5 206 
6 207 0
6 208 -1
6 209 5
6 210 1
5 206 
6 207 0
6 208 -1
6 209 5
6 210 2
5 206 
6 207 0
6 208 -1
6 209 5
6 210 3
5 206 
6 207 0
6 208 -1
6 209 5
6 210 4
5 206 
6 207 0
6 208 -1
6 209 5
6 210 5
5 206 
6 207 0
6 208 -1
6 209 5
6 210 6
5 206 
6 207 0
6 208 -1
6 209 5
6 210 7
5 206 
6 207 0
6 208 -1
6 209 5
6 210 8
4 212 [1]
5 212 
6 199 4
6 200 3
4 211 0
3 201 
4 202 6
4 203 1
4 204 3FF
4 205 0
4 206 [9]
5 206 
6 207 0
6 208 -1
6 209 6
6 210 0
5 206 
6 207 0
6 208 -1
6 209 6
6 210 1
5 206 
6 207 0
6 208 -1
6 209 6
6 210 2
5 206 
6 207 0
6 208 -1
6 209 6
6 210 3
5 206 
6 207 0
6 208 -1
6 209 6
6 210 4
5 206 
6 207 0
6 208 -1
6 209 6
6 210 5
5 206 
6 207 0
6 208 -1
6 209 6
6 210 6
5 206 
6 207 0
6 208 -1
6 209 6
6 210 7
5 206 
6 207 0
6 208 -1
6 209 6
6 210 8
4 212 [1]
5 212 
6 199 4
6 200 3
4 211 0
3 201 
4 202 7
4 203 1
4 204 3FF
4 205 0
4 206 [9]
5 206 
6 207 0
6 208 -1
6 209 7
6 210 0
5 206 
6 207 0
6 208 -1
6 209 7
6 210 1
5 206 
6 207 0
6 208 -1
6 209 7
6 210 2
5 206 
6 207 0
6 208 -1
6 209 7
6 210 3
5 206 
6 207 0
6 208 -1
6 209 7
6 210 4
5 206 
6 207 0
6 208 -1
6 209 7
6 210 5
5 206 
6 207 0
6 208 -1
6 209 7
6 210 6
5 206 
6 207 0
6 208 -1
6 209 7
6 210 7
5 206 
6 207 0
6 208 -1
6 209 7
6 210 8
4 212 [1]
5 212 
6 199 4
6 200 3
4 211 0
3 201 
4 202 8
4 203 1
4 204 3FF
4 205 0
4 206 [9]
5 206 
6 207 0
6 208 -1
6 209 8
6 210 0
5 206 
6 207 0
6 208 -1
6 209 8
6 210 1
5 206 
6 207 0
6 208 -1
6 209 8
6 210 2
5 206 
6 207 0
6 208 -1
6 209 8
6 210 3
5 206 
6 207 0
6 208 -1
6 209 8
6 210 4
5 206 
6 207 0
6 208 -1
6 209 8
6 210 5
5 206 
6 207 0
6 208 -1
6 209 8
6 210 6
5 206 
6 207 0
6 208 -1
6 209 8
6 210 7
5 206 
6 207 0
6 208 -1
6 209 8
6 210 8
4 212 [1]
5 212 
6 199 4
6 200 3
4 211 0
3 201 
4 202 9
4 203 1
4 204 3FF
4 205 0
4 206 [9]
5 206 
6 207 0
6 208 -1
6 209 9
6 210 0
5 206 
6 207 0
6 208 -1
6 209 9
6 210 1
5 206 
6 207 0
6 208 -1
6 209 9
6 210 2
5 206 
6 207 0
6 208 -1
6 209 9
6 210 3
5 206 
6 207 0
6 208 -1
6 209 9
6 210 4
5 206 
6 207 0
6 208 -1
6 209 9
6 210 5
5 206 
6 207 0
6 208 -1
6 209 9
6 210 6
5 206 
6 207 0
6 208 -1
6 209 9
6 210 7
5 206 
6 207 0
6 208 -1
6 209 9
6 210 8
4 212 [1]
5 212 
6 199 4
6 200 3
4 211 0
3 201 
4 202 10
4 203 1
4 204 3FF
4 205 0
4 206 [9]
5 206 
6 207 0
6 208 -1
6 209 10
6 210 0
5 206 
6 207 0
6 208 -1
6 209 10
6 210 1
5 206 
6 207 0
6 208 -1
6 209 10
6 210 2
5 206 
6 207 0
6 208 -1
6 209 10
6 210 3
5 206 
6 207 0
6 208 -1
6 209 10
6 210 4
5 206 
6 207 0
6 208 -1
6 209 10
6 210 5
5 206 
6 207 0
6 208 -1
6 209 10
6 210 6
5 206 
6 207 0
6 208 -1
6 209 10
6 210 7
5 206 
6 207 0
6 208 -1
6 209 10
6 210 8
4 212 [1]
5 212 
6 199 4
6 200 3
4 211 0
3 201 
4 202 11
4 203 1
4 204 3FF
4 205 0
4 206 [9]
5 206 
6 207 0
6 208 -1
6 209 11
6 210 0
5 206 
6 207 0
6 208 -1
6 209 11
6 210 1
5 206 
6 207 0
6 208 -1
6 209 11
6 210 2
5 206 
6 207 0
6 208 -1
6 209 11
6 210 3
5 206 
6 207 0
6 208 -1
6 209 11
6 210 4
5 206 
6 207 0
6 208 -1
6 209 11
6 210 5
5 206 
6 207 0
6 208 -1
6 209 11
6 210 6
5 206 
6 207 0
6 208 -1
6 209 11
6 210 7
5 206 
6 207 0
6 208 -1
6 209 11
6 210 8
4 212 [1]
5 212 
6 199 4
6 200 3
4 211 0
3 201 
4 202 12
4 203 1
4 204 3FF
4 205 0
4 206 [9]
5 206 
6 207 0
6 208 -1
6 209 12
6 210 0
5 206 
6 207 0
6 208 -1
6 209 12
6 210 1
5 206 
6 207 0
6 208 -1
6 209 12
6 210 2
5 206 
6 207 0
6 208 -1
6 209 12
6 210 3
5 206 
6 207 0
6 208 -1
6 209 12
6 210 4
5 206 
6 207 0
6 208 -1
6 209 12
6 210 5
5 206 
6 207 0
6 208 -1
6 209 12
6 210 6
5 206 
6 207 0
6 208 -1
6 209 12
6 210 7
5 206 
6 207 0
6 208 -1
6 209 12
6 210 8
4 212 [1]
5 212 
6 199 4
6 200 3
4 211 0
@id 213 1
2 213 0
@table_attrib 214 1
2 214 0
@last_in_reg_id 215 1
2 215 11
@regions 216 0
2 216 [5]
3 216 NULL
3 216 NULL
3 216 NULL
3 216 NULL
3 216 ->
@id 217 1
4 217 4
@parent_id 218 1
4 218 -1
@region_attr 219 1
4 219 36864
@repeat_symbol_id 220 1
4 220 -1
@min_repetitions 221 1
4 221 1
@filters 222 0
4 222 [1]
5 222 ->
@tokens 223 0
6 223 [4]
7 223 
@id 224 1
8 224 -1
@tok_type 225 1
8 225 1
@tok_val 226 0
8 226 
@type 227 1
9 227 1
@value(i_val) 228 1
9 228 0
7 223 
8 224 -1
8 225 2
8 226 
9 227 1
9 228 6
7 223 
8 224 -1
8 225 3
8 226 
9 227 1
9 228 1
7 223 
8 224 -1
8 225 0
8 226 
9 227 3
@value(s_val) 229 10
9 229 *
@start_idx_reg 230 1
4 230 -1
@balloon_sym_id 231 1
4 231 -1
@relpar_id 232 1
4 232 -1
@titles 233 0
4 233 
@header_region_id 234 1
5 234 -1
@footer_region_id 235 1
5 235 -1
@rotation 236 1
2 236 0
@gen_info 237 0
2 237 
@color 238 1
3 238 1
@next_table 239 0
1 239 NULL
@dwg_models 240 0
1 240 [1]
2 240 ->
@type 241 1
3 241 44
@id 242 1
3 242 0
@overall_geom_rev_num 243 1
3 243 0
@model 244 0
3 244 
@type 245 1
4 245 128
@obj_identifier 246 0
3 246 NULL
@dwg_model_attr 247 1
3 247 1
@pmeta_dep_id 248 1
3 248 -1
@cur_simp_rep_id 249 1
3 249 0
@last_table_id 250 1
1 250 0
@format_info 251 0
1 251 ->
@size_flag 252 1
2 252 2
@x_size 253 2
2 253 4036
@y_size 254 2
2 254 4031
@saved_grid_step 255 2
2 255 3FF
@saved_unit 256 1
2 256 1
@layout_info 257 0
1 257 NULL
@view_ptrs 258 0
1 258 [1]
2 258 ->
@id 259 1
3 259 0
@viewattr 260 0
3 260 
@attr_arr 261 1
4 261 [4]
$1,3*0
@mpoint 262 0
3 262 
@id 263 1
4 263 0
@coord 264 2
4 264 [3]
$3*0
@first_instr_ptr 265 0
4 265 NULL
@attach_ptr 266 0
4 266 NULL
@vpoint 267 0
3 267 
4 263 0
4 264 [3]
$407F4,407A5E,0
4 265 NULL
4 266 NULL
@orient 268 2
3 268 [4][4]
$3FF,3*0
$0,3FF,2*0
$2*0,3FF,0
$3*0,3FF
@local_sys 269 2
3 269 [4][4]
$3FF,3*0
$0,3FF,2*0
$2*0,3FF,0
$3*0,3FF
@first_instr_ptr 270 0
3 270 NULL
@outer_xsec_index 271 1
3 271 -1
@next_view_id 272 1
3 272 -2
@simp_rep_id 273 1
3 273 0
@name 274 10
3 274 overlay_view
@matrix 275 2
3 275 [4][4]
$3FF,3*0
$0,3FF,2*0
$2*0,3FF,0
$3*0,3FF
@fit_outline 276 2
3 276 [2][3]
$4059,405518,0
$408C2,4087BB,0
@det_info_ptr 277 0
3 277 NULL
@named_view_pzmatr 278 0
3 278 NULL
@page_id 279 1
3 279 0
@model_name 280 10
3 280 NULL
@unrep_model_name 281 10
3 281 NULL
@report_symbols 282 0
1 282 [1]
2 282 ->
@path 283 0
3 283 [3]
4 283 
@weird_wname 284 10
5 284 harn
4 283 
5 284 run
4 283 
5 284 name
@sequence_data 285 0
1 285 ->
@current_seq_idx 286 1
2 286 -1
@seq_info_arr 287 0
2 287 [1]
3 287 
@diagram_info_ptr 288 0
1 288 NULL
@mdl_status_ptr 289 0
1 289 NULL
@p_xref_data 290 0
1 290 NULL
@dwg_prgm 291 0
1 291 NULL
@relpar_sets 292 0
1 292 [1]
2 292 
@id 293 1
3 293 -1
@type 294 1
3 294 128
@ext_ref_id 295 1
3 295 -1
@relatnum 296 1
3 296 0
@styles 297 0
1 297 [2]
2 297 
@curr_style_id 298 1
3 298 -1
@num_internal 299 1
3 299 0
2 297 
@arr 300 0
3 300 [6]
4 300 
@elem(Ln_style) 301 0
5 301 ->
@type 302 1
6 302 1
@id 303 1
6 303 0
@name 304 10
6 304 Hidden
@modify_mode 305 1
6 305 0
@flag_spec 306 1
6 306 5
@flag_def 307 1
6 307 0
@font_id 308 1
6 308 0
@width 309 2
6 309 0
@color 310 1
6 310 4
4 300 
5 301 ->
6 302 1
6 303 1
6 304 Geometry
6 305 0
6 306 5
6 307 0
6 308 0
6 309 0
6 310 2
4 300 
5 301 ->
6 302 1
6 303 2
6 304 Leader
6 305 0
6 306 5
6 307 0
6 308 0
6 309 0
6 310 0
4 300 
5 301 ->
6 302 1
6 303 3
6 304 Cut Plane
6 305 0
6 306 5
6 307 0
6 308 3
6 309 0
6 310 2
4 300 
5 301 ->
6 302 1
6 303 4
6 304 Phantom
6 305 0
6 306 5
6 307 0
6 308 3
6 309 0
6 310 4
4 300 
5 301 ->
6 302 1
6 303 5
6 304 Centerline
6 305 0
6 306 5
6 307 0
6 308 2
6 309 0
6 310 0
3 298 -1
3 299 6
#END_OF_UGC
