#UGC:2 ASSEMBLY 982 420 -1 1 1 15 1900 9734 00000ba2 \
#- VERS 0 0                                                          \
#- HOST                                                              \
#- LINK                                                              \
#- DBID                                                              \
#- REVS 0,                                                           \
#- RELL 0,                                                           \
#- UOBJ_ID 871653952 220997851 -2139526928                           \
#- MACH SUN_SunOS_5.5_Generic                                        \
#-END_OF_UGC_HEADER
#P_OBJECT 6
@P_object 1 0
0 1 ->
@depend 2 0
1 2 [5]
2 2 
@model_name 3 10
3 3 CAVITY_MACH
@model_type 4 1
3 4 37
@revnum 5 1
3 5 167
@bom_count 6 1
3 6 1
@dep_type 7 1
3 7 64
@stamp 8 0
3 8 
@major_vers 9 0
4 9 
@vers 10 1
5 10 0
@alias_name 11 10
5 11 
@minor_vers 12 0
4 12 
@vers 13 1
5 13 0
@reason 14 10
3 14 
2 2 
3 3 CAVITY
3 4 2
3 5 154
3 6 1
3 7 2
3 8 
4 9 
5 10 0
5 11 
4 12 
5 13 0
3 14 
@comp_ids 15 1
3 15 [1]
4 15 1
2 2 
3 3 CAVITY_WP
3 4 2
3 5 75385
3 6 1
3 7 2
3 8 
4 9 
5 10 0
5 11 
4 12 
5 13 0
3 14 
3 15 [1]
4 15 2
2 2 
3 3 PLATE
3 4 2
3 5 654
3 6 1
3 7 2
3 8 
4 9 
5 10 0
5 11 
4 12 
5 13 0
3 14 
3 15 [1]
4 15 23
2 2 
3 3 CLAMP
3 4 2
3 5 90
3 6 4
3 7 2
3 8 
4 9 
5 10 0
5 11 
4 12 
5 13 0
3 14 
3 15 [4]
$37,38,40,41
@dep_db 16 0
1 16 ->
@dep_db 17 0
2 17 [8]
3 17 ->
@to_model_id 18 1
4 18 0
@dep_type 19 1
4 19 2
@obj_id 20 1
4 20 1
@obj_type 21 1
4 21 3
3 17 ->
4 18 1
4 19 2
4 20 2
4 21 3
3 17 ->
4 18 2
4 19 2
4 20 23
4 21 3
3 17 ->
4 18 3
4 19 2
4 20 37
4 21 3
3 17 ->
4 18 3
4 19 2
4 20 38
4 21 3
3 17 ->
4 18 3
4 19 2
4 20 40
4 21 3
3 17 ->
4 18 3
4 19 2
4 20 41
4 21 3
3 17 ->
4 18 -3
4 19 4
4 20 0
4 21 242
@model_db 22 0
2 22 [4]
3 22 ->
@model_t_type 23 1
4 23 2
@model_name 24 10
4 24 CAVITY
@generic_name 25 10
4 25 
@stamp 26 0
4 26 
3 22 ->
4 23 2
4 24 CAVITY_WP
4 25 
4 26 
3 22 ->
4 23 2
4 24 PLATE
4 25 
4 26 
3 22 ->
4 23 2
4 24 CLAMP
4 25 
4 26 
@usr_rev 27 0
1 27 [3]
2 27 
@name 28 10
3 28 USER
@mod_time 29 0
3 29 
@tm_sec 30 1
4 30 26
@tm_min 31 1
4 31 43
@tm_hour 32 1
4 32 19
@tm_mday 33 1
4 33 26
@tm_mon 34 1
4 34 7
@tm_year 35 1
4 35 97
@action 36 1
3 36 1000
@comment 37 10
3 37 Hostname: 'gascar'
@rel_level 38 10
3 38 
@rev_string 39 10
3 39 
2 27 
3 28 USER
3 29 
4 30 10
4 31 27
4 32 14
4 33 3
4 34 9
4 35 97
3 36 1000
3 37 Hostname: 'platypus'
3 38 
3 39 
2 27 
3 28 SHANNON
3 29 
4 30 43
4 31 13
4 32 23
4 33 14
4 34 10
4 35 97
3 36 1000
3 37 Hostname: 'DAISY'
3 38 
3 39 
@revnum_std 40 1
1 40 245
@flag 41 1
1 41 0
@name 42 10
1 42 NULL
@inst_hidden 43 1
1 43 0
@old_name 44 10
1 44 NULL
@appl_data 45 0
1 45 ->
@bounding_box 46 2
2 46 [2][3]
$C0481B85B15F480C,C014,C052EDC2D8AFA406
$40481B85B15F480D,4034,403EB70B62BE9018
@ver_key 47 0
1 47 ->
@time 48 1
2 48 879549042
@random_num 49 1
2 49 200907032
@hostid 50 1
2 50 -918709179
@last_read 51 1
1 51 -1
#END_OF_P_OBJECT
#Pro/ENGINEER  TM  Release 19.0 Beta  (c) 1988-97 by Parametric Technology Corporation  All Rights Reserved. 9734
@Toc 52 0
0 52 ->
@entry 53 10
1 53 [128]
2 53 BasicData 2b9c 502 0 982########################################################
2 53 BasicText 309e 359 0 982########################################################
2 53 GeomDepen 33f7 1cf 0 982########################################################
2 53 DispCntrl 35c6 45b 0 982########################################################
2 53 DisplData 3a21 38 0 982#########################################################
2 53 LargeText 3a59 20a1 0 982#######################################################
2 53 FamilyInf 5afa 40 0 982#########################################################
2 53 VisibGeom 5b3a 39 0 982#########################################################
2 53 NovisGeom 5b73 346 0 982########################################################
2 53 ActEntity 5eb9 24 0 982#########################################################
2 53 AllFeatur 5edd 51da 0 982#######################################################
2 53 FullMData b0b7 acd 0 982########################################################
2 53 ModelView#0 bb84 cfd 0 982######################################################
2 53 ModelView#3 c881 95a 0 982######################################################
2 53 ModelView#4 d1db 959 0 982######################################################
2 53 ModelView#5 db34 95e 0 982######################################################
2 53 ModelView#6 e492 795 0 982######################################################
2 53 ModelView#7 ec27 7bd 0 982######################################################
2 53 ModelView#11 f3e4 7ee 0 982#####################################################
2 53 ModelView#13 fbd2 7e8 0 982#####################################################
2 53 ModelView#14 103ba 7ea 0 982####################################################
2 53 ModelView#15 10ba4 7e3 0 982####################################################
2 53 ModelView#19 11387 7e8 0 982####################################################
2 53 ModelView#20 11b6f 79b 0 982####################################################
2 53 ModelView#21 1230a 86d 0 982####################################################
2 53 ModelView#43 12b77 7e5 0 982####################################################
2 53 DispDataColor 1335c 31b 0 982###################################################
2 53 DispDataTable 13677 985 0 982###################################################
2 53 AssMrgPrt 13ffc 29 0 982########################################################
2 53 ################################################################################
2 53 ################################################################################
2 53 ################################################################################
2 53 ################################################################################
2 53 ################################################################################
2 53 ################################################################################
2 53 ################################################################################
2 53 ################################################################################
2 53 ################################################################################
2 53 ################################################################################
2 53 ################################################################################
2 53 ################################################################################
2 53 ################################################################################
2 53 ################################################################################
2 53 ################################################################################
2 53 ################################################################################
2 53 ################################################################################
2 53 ################################################################################
2 53 ################################################################################
2 53 ################################################################################
2 53 ################################################################################
2 53 ################################################################################
2 53 ################################################################################
2 53 ################################################################################
2 53 ################################################################################
2 53 ################################################################################
2 53 ################################################################################
2 53 ################################################################################
2 53 ################################################################################
2 53 ################################################################################
2 53 ################################################################################
2 53 ################################################################################
2 53 ################################################################################
2 53 ################################################################################
2 53 ################################################################################
2 53 ################################################################################
2 53 ################################################################################
2 53 ################################################################################
2 53 ################################################################################
2 53 ################################################################################
2 53 ################################################################################
2 53 ################################################################################
2 53 ################################################################################
2 53 ################################################################################
2 53 ################################################################################
2 53 ################################################################################
2 53 ################################################################################
2 53 ################################################################################
2 53 ################################################################################
2 53 ################################################################################
2 53 ################################################################################
2 53 ################################################################################
2 53 ################################################################################
2 53 ################################################################################
2 53 ################################################################################
2 53 ################################################################################
2 53 ################################################################################
2 53 ################################################################################
2 53 ################################################################################
2 53 ################################################################################
2 53 ################################################################################
2 53 ################################################################################
2 53 ################################################################################
2 53 ################################################################################
2 53 ################################################################################
2 53 ################################################################################
2 53 ################################################################################
2 53 ################################################################################
2 53 ################################################################################
2 53 ################################################################################
2 53 ################################################################################
2 53 ################################################################################
2 53 ################################################################################
2 53 ################################################################################
2 53 ################################################################################
2 53 ################################################################################
2 53 ################################################################################
2 53 ################################################################################
2 53 ################################################################################
2 53 ################################################################################
2 53 ################################################################################
2 53 ################################################################################
2 53 ################################################################################
2 53 ################################################################################
2 53 ################################################################################
2 53 ################################################################################
2 53 ################################################################################
2 53 ################################################################################
2 53 ################################################################################
2 53 ################################################################################
2 53 ################################################################################
2 53 ################################################################################
2 53 ################################################################################
2 53 ################################################################################
2 53 ################################################################################
2 53 ################################################################################
2 53 ################################################################################
2 53 ################################################################################
2 53 ################################################################################
#BasicData
@Sld_BasicData 1 0
0 1 ->
@tab_key 2 1
1 2 0
@tab_key_struct 3 0
1 3 ->
@type 4 4
2 4 H
@tab_key_ptr 5 0
2 5 [44]
@cmprs_tabkey 6 0
2 6 NULL
@type 7 1
1 7 1
@revnum_ptr 8 0
1 8 ->
@geom_revnum 9 1
2 9 222
@cosm_revnum 10 1
2 10 26
@tol_default_ptr 11 0
1 11 ->
@type 12 1
2 12 10
@value 13 2
2 13 [7]
$0,3FB9R,3F847AE147AE147B,3F50624DD2F1A9FC,3F1A36E2EB1C432D,
$3EE4F8B588E368F1,3EB0C6F7A0B5ED8E
@ang_value 14 2
2 14 [7]
$0,6*3FE
@standard 15 1
2 15 0
@iso_tol_tbls_ptr 16 0
2 16 NULL
@datum_count 17 1
1 17 0
@axis_count 18 1
1 18 0
@insert_layer_id 19 1
1 19 -1
@layer_count 20 1
1 20 1
@rel_part_eps 21 2
1 21 3F53A92A30553261
@model_eps 22 2
1 22 0
@fixed_model_eps 23 1
1 23 0
@assembled_count 24 1
1 24 0
@part_type 25 1
1 25 2
@first_ent_id 26 1
1 26 515265
@first_view_id 27 1
1 27 0
@outline 28 2
1 28 [2][3]
$C047C,0,C052C
$4047C,4034,403E
@dim_num 29 1
1 29 2
@geom_lib_ptr 30 0
1 30 NULL
@attrib_array 31 1
1 31 [2]
$1032,0
@max_part_size 32 2
1 32 0
@model_name 33 10
1 33 CAVITY_MACH
@disp_outl_info 34 0
1 34 
@disp_outline 35 2
2 35 [2][3]
$C0481B85B15F480C,C014,C052EDC2D8AFA406
$40481B85B15F480D,4034,403EB70B62BE9018
@sel_outl_info 36 0
1 36 ->
@outline 37 2
2 37 [2][3]
$C0481B85B15F480C,C014,C052EDC2D8AFA406
$40481B85B15F480D,4034,403EB70B62BE9018
#BasicText
@Sld_BasicText 1 0
0 1 ->
@assem_mass_prop_ptr 2 0
1 2 NULL
@mass_prop_ptr 3 0
1 3 ->
@type 4 1
2 4 0
@density 5 2
2 5 0
@init_dens 6 5
2 6 0
@rel_density 7 2
2 7 0
@init_rel_dens 8 5
2 8 0
@aver_density 9 2
2 9 0
@vrevnum 10 1
2 10 -1
@volume 11 2
2 11 0
@cg 12 2
2 12 [3]
$3*0
@inertia 13 2
2 13 [3][3]
$3*0
$3*0
$3*0
@eps 14 2
2 14 0
@surfarea 15 2
2 15 0
@assign_mp_ptr 16 0
1 16 NULL
@mat_name_ptr 17 10
1 17 NULL
@unit_arr 18 0
1 18 [3]
2 18 
@type 19 1
3 19 1
@factor 20 2
3 20 3FF
@name 21 10
3 21 INCH
@unit_type 22 1
3 22 0
2 18 
3 19 2
3 20 3FF
3 21 POUND
3 22 1
2 18 
3 19 11
3 20 3FF
3 21 HOURS
3 22 2
@p_unit_info 23 0
1 23 ->
@custom_unit_arr 24 0
2 24 [6]
3 24 
3 24 
3 24 
3 24 
3 24 
3 24 
@principal_sys_units 25 10
2 25 Inch lbm Second (Pro/E Default)
@history_scale 26 2
2 26 [6][2]
$3FF,0
$3FF,0
$3FF,0
$3FF,0
$3FF,0
$3FF,0
#GeomDepen
@Sld_GeomDepend 1 0
0 1 ->
@frst_geom_ptr 2 1
1 2 0
@fem_data 3 0
1 3 ->
@fem_layer_id 4 1
2 4 -1
@fem_mesh_revnum 5 1
2 5 -1
@fem_constr_revnum 6 1
2 6 -1
@p_user_fem_data 7 0
2 7 ->
@user_shell_model_ptr 8 0
3 8 NULL
@p_partition_info 9 0
3 9 NULL
@mirr_geom_ids 10 1
3 10 [3]
$3*-1
@user_qlt_shl_model_arr 11 0
3 11 
@default_contact_type 12 1
3 12 4
@merged_solid_ref_data 13 1
3 13 0
@p_internal_fem_data 14 0
2 14 ->
@first_quilt_ptr 15 1
1 15 0
#DispCntrl
@Sld_DispCntrl 1 0
0 1 ->
@color_prop_ptr 2 0
1 2 NULL
@layer_array 3 0
1 3 [5]
2 3 ->
@id 4 1
3 4 8
@type 5 1
3 5 117
@user_id 6 1
3 6 0
@weird_wline_ptr 7 0
3 7 ->
@weird_wline 8 10
4 8 NOTE_1
@layer_objects 9 0
3 9 [5]
4 9 
@type 10 1
5 10 3
@lay_solid 11 0
5 11 NULL
4 9 
5 10 8
5 11 NULL
4 9 
5 10 34
5 11 NULL
4 9 
5 10 68
@ids 12 1
5 12 [1]
6 12 0
5 11 NULL
4 9 
5 10 144
5 11 NULL
@saved_operation 13 1
3 13 3
2 3 ->
3 4 9
3 5 117
3 6 0
3 7 ->
4 8 NOTE_2
3 9 [5]
4 9 
5 10 3
5 11 NULL
4 9 
5 10 8
5 11 NULL
4 9 
5 10 34
5 11 NULL
4 9 
5 10 68
5 12 [1]
6 12 1
5 11 NULL
4 9 
5 10 144
5 11 NULL
3 13 3
2 3 ->
3 4 10
3 5 117
3 6 0
3 7 ->
4 8 NOTE_SPIRAL
3 9 [5]
4 9 
5 10 3
5 11 NULL
4 9 
5 10 8
5 11 NULL
4 9 
5 10 34
5 11 NULL
4 9 
5 10 68
5 12 [1]
6 12 2
5 11 NULL
4 9 
5 10 144
5 11 NULL
3 13 3
2 3 ->
3 4 12
3 5 117
3 6 0
3 7 ->
4 8 CUTLINE_NOTE
3 9 [5]
4 9 
5 10 3
5 11 NULL
4 9 
5 10 8
5 11 NULL
4 9 
5 10 34
5 11 NULL
4 9 
5 10 68
5 12 [1]
6 12 3
5 11 NULL
4 9 
5 10 144
5 11 NULL
3 13 3
2 3 ->
3 4 42
3 5 117
3 6 0
3 7 ->
4 8 WORKPIECE
3 9 [1]
4 9 
5 10 34
5 12 [1]
6 12 2
5 11 NULL
3 13 1
#DisplData
@Sld_DispData 1 0
0 1 ->
@disp_data 2 0
1 2 
#LargeText
@Sld_LargeText 1 0
0 1 ->
@names_table 2 0
1 2 [3]
2 2 ->
@id 3 1
3 3 16
@type 4 1
3 4 3
@name 5 10
3 5 ÿ
2 2 ->
3 3 17
3 4 3
3 5 FSETP1
2 2 ->
3 3 22
3 4 3
3 5 ÿ
@relpar_sets 6 0
1 6 [1]
2 6 
@id 7 1
3 7 -1
@type 8 1
3 8 1
@ext_ref_id 9 1
3 9 -1
@param_arr 10 0
3 10 [49]
4 10 ->
@sym 11 10
5 11 
@value 12 0
5 12 
@type 13 1
6 13 26759976
@value(NO_val) 14 0
6 14 ->
@bak_value 15 0
5 15 
6 13 26759976
6 14 ->
4 10 ->
5 11 
5 12 
6 13 -268454824
6 14 ->
5 15 
6 13 -268454824
6 14 ->
4 10 ->
5 11 
5 12 
6 13 0
6 14 ->
5 15 
6 13 0
6 14 ->
4 10 ->
5 11 
5 12 
6 13 -268454784
6 14 ->
5 15 
6 13 -268454784
6 14 ->
4 10 ->
5 11 
5 12 
6 13 49165128
6 14 ->
5 15 
6 13 49165128
6 14 ->
4 10 ->
5 11 
5 12 
6 13 49165128
6 14 ->
5 15 
6 13 49165128
6 14 ->
4 10 ->
5 11 
5 12 
6 13 49165128
6 14 ->
5 15 
6 13 49165128
6 14 ->
4 10 ->
5 11 
5 12 
6 13 -268455096
6 14 ->
5 15 
6 13 -268455096
6 14 ->
4 10 ->
5 11 
5 12 
6 13 49165128
6 14 ->
5 15 
6 13 49165128
6 14 ->
4 10 ->
5 11 
5 12 
6 13 26759976
6 14 ->
5 15 
6 13 26759976
6 14 ->
4 10 ->
5 11 
5 12 
6 13 -268454784
6 14 ->
5 15 
6 13 -268454784
6 14 ->
4 10 ->
5 11 
5 12 
6 13 49165128
6 14 ->
5 15 
6 13 49165128
6 14 ->
4 10 ->
5 11 
5 12 
6 13 26759976
6 14 ->
5 15 
6 13 26759976
6 14 ->
4 10 ->
5 11 
5 12 
6 13 -268454824
6 14 ->
5 15 
6 13 -268454824
6 14 ->
4 10 ->
5 11 
5 12 
6 13 0
6 14 ->
5 15 
6 13 0
6 14 ->
4 10 ->
5 11 
5 12 
6 13 -268454784
6 14 ->
5 15 
6 13 -268454784
6 14 ->
4 10 ->
5 11 
5 12 
6 13 49165128
6 14 ->
5 15 
6 13 49165128
6 14 ->
4 10 ->
5 11 
5 12 
6 13 49165128
6 14 ->
5 15 
6 13 49165128
6 14 ->
4 10 ->
5 11 
5 12 
6 13 -268455096
6 14 ->
5 15 
6 13 -268455096
6 14 ->
4 10 ->
5 11 
5 12 
6 13 49165128
6 14 ->
5 15 
6 13 49165128
6 14 ->
4 10 ->
5 11 
5 12 
6 13 26759976
6 14 ->
5 15 
6 13 26759976
6 14 ->
4 10 ->
5 11 
5 12 
6 13 -268454824
6 14 ->
5 15 
6 13 -268454824
6 14 ->
4 10 ->
5 11 
5 12 
6 13 0
6 14 ->
5 15 
6 13 0
6 14 ->
4 10 ->
5 11 
5 12 
6 13 -268454784
6 14 ->
5 15 
6 13 -268454784
6 14 ->
4 10 ->
5 11 
5 12 
6 13 49165128
6 14 ->
5 15 
6 13 49165128
6 14 ->
4 10 ->
5 11 
5 12 
6 13 49135616
6 14 ->
5 15 
6 13 49135616
6 14 ->
4 10 ->
5 11 
5 12 
6 13 49135616
6 14 ->
5 15 
6 13 49135616
6 14 ->
4 10 ->
5 11 
5 12 
6 13 49135616
6 14 ->
5 15 
6 13 49135616
6 14 ->
4 10 ->
5 11 
5 12 
6 13 8
6 14 ->
5 15 
6 13 8
6 14 ->
4 10 ->
5 11 
5 12 
6 13 49135616
6 14 ->
5 15 
6 13 49135616
6 14 ->
4 10 ->
5 11 
5 12 
6 13 284451576
6 14 ->
5 15 
6 13 284451576
6 14 ->
4 10 ->
5 11 
5 12 
6 13 320
6 14 ->
5 15 
6 13 320
6 14 ->
4 10 ->
5 11 
5 12 
6 13 305380152
6 14 ->
5 15 
6 13 305380152
6 14 ->
4 10 ->
5 11 
5 12 
6 13 284451576
6 14 ->
5 15 
6 13 284451576
6 14 ->
4 10 ->
5 11 
5 12 
6 13 284451576
6 14 ->
5 15 
6 13 284451576
6 14 ->
4 10 ->
5 11 
5 12 
6 13 328
6 14 ->
5 15 
6 13 328
6 14 ->
4 10 ->
5 11 
5 12 
6 13 299915696
6 14 ->
5 15 
6 13 299915696
6 14 ->
4 10 ->
5 11 
5 12 
6 13 284451576
6 14 ->
5 15 
6 13 284451576
6 14 ->
4 10 ->
5 11 
5 12 
6 13 284451576
6 14 ->
5 15 
6 13 284451576
6 14 ->
4 10 ->
5 11 
5 12 
6 13 352
6 14 ->
5 15 
6 13 352
6 14 ->
4 10 ->
5 11 
5 12 
6 13 299915696
6 14 ->
5 15 
6 13 299915696
6 14 ->
4 10 ->
5 11 
5 12 
6 13 284451576
6 14 ->
5 15 
6 13 284451576
6 14 ->
4 10 ->
5 11 
5 12 
6 13 328
6 14 ->
5 15 
6 13 328
6 14 ->
4 10 ->
5 11 
5 12 
6 13 299915696
6 14 ->
5 15 
6 13 299915696
6 14 ->
4 10 ->
5 11 
5 12 
6 13 284451576
6 14 ->
5 15 
6 13 284451576
6 14 ->
4 10 ->
5 11 
5 12 
6 13 284451576
6 14 ->
5 15 
6 13 284451576
6 14 ->
4 10 ->
5 11 
5 12 
6 13 284451576
6 14 ->
5 15 
6 13 284451576
6 14 ->
4 10 ->
5 11 
5 12 
6 13 352
6 14 ->
5 15 
6 13 352
6 14 ->
4 10 ->
5 11 
5 12 
6 13 299915696
6 14 ->
5 15 
6 13 299915696
6 14 ->
@relatnum 16 1
3 16 0
@cfg_states 17 0
1 17 NULL
@notes 18 0
1 18 [4]
2 18 ->
@type 19 1
3 19 1
@attributes 20 1
3 20 15
@line_array 21 0
3 21 [3]
4 21 
@text_array 22 0
5 22 [1]
6 22 
@text_type 23 1
7 23 18
@text_value 24 10
7 24 THE TOOL MOVES ONLY IN STRAIGHT
@format_info 25 0
7 25 
4 21 
5 22 [1]
6 22 
7 23 18
7 24 LINES.
7 25 
4 21 
5 22 [1]
6 22 
7 23 18
7 24  
7 25 
@note_ldr 26 0
3 26 ->
@ldr_attrib 27 1
4 27 0
@note_att 28 0
4 28 ->
@type 29 1
5 29 42
@attach_id 30 1
5 30 0
@att_offsets 31 0
5 31 [5]
6 31 ->
@offset_type 32 1
7 32 9
@offset 33 2
7 33 3FD0DE50D79435E5
6 31 ->
7 32 10
7 33 3FC4171905C6416C
6 31 ->
7 32 53
7 33 3FEC295244E6202F
6 31 ->
7 32 54
7 33 3FF94F7512FA225C
6 31 ->
7 32 55
7 33 3FDDF80717BD6403
@view_id 34 1
5 34 2
@point 35 2
5 35 [3]
$407DD0D36E0F1546,405F00FFC8B5B8FC,0
@ldr_paths 36 0
4 36 [3]
5 36 ->
@end_att 37 0
6 37 ->
7 29 1
7 30 79
@member_id_tab 38 1
7 38 [1]
8 38 1
7 31 [1]
8 31 ->
9 32 0
9 33 3FE2E8BA2E8BA2E9
7 34 2
7 35 [3]
$407F7270A7938A34,407BEE62928F49B9,0
@private_attribute 39 9
7 39 [4]
$1,3*0
5 36 ->
6 37 ->
7 29 1
7 30 108
7 38 [1]
8 38 1
7 31 [1]
8 31 ->
9 32 0
9 33 3FE1714576D8496E
7 34 2
7 35 [3]
$4070FA43801633F9,407D98F375601527,0
7 39 [4]
$1,3*0
5 36 ->
6 37 ->
7 29 1
7 30 110
7 38 [1]
8 38 1
7 31 [1]
8 31 ->
9 32 0
9 33 3FDE0AD8AE214A7C
7 34 2
7 35 [3]
$40883514D85DE25R,407D1398847BB01R,0
7 39 [4]
$1,3*0
@gen_info 40 0
3 40 
@p_sld_info 41 0
3 41 ->
@name 42 10
4 42 TOP_VOLUME_1
@ref_type 43 1
4 43 1
@ref_id 44 1
4 44 -1
@url 45 10
4 45 
2 18 ->
3 19 1
3 20 15
3 21 [2]
4 21 
5 22 [1]
6 22 
7 23 18
7 24 THIS GIVES BETTER COVERAGE, 
7 25 
4 21 
5 22 [1]
6 22 
7 23 18
7 24 MACHINING 'ALONG' THE PART.
7 25 
3 26 ->
4 27 0
4 28 ->
5 29 42
5 30 0
5 31 [5]
6 31 ->
7 32 9
7 33 3FE0CBC6FB48308R
6 31 ->
7 32 10
7 33 3FD0CCAFB415D81E
6 31 ->
7 32 53
7 33 3FE6197477897537
6 31 ->
7 32 54
7 33 3FF264C959A530DC
6 31 ->
7 32 55
7 33 3FE0D1A481B6D4E7
5 34 2
5 35 [3]
$407CE09D3EBE4C32,407207955BC8D427,0
4 36 [2]
5 36 ->
6 37 ->
7 29 1
7 30 63
7 38 [1]
8 38 1
7 31 [1]
8 31 ->
9 32 0
9 33 3FDD2BB967409A65
7 34 2
7 35 [3]
$4073A23357E75523,40802FD6D3A6B778,0
7 39 [4]
$1,3*0
5 36 ->
6 37 ->
7 29 1
7 30 67
7 38 [1]
8 38 1
7 31 [1]
8 31 ->
9 32 0
9 33 3FE71C71C71C71C7
7 34 2
7 35 [3]
$4087CF23D34C133B,40790768C135BB2E,0
7 39 [4]
$1,3*0
3 40 
3 41 ->
4 42 note
4 43 1
4 44 -1
4 45 
2 18 ->
3 19 1
3 20 15
3 21 [3]
4 21 
5 22 [1]
6 22 
7 23 18
7 24 SPIRAL SCANNING ALLOWS A
@width_factor 46 2
7 46 3FF8
7 25 
4 21 
5 22 [1]
6 22 
7 23 18
7 24  LARGETOOL TO ACESS THIS }
7 46 3FF8
7 25 
4 21 
5 22 [1]
6 22 
7 23 18
7 24 COMPLETE VOLUME.}
7 46 3FF8
7 25 
3 26 ->
4 27 0
4 28 ->
5 29 42
5 30 0
5 31 [5]
6 31 ->
7 32 9
7 33 3FE2279435E50D7A
6 31 ->
7 32 10
7 33 C005F95FD50EABA6
6 31 ->
7 32 53
7 33 3FE60732DC61D725
6 31 ->
7 32 54
7 33 40041747410AD76F
6 31 ->
7 32 55
7 33 3FE920ACD371D10D
5 34 2
5 35 [3]
$4082F97BAF6840E,404F800964EC97,0
4 36 [4]
5 36 ->
6 37 ->
7 29 1
7 30 109
7 38 [1]
8 38 1
7 31 [1]
8 31 ->
9 32 0
9 33 3FD718897CCFB6FA
7 34 2
7 35 [3]
$4083933F9D848C46,40805F720BE5A49D,0
7 39 [4]
$1,3*0
5 36 ->
6 37 ->
7 29 1
7 30 108
7 38 [1]
8 38 1
7 31 [1]
8 31 ->
9 32 0
9 33 3FE4DE9BD37A6F4E
7 34 2
7 35 [3]
$40781C1BFB74B3A6,40819CCFEA1EC835,0
7 39 [4]
$1,3*0
5 36 ->
6 37 ->
7 29 1
7 30 111
7 38 [1]
8 38 1
7 31 [1]
8 31 ->
9 32 0
9 33 3FE0CC3958C25FBD
7 34 2
7 35 [3]
$407DB100AB82893A,40764A2D1D1DD66C,0
7 39 [4]
$1,3*0
5 36 ->
6 37 ->
7 29 1
7 30 110
7 38 [1]
8 38 1
7 31 [1]
8 31 ->
9 32 0
9 33 3FD8E6D86E7D3038
7 34 2
7 35 [3]
$40872D4E03D0E7B2,4078DF74BA80858,0
7 39 [4]
$1,3*0
3 40 
@color 47 1
4 47 1
@line_spacing 48 2
3 48 3FE
3 41 ->
4 42 SPIRAL
4 43 1
4 44 -1
4 45 
2 18 ->
3 19 1
3 20 15
3 21 [1]
4 21 
5 22 [1]
6 22 
7 23 18
7 24 FILLET PROFILE DEFINES CUT LINES.
7 25 
3 26 ->
4 27 0
4 28 ->
5 29 42
5 30 0
5 31 [5]
6 31 ->
7 32 9
7 33 3FE1EB8B1A6604B4
6 31 ->
7 32 10
7 33 3FEDAF69EB17787F
6 31 ->
7 32 53
7 33 3FD24410C5A9F015
6 31 ->
7 32 54
7 33 BFF06D570037040F
6 31 ->
7 32 55
7 33 3FD998E1AD97E716
5 34 2
5 35 [3]
$40802F49510627AC,408595A690802A3D,0
4 36 [3]
5 36 ->
6 37 ->
7 29 1
7 30 65
7 38 [1]
8 38 1
7 31 [1]
8 31 ->
9 32 0
9 33 3FE21993F748D6EA
7 34 2
7 35 [3]
$4083A8E103C035B9,407DF45001BFABAR,0
7 39 [4]
$1,3*0
5 36 ->
6 37 ->
7 29 1
7 30 63
7 38 [1]
8 38 1
7 31 [1]
8 31 ->
9 32 0
9 33 3FD47AE147AE147B
7 34 2
7 35 [3]
$407A17C1AD05E752,4080090C7E949FAR,0
7 39 [4]
$1,3*0
5 36 ->
6 37 ->
7 29 1
7 30 62
7 38 [1]
8 38 1
7 31 [1]
8 31 ->
9 32 0
9 33 3FBD6D143146ACA8
7 34 2
7 35 [3]
$4080681882A5E0CA,407F49776045BBA,0
7 39 [4]
$1,3*0
3 40 
3 41 ->
4 42 Note_cutline
4 43 1
4 44 -1
4 45 
#FamilyInf
@Sld_FamilyInfo 1 0
0 1 ->
@drv_tbl_ptr 2 0
1 2 NULL
#VisibGeom
@Sld_VisGeom 1 0
0 1 ->
@active_geom 2 0
1 2 
#NovisGeom
@Sld_NonVisGeom 1 0
0 1 ->
@inactive_geom 2 0
1 2 
@srf_array 3 0
2 3 [2]
3 3 ->
@geom_type 4 1
4 4 34
@geom_id 5 1
4 5 29
@feat_id 6 1
4 6 28
@boundary_type 7 1
4 7 -1
@envlp 8 2
4 8 [2][2]
$2*BF53A92A30553262
$4057C013A92A305R,4034004EA4A8C15R
@srf_prim_ptr(plane) 9 0
4 9 ->
@local_sys 10 2
5 10 [4][3]
$BFF,2*0
$0,BFF,0
$2*0,3FF
$4047C,4034,C0368
@frst_cntr_ptr 11 0
4 11 NULL
@next_geom_ptr 12 1
4 12 0
@orient 13 1
4 13 1
@outline 14 2
4 14 [2][3]
$C047C027525460AR,BF53A92A30554,C0368
$4047C027525460AR,4034004EA4A8C15R,C0368
3 3 ->
4 4 34
4 5 35
4 6 34
4 7 -1
4 8 [2][2]
$2*BF53A92A30553262
$405A4013A92A305R,4034004EA4A8C15R
4 9 ->
5 10 [4][3]
$2*0,3FF
$0,BFF,0
$3FF,2*0
$0,4034,C052C
4 11 NULL
4 12 0
4 13 1
4 14 [2][3]
$0,BF53A92A30554,C052C013A92A305R
$0,4034004EA4A8C15R,403E004EA4A8C154
@external_geom 15 0
1 15 
#ActEntity
@Sld_Entities 1 0
0 1 ->
#AllFeatur
@Sld_Features 1 0
0 1 ->
@first_feat_ptr 2 0
1 2 ->
@id 3 1
2 3 1
@indep_attributes 4 1
2 4 4097
@feat_type_ptr 5 0
2 5 ->
@table_id 6 1
3 6 -1
@type 7 1
3 7 1000
@feattype_key 8 10
3 8 NULL
@form 9 1
3 9 0
@attributes 10 1
3 10 [3]
$3*0
@placement 11 1
3 11 0
@intersection 12 1
3 12 -1
@internal_udf_type 13 1
3 13 -1
@param_choice_ptr 14 0
3 14 ->
@blend_choice 15 1
4 15 0
@depth_choice 16 1
4 16 0
@angle_choice 17 1
4 17 0
@pat_choice 18 1
4 18 -1
@round_choice 19 1
4 19 -1
@subsec_choice 20 1
4 20 -1
@sweep_choice 21 1
4 21 0
@dome_choice 22 1
4 22 0
@draft_choice 23 1
4 23 0
@misc_choice 24 1
4 24 [2]
$32,0
@assoc_type 25 1
3 25 0
@symbol_key 26 1
2 26 -1
@sect_name 27 10
2 27 no_name
@model_type 28 1
2 28 1
@idtab_ptr 29 0
2 29 ->
@save_geoms 30 0
3 30 NULL
@cr_flags_xar 31 1
3 31 [31]
$3*-1,-2049,2*-1,-16777217,3*-1,-536870913,-1,-1126176897,-2,-2097185,
$-2097665,-1,-1073741843,2*-1,-257,-261249,-1,-32769,-1,-4194305,2*-1,
$-536871041,2080374783,0
@cvt_feat_dat 32 0
3 32 NULL
@feat_dates_ptr 33 0
3 33 ->
@creat_date 34 1
4 34 190017
@regen_date 35 1
4 35 190019
@group_info_ptr 36 0
2 36 NULL
@intrs_pairs_ptr 37 0
2 37 ->
@place_rec_ptr 38 0
2 38 ->
@local_sys 39 2
3 39 [4][3]
$3FF,2*0
$0,3FF,0
$2*0,3FF
$3*0
@own_ref_id 40 1
3 40 0
@orient 41 1
3 41 0
@trf_arr 42 0
3 42 [1]
4 42 
@type 43 1
5 43 19
@idx 44 1
5 44 0
@transf 45 2
5 45 [4][3]
$3FF,2*0
$0,3FF,0
$2*0,3FF
$3*0
@next_prop 46 0
2 46 NULL
@first_geom_id 47 1
2 47 -1
@cond_tbl_idx 48 1
2 48 -1
@comment 49 10
2 49 NULL
@merge_info_ptr 50 0
2 50 NULL
@dat_ptr(comp_data) 51 0
2 51 ->
@type 52 1
3 52 123
@model_ptr 53 0
3 53 
@object_type 54 1
4 54 2
@name 55 10
4 55 CAVITY
@simpl_rep 56 0
4 56 NULL
@placed_flag 57 1
3 57 1
@subst_asm_ref_id 58 1
3 58 -1
@instance 59 3
3 59 NULL
@stamp 60 0
3 60 
@major_vers 61 0
4 61 
@vers 62 1
5 62 0
@alias_name 63 10
5 63 
@minor_vers 64 0
4 64 
@vers 65 1
5 65 0
@dep_id 66 1
3 66 0
@interchange_info 67 0
3 67 NULL
@topology_increment 68 0
2 68 ->
@first_geom 69 1
3 69 0
@first_quilt 70 1
3 70 0
@outline 71 2
3 71 [2][3]
$3*0
$3*0
@max_part_size 72 2
3 72 0
@xform_increment 73 0
3 73 NULL
@roll_back_id 74 1
3 74 -1
@state_ind 75 1
2 75 -1
@alumni_info 76 0
2 76 NULL
@revnum 77 1
2 77 43
@rev_rec 78 0
2 78 ->
@revnums 79 0
3 79 [1]
4 79 ->
@owner_type 80 1
5 80 3
@owner_ind 81 1
5 81 -1
@ref_id 82 1
5 82 -1
@ref_revnum 83 1
5 83 -1
@num_plins 84 1
3 84 0
@expl_state_ref 85 0
2 85 NULL
@feat_outl_info 86 0
2 86 NULL
@next_feat_ptr 87 0
1 87 ->
2 3 2
2 4 4097
2 5 ->
3 6 -1
3 7 1000
3 8 NULL
3 9 0
3 10 [3]
$3*0
3 11 0
3 12 -1
3 13 -1
3 14 ->
4 15 0
4 16 0
4 17 0
4 18 -1
4 19 -1
4 20 -1
4 21 0
4 22 0
4 23 0
4 24 [2]
$64,0
3 25 0
2 26 -1
2 27 no_name
2 28 1
2 29 ->
3 30 NULL
3 31 [31]
$3*-1,-2049,2*-1,-16777217,3*-1,-536870913,-1,-1126176897,-2,-2097185,
$-2097665,-1,-1073741843,2*-1,-257,-261249,-1,-32769,-1,-4194305,2*-1,
$-536871041,2080374783,0
3 32 NULL
3 33 ->
4 34 190017
4 35 190019
2 36 NULL
2 37 ->
2 38 ->
3 39 [4][3]
$3FF,2*0
$0,3FF,0
$2*0,3FF
$3*0
@place_instruction_ptrs 88 0
3 88 [2]
4 88 ->
@type 89 1
5 89 52
@offset 90 2
5 90 0
@dim_id 91 1
5 91 -1
@ref_id 92 1
5 92 0
@geometry1_id 93 1
5 93 -1
@geometry2_id 94 1
5 94 -1
@memb_num1 95 1
5 95 0
@memb_num2 96 1
5 96 0
@attr 97 1
5 97 0
@plin_info_arr 98 0
5 98 [1]
6 98 ->
@type 99 1
7 99 6
@data(plin_info_ui_step) 100 0
7 100 ->
@step_ids 101 1
8 101 [1]
9 101 -100
4 88 ->
5 89 5
5 90 0
5 91 0
5 92 1
5 93 7
5 94 7
5 95 1
5 96 1
@memb_id_tab1 102 1
5 102 [1]
6 102 2
@memb_id_tab2 103 1
5 103 [1]
6 103 2
5 97 512
5 98 [1]
6 98 ->
7 99 6
7 100 ->
8 101 [1]
9 101 -100
3 40 0
3 41 0
3 42 [1]
4 42 
5 43 19
5 44 0
5 45 [4][3]
$3FF,2*0
$0,3FF,0
$2*0,3FF
$3*0
2 46 NULL
2 47 -1
2 48 -1
2 49 NULL
2 50 NULL
2 51 ->
3 52 123
3 53 
4 54 2
4 55 CAVITY_WP
4 56 NULL
3 57 1
3 58 -1
3 59 NULL
3 60 
4 61 
5 62 0
5 63 
4 64 
5 65 0
3 66 1
3 67 NULL
2 68 ->
3 69 0
3 70 0
3 71 [2][3]
$C047C,0,C052C
$4047C,4034,403E
3 72 0
3 73 NULL
3 74 -1
2 75 -1
2 76 NULL
2 77 43
2 78 ->
3 79 [3]
4 79 ->
5 80 3
5 81 -1
5 82 -1
5 83 -1
4 79 ->
5 80 1
5 81 -1
5 82 1
5 83 0
@memb_tab_revnums 104 1
5 104 [1]
6 104 43
4 79 ->
5 80 2
5 81 -1
5 82 1
5 83 0
5 104 [1]
6 104 43
3 84 2
2 85 NULL
2 86 NULL
1 87 ->
2 3 16
2 4 4097
2 5 ->
3 6 -1
3 7 1002
3 8 NULL
3 9 0
3 10 [3]
$3*0
3 11 0
3 12 -1
3 13 -1
3 14 ->
4 15 0
4 16 0
4 17 0
4 18 -1
4 19 -1
4 20 -1
4 21 0
4 22 0
4 23 0
4 24 [2]
$1,0
3 25 0
2 26 -1
2 27 no_name
2 28 1
2 29 ->
3 30 NULL
3 31 [31]
$3*-1,-2049,2*-1,-16777217,3*-1,-536870913,-1,-1126176897,-2,-2097185,
$-2097665,-1,-1073741843,2*-1,-257,-261249,-1,-32769,-1,-4194305,2*-1,
$-536871041,-67108865,7
3 32 NULL
3 33 ->
4 34 190018
4 35 190019
2 36 NULL
2 37 ->
2 38 ->
3 39 [4][3]
$3FF,2*0
$0,3FF,0
$2*0,3FF
$3*0
3 40 -1
3 41 0
2 46 NULL
2 47 -1
2 48 -1
2 49 NULL
2 50 NULL
2 68 ->
3 69 0
3 70 0
3 71 [2][3]
$C047C,0,C052C
$4047C,4034,403E
3 72 0
3 73 NULL
3 74 -1
2 75 -1
2 76 NULL
2 77 93
2 78 ->
3 84 0
2 85 NULL
2 86 NULL
1 87 ->
2 3 28
2 4 4097
2 5 ->
3 6 -1
3 7 923
3 8 NULL
3 9 0
3 10 [3]
$259,2*0
3 11 0
3 12 -1
3 13 -1
3 14 ->
4 15 0
4 16 0
4 17 0
4 18 970
4 19 -1
4 20 -1
4 21 0
4 22 0
4 23 0
4 24 [2]
$2*0
3 25 0
2 26 -1
2 27 no_name
2 28 1
2 29 ->
@srf_id_arr 105 1
3 105 [1][4]
$29,3*0
3 30 NULL
3 31 [31]
$3*-1,-2049,2*-1,-16777217,3*-1,-536870913,-1,-1126176897,-2,-2097185,
$-2097665,-1,-1073741843,2*-1,-257,-261249,-1,-32769,-1,-4194305,2*-1,
$-536871041,-67108865,7
3 32 NULL
3 33 ->
4 34 190018
4 35 190019
2 36 NULL
2 37 ->
2 38 ->
3 39 [4][3]
$BFF,2*0
$0,BFF,0
$2*0,3FF
$4047C,4034,C0368
3 88 [1]
4 88 ->
5 89 503
5 90 C04A4
5 91 0
5 92 0
5 93 24
5 94 29
5 95 1
5 96 0
5 102 [1]
6 102 2
5 97 33280
5 98 [2]
6 98 ->
7 99 1
@data(plin_info_ref) 106 0
7 106 ->
@id_type1 107 1
8 107 -4
@id_type2 108 1
8 108 5
@offset2 109 2
8 109 0
6 98 ->
7 99 6
7 100 ->
8 101 [1]
9 101 -100
3 40 0
3 41 1
3 42 [1]
4 42 
5 43 11
5 44 0
5 45 [4][3]
$BFF,2*0
$0,BFF,0
$2*0,3FF
$4047C,4034,C0368
2 46 NULL
2 47 29
2 48 -1
2 49 NULL
2 50 NULL
@parent_table 110 1
2 110 [1]
3 110 2
2 68 ->
3 69 0
3 70 0
3 71 [2][3]
$C047C,0,C052C
$4047C,4034,403E
3 72 0
3 73 NULL
3 74 -1
2 75 -1
2 76 NULL
2 77 1
2 78 ->
3 79 [2]
4 79 ->
5 80 3
5 81 -1
5 82 -1
5 83 -1
4 79 ->
5 80 1
5 81 -1
5 82 0
5 83 11
5 104 [1]
6 104 43
3 84 1
2 85 NULL
2 86 NULL
1 87 ->
2 3 34
2 4 4097
2 5 ->
3 6 -1
3 7 923
3 8 NULL
3 9 0
3 10 [3]
$259,2*0
3 11 0
3 12 -1
3 13 -1
3 14 ->
4 15 0
4 16 0
4 17 0
4 18 970
4 19 -1
4 20 -1
4 21 0
4 22 0
4 23 0
4 24 [2]
$2*0
3 25 0
2 26 -1
2 27 no_name
2 28 1
2 29 ->
3 105 [1][4]
$35,3*0
3 30 NULL
3 31 [31]
$3*-1,-2049,2*-1,-16777217,3*-1,-536870913,-1,-1126176897,-2,-2097185,
$-2097665,-1,-1073741843,2*-1,-257,-261249,-1,-32769,-1,-4194305,2*-1,
$-536871041,-67108865,7
3 32 NULL
3 33 ->
4 34 190018
4 35 190019
2 36 NULL
2 37 ->
2 38 ->
3 39 [4][3]
$2*0,3FF
$0,BFF,0
$3FF,2*0
$0,4034,C052C
3 88 [1]
4 88 ->
5 89 503
5 90 C047C
5 91 1
5 92 0
5 93 22
5 94 35
5 95 1
5 96 0
5 102 [1]
6 102 2
5 97 33280
5 98 [2]
6 98 ->
7 99 1
7 106 ->
8 107 -4
8 108 5
8 109 0
6 98 ->
7 99 6
7 100 ->
8 101 [1]
9 101 -100
3 40 0
3 41 1
3 42 [1]
4 42 
5 43 11
5 44 0
5 45 [4][3]
$2*0,3FF
$0,BFF,0
$3FF,2*0
$0,4034,C052C
2 46 NULL
2 47 35
2 48 -1
2 49 NULL
2 50 NULL
2 110 [1]
3 110 2
2 68 ->
3 69 0
3 70 0
3 71 [2][3]
$C047C,0,C052C
$4047C,4034,403E
3 72 0
3 73 NULL
3 74 -1
2 75 -1
2 76 NULL
2 77 0
2 78 ->
3 79 [2]
4 79 ->
5 80 3
5 81 -1
5 82 -1
5 83 -1
4 79 ->
5 80 1
5 81 -1
5 82 0
5 83 11
5 104 [1]
6 104 43
3 84 1
2 85 NULL
2 86 NULL
1 87 ->
2 3 23
2 4 4097
2 5 ->
3 6 -1
3 7 1000
3 8 NULL
3 9 0
3 10 [3]
$3*0
3 11 0
3 12 -1
3 13 -1
3 14 ->
4 15 0
4 16 0
4 17 0
4 18 -1
4 19 -1
4 20 -1
4 21 0
4 22 0
4 23 0
4 24 [2]
$128,0
3 25 0
2 26 -1
2 27 no_name
2 28 1
2 29 ->
@dtm_id_tab 111 0
3 111 [6]
4 111 
@dtm_id 112 1
5 112 -1
@dim_id 113 1
5 113 -1
4 111 
5 112 -1
5 113 -1
4 111 
5 112 29
5 113 0
4 111 
5 112 -1
5 113 -1
4 111 
5 112 -1
5 113 -1
4 111 
5 112 35
5 113 1
3 30 NULL
3 31 [31]
$3*-1,-2049,2*-1,-16777217,3*-1,-536870913,-1,-1126176897,-2,-2097185,
$-2097665,-1,-1073741843,2*-1,-257,-261249,-1,-32769,-1,-4194305,2*-1,
$-536871041,-67108865,7
3 32 NULL
3 33 ->
4 34 190018
4 35 190019
2 36 NULL
2 37 ->
2 38 ->
3 39 [4][3]
$3FF,2*0
$2*0,BFF
$0,3FF,0
$0,404,C0368
3 88 [3]
4 88 ->
5 89 5
5 90 0
5 91 1
5 92 0
5 93 8
5 94 18
5 95 1
5 96 1
5 102 [1]
6 102 2
5 103 [1]
6 103 23
5 97 512
5 98 [2]
6 98 ->
7 99 1
7 106 ->
8 107 5
8 108 5
8 109 0
6 98 ->
7 99 6
7 100 ->
8 101 [1]
9 101 -100
4 88 ->
5 89 26
5 90 0
5 91 2
5 92 1
5 93 29
5 94 7
5 95 0
5 96 1
5 103 [1]
6 103 23
5 97 0
5 98 [2]
6 98 ->
7 99 1
7 106 ->
8 107 5
8 108 5
8 109 0
6 98 ->
7 99 6
7 100 ->
8 101 [1]
9 101 -100
4 88 ->
5 89 26
5 90 0
5 91 3
5 92 2
5 93 35
5 94 5
5 95 0
5 96 1
5 103 [1]
6 103 23
5 97 0
5 98 [2]
6 98 ->
7 99 1
7 106 ->
8 107 5
8 108 5
8 109 0
6 98 ->
7 99 6
7 100 ->
8 101 [1]
9 101 -100
3 40 0
3 41 0
3 42 [1]
4 42 
5 43 19
5 44 0
5 45 [4][3]
$3FF,2*0
$2*0,BFF
$0,3FF,0
$0,404,C0368
2 46 NULL
2 47 -1
2 48 -1
2 49 NULL
2 50 NULL
2 51 ->
3 52 123
3 53 
4 54 2
4 55 PLATE
4 56 NULL
3 57 0
3 58 -1
3 59 NULL
3 60 
4 61 
5 62 0
5 63 
4 64 
5 65 0
3 66 2
3 67 NULL
2 110 [3]
$2,28,34
2 68 ->
3 69 0
3 70 0
3 71 [2][3]
$C047C,0,C052C
$4047C,4034,403E
3 72 0
3 73 NULL
3 74 -1
2 75 -1
2 76 NULL
2 77 40
2 78 ->
3 79 [7]
4 79 ->
5 80 3
5 81 -1
5 82 -1
5 83 -1
4 79 ->
5 80 1
5 81 -1
5 82 0
5 83 11
5 104 [1]
6 104 43
4 79 ->
5 80 2
5 81 -1
5 82 0
5 83 2
5 104 [1]
6 104 40
4 79 ->
5 80 1
5 81 -1
5 82 1
5 83 1
4 79 ->
5 80 2
5 81 -1
5 82 1
5 83 1
5 104 [1]
6 104 40
4 79 ->
5 80 1
5 81 -1
5 82 2
5 83 0
4 79 ->
5 80 2
5 81 -1
5 82 2
5 83 1
5 104 [1]
6 104 40
3 84 3
2 85 NULL
2 86 NULL
1 87 ->
2 3 37
2 4 4097
2 5 ->
3 6 -1
3 7 1000
3 8 NULL
3 9 0
3 10 [3]
$3*0
3 11 0
3 12 -1
3 13 -1
3 14 ->
4 15 0
4 16 0
4 17 0
4 18 -1
4 19 -1
4 20 -1
4 21 0
4 22 0
4 23 0
4 24 [2]
$128,0
3 25 0
2 26 -1
2 27 no_name
2 28 1
2 29 ->
3 30 NULL
3 31 [31]
$3*-1,-2049,2*-1,-16777217,3*-1,-536870913,-1,-1126176897,-2,-2097185,
$-2097665,-1,-1073741843,2*-1,-257,-261249,-1,-32769,-1,-4194305,2*-1,
$-536871041,-67108865,7
3 32 NULL
3 33 ->
4 34 190018
4 35 190019
2 36 NULL
2 37 ->
2 38 ->
3 39 [4][3]
$3FE6A09E667F3BCR,0,3FE6A09E667F3BCD
$0,BFF,0
$3FE6A09E667F3BCD,0,BFE6A09E667F3BCR
$404A0F876CCDF6CE,0,403D9F0ED99BED9B
3 88 [3]
4 88 ->
5 89 7
5 90 0
5 91 7
5 92 0
5 93 41
5 94 46
5 95 1
5 96 1
5 102 [1]
6 102 23
5 103 [1]
6 103 37
5 97 512
5 98 [2]
6 98 ->
7 99 1
7 106 ->
8 107 5
8 108 5
8 109 0
6 98 ->
7 99 6
7 100 ->
8 101 [1]
9 101 -100
4 88 ->
5 89 5
5 90 0
5 91 8
5 92 1
5 93 28
5 94 33
5 95 1
5 96 1
5 102 [1]
6 102 2
5 103 [1]
6 103 37
5 97 512
5 98 [2]
6 98 ->
7 99 1
7 106 ->
8 107 5
8 108 5
8 109 0
6 98 ->
7 99 6
7 100 ->
8 101 [1]
9 101 -100
4 88 ->
5 89 27
5 90 0
5 91 12
5 92 2
5 93 510
5 94 9
5 95 1
5 96 1
5 102 [1]
6 102 23
5 103 [1]
6 103 37
5 97 512
5 98 [2]
6 98 ->
7 99 1
7 106 ->
8 107 5
8 108 5
8 109 0
6 98 ->
7 99 6
7 100 ->
8 101 [1]
9 101 -100
3 40 0
3 41 0
3 42 [1]
4 42 
5 43 19
5 44 0
5 45 [4][3]
$3FE6A09E667F3BCR,0,3FE6A09E667F3BCD
$0,BFF,0
$3FE6A09E667F3BCD,0,BFE6A09E667F3BCR
$404A0F876CCDF6CE,0,403D9F0ED99BED9B
2 46 NULL
2 47 -1
2 48 -1
2 49 NULL
2 50 NULL
2 51 ->
3 52 123
3 53 
4 54 2
4 55 CLAMP
4 56 NULL
3 57 0
3 58 -1
3 59 NULL
3 60 
4 61 
5 62 0
5 63 
4 64 
5 65 0
3 66 3
3 67 NULL
2 110 [2]
$2,23
2 68 ->
3 69 0
3 70 0
3 71 [2][3]
$C047C,0,C052C
$4047C,4034,403E
3 72 0
3 73 NULL
3 74 -1
2 75 -1
2 76 NULL
2 77 38
2 78 ->
3 79 [7]
4 79 ->
5 80 3
5 81 -1
5 82 -1
5 83 -1
4 79 ->
5 80 1
5 81 -1
5 82 0
5 83 6
5 104 [1]
6 104 40
4 79 ->
5 80 2
5 81 -1
5 82 0
5 83 3
5 104 [1]
6 104 38
4 79 ->
5 80 1
5 81 -1
5 82 1
5 83 11
5 104 [1]
6 104 43
4 79 ->
5 80 2
5 81 -1
5 82 1
5 83 2
5 104 [1]
6 104 38
4 79 ->
5 80 1
5 81 -1
5 82 2
5 83 1
5 104 [1]
6 104 40
4 79 ->
5 80 2
5 81 -1
5 82 2
5 83 1
5 104 [1]
6 104 38
3 84 3
2 85 NULL
2 86 NULL
1 87 ->
2 3 38
2 4 4097
2 5 ->
3 6 -1
3 7 1000
3 8 NULL
3 9 0
3 10 [3]
$3*0
3 11 0
3 12 -1
3 13 -1
3 14 ->
4 15 0
4 16 0
4 17 0
4 18 -1
4 19 -1
4 20 -1
4 21 0
4 22 0
4 23 0
4 24 [2]
$128,0
3 25 0
2 26 -1
2 27 no_name
2 28 1
2 29 ->
3 30 NULL
3 31 [31]
$3*-1,-2049,2*-1,-16777217,3*-1,-536870913,-1,-1126176897,-2,-2097185,
$-2097665,-1,-1073741843,2*-1,-257,-261249,-1,-32769,-1,-4194305,2*-1,
$-536871041,-67108865,7
3 32 NULL
3 33 ->
4 34 190018
4 35 190019
2 36 NULL
2 37 ->
2 38 ->
3 39 [4][3]
$3FE6A09E667F3BCD,0,BFE6A09E667F3BCR
$0,BFF,0
$BFE6A09E667F3BCR,0,BFE6A09E667F3BCD
$404A0F876CCDF6CE,0,C052A7C3B666FB67
3 88 [3]
4 88 ->
5 89 7
5 90 0
5 91 13
5 92 0
5 93 419
5 94 44
5 95 1
5 96 1
5 102 [1]
6 102 23
5 103 [1]
6 103 38
5 97 512
5 98 [2]
6 98 ->
7 99 1
7 106 ->
8 107 5
8 108 5
8 109 0
6 98 ->
7 99 6
7 100 ->
8 101 [1]
9 101 -100
4 88 ->
5 89 5
5 90 0
5 91 14
5 92 1
5 93 39
5 94 33
5 95 1
5 96 1
5 102 [1]
6 102 1
5 103 [1]
6 103 38
5 97 512
5 98 [2]
6 98 ->
7 99 1
7 106 ->
8 107 5
8 108 5
8 109 0
6 98 ->
7 99 6
7 100 ->
8 101 [1]
9 101 -100
4 88 ->
5 89 42
5 90 0
5 91 16
5 92 2
5 93 508
5 94 9
5 95 1
5 96 1
5 102 [1]
6 102 23
5 103 [1]
6 103 38
5 97 512
5 98 [2]
6 98 ->
7 99 1
7 106 ->
8 107 5
8 108 5
8 109 0
6 98 ->
7 99 6
7 100 ->
8 101 [1]
9 101 -100
3 40 0
3 41 0
3 42 [1]
4 42 
5 43 19
5 44 0
5 45 [4][3]
$3FE6A09E667F3BCD,0,BFE6A09E667F3BCR
$0,BFF,0
$BFE6A09E667F3BCR,0,BFE6A09E667F3BCD
$404A0F876CCDF6CE,0,C052A7C3B666FB67
2 46 NULL
2 47 -1
2 48 -1
2 49 NULL
2 50 NULL
2 51 ->
3 52 123
3 53 
4 54 2
4 55 CLAMP
4 56 NULL
3 57 0
3 58 -1
3 59 NULL
3 60 
4 61 
5 62 0
5 63 
4 64 
5 65 0
3 66 4
3 67 NULL
2 110 [2]
$1,23
2 68 ->
3 69 0
3 70 0
3 71 [2][3]
$C047C,0,C052C
$4047C,4034,403E
3 72 0
3 73 NULL
3 74 -1
2 75 -1
2 76 NULL
2 77 47
2 78 ->
3 79 [7]
4 79 ->
5 80 3
5 81 -1
5 82 -1
5 83 -1
4 79 ->
5 80 1
5 81 -1
5 82 0
5 83 2
5 104 [1]
6 104 40
4 79 ->
5 80 2
5 81 -1
5 82 0
5 83 3
5 104 [1]
6 104 47
4 79 ->
5 80 1
5 81 -1
5 82 1
5 83 6
5 104 [1]
6 104 43
4 79 ->
5 80 2
5 81 -1
5 82 1
5 83 2
5 104 [1]
6 104 47
4 79 ->
5 80 1
5 81 -1
5 82 2
5 83 1
5 104 [1]
6 104 40
4 79 ->
5 80 2
5 81 -1
5 82 2
5 83 1
5 104 [1]
6 104 47
3 84 3
2 85 NULL
2 86 NULL
1 87 ->
2 3 40
2 4 4097
2 5 ->
3 6 -1
3 7 1000
3 8 NULL
3 9 0
3 10 [3]
$3*0
3 11 0
3 12 -1
3 13 -1
3 14 ->
4 15 0
4 16 0
4 17 0
4 18 -1
4 19 -1
4 20 -1
4 21 0
4 22 0
4 23 0
4 24 [2]
$128,0
3 25 0
2 26 -1
2 27 no_name
2 28 1
2 29 ->
3 30 NULL
3 31 [31]
$3*-1,-2049,2*-1,-16777217,3*-1,-536870913,-1,-1126176897,-2,-2097185,
$-2097665,-1,-1073741843,2*-1,-257,-261249,-1,-32769,-1,-4194305,2*-1,
$-536871041,-67108865,7
3 32 NULL
3 33 ->
4 34 190018
4 35 190019
2 36 NULL
2 37 ->
2 38 ->
3 39 [4][3]
$BFE6A09E667F3BCR,0,BFE6A09E667F3BCD
$0,BFF,0
$BFE6A09E667F3BCD,0,3FE6A09E667F3BCR
$C04A0F876CCDF6CE,0,C052A7C3B666FB67
3 88 [3]
4 88 ->
5 89 7
5 90 0
5 91 17
5 92 0
5 93 492
5 94 46
5 95 1
5 96 1
5 102 [1]
6 102 23
5 103 [1]
6 103 40
5 97 512
5 98 [2]
6 98 ->
7 99 1
7 106 ->
8 107 5
8 108 5
8 109 0
6 98 ->
7 99 6
7 100 ->
8 101 [1]
9 101 -100
4 88 ->
5 89 5
5 90 0
5 91 18
5 92 1
5 93 39
5 94 33
5 95 1
5 96 1
5 102 [1]
6 102 1
5 103 [1]
6 103 40
5 97 512
5 98 [2]
6 98 ->
7 99 1
7 106 ->
8 107 5
8 108 5
8 109 0
6 98 ->
7 99 6
7 100 ->
8 101 [1]
9 101 -100
4 88 ->
5 89 42
5 90 0
5 91 19
5 92 2
5 93 510
5 94 9
5 95 1
5 96 1
5 102 [1]
6 102 23
5 103 [1]
6 103 40
5 97 512
5 98 [2]
6 98 ->
7 99 1
7 106 ->
8 107 5
8 108 5
8 109 0
6 98 ->
7 99 6
7 100 ->
8 101 [1]
9 101 -100
3 40 0
3 41 0
3 42 [1]
4 42 
5 43 19
5 44 0
5 45 [4][3]
$BFE6A09E667F3BCR,0,BFE6A09E667F3BCD
$0,BFF,0
$BFE6A09E667F3BCD,0,3FE6A09E667F3BCR
$C04A0F876CCDF6CE,0,C052A7C3B666FB67
2 46 NULL
2 47 -1
2 48 -1
2 49 NULL
2 50 NULL
2 51 ->
3 52 123
3 53 
4 54 2
4 55 CLAMP
4 56 NULL
3 57 0
3 58 -1
3 59 NULL
3 60 
4 61 
5 62 0
5 63 
4 64 
5 65 0
3 66 5
3 67 NULL
2 110 [2]
$1,23
2 68 ->
3 69 0
3 70 0
3 71 [2][3]
$C047C,0,C052C
$4047C,4034,403E
3 72 0
3 73 NULL
3 74 -1
2 75 -1
2 76 NULL
2 77 47
2 78 ->
3 79 [7]
4 79 ->
5 80 3
5 81 -1
5 82 -1
5 83 -1
4 79 ->
5 80 1
5 81 -1
5 82 0
5 83 2
5 104 [1]
6 104 40
4 79 ->
5 80 2
5 81 -1
5 82 0
5 83 3
5 104 [1]
6 104 47
4 79 ->
5 80 1
5 81 -1
5 82 1
5 83 6
5 104 [1]
6 104 43
4 79 ->
5 80 2
5 81 -1
5 82 1
5 83 2
5 104 [1]
6 104 47
4 79 ->
5 80 1
5 81 -1
5 82 2
5 83 1
5 104 [1]
6 104 40
4 79 ->
5 80 2
5 81 -1
5 82 2
5 83 1
5 104 [1]
6 104 47
3 84 3
2 85 NULL
2 86 NULL
1 87 ->
2 3 41
2 4 4097
2 5 ->
3 6 -1
3 7 1000
3 8 NULL
3 9 0
3 10 [3]
$3*0
3 11 0
3 12 -1
3 13 -1
3 14 ->
4 15 0
4 16 0
4 17 0
4 18 -1
4 19 -1
4 20 -1
4 21 0
4 22 0
4 23 0
4 24 [2]
$128,0
3 25 0
2 26 -1
2 27 no_name
2 28 1
2 29 ->
3 30 NULL
3 31 [31]
$3*-1,-2049,2*-1,-16777217,3*-1,-536870913,-1,-1126176897,-2,-2097185,
$-2097665,-1,-1073741843,2*-1,-257,-261249,-1,-32769,-1,-4194305,2*-1,
$-536871041,-67108865,7
3 32 NULL
3 33 ->
4 34 190018
4 35 190019
2 36 NULL
2 37 ->
2 38 ->
3 39 [4][3]
$BFE6A09E667F3BCD,0,3FE6A09E667F3BCR
$0,BFF,0
$3FE6A09E667F3BCR,0,3FE6A09E667F3BCD
$C04A0F876CCDF6CE,0,403D9F0ED99BED9B
3 88 [3]
4 88 ->
5 89 7
5 90 0
5 91 20
5 92 0
5 93 348
5 94 46
5 95 1
5 96 1
5 102 [1]
6 102 23
5 103 [1]
6 103 41
5 97 512
5 98 [2]
6 98 ->
7 99 1
7 106 ->
8 107 5
8 108 5
8 109 0
6 98 ->
7 99 6
7 100 ->
8 101 [1]
9 101 -100
4 88 ->
5 89 5
5 90 0
5 91 21
5 92 1
5 93 39
5 94 33
5 95 1
5 96 1
5 102 [1]
6 102 1
5 103 [1]
6 103 41
5 97 512
5 98 [2]
6 98 ->
7 99 1
7 106 ->
8 107 5
8 108 5
8 109 0
6 98 ->
7 99 6
7 100 ->
8 101 [1]
9 101 -100
4 88 ->
5 89 27
5 90 0
5 91 22
5 92 2
5 93 508
5 94 9
5 95 1
5 96 1
5 102 [1]
6 102 23
5 103 [1]
6 103 41
5 97 512
5 98 [2]
6 98 ->
7 99 1
7 106 ->
8 107 5
8 108 5
8 109 0
6 98 ->
7 99 6
7 100 ->
8 101 [1]
9 101 -100
3 40 0
3 41 0
3 42 [1]
4 42 
5 43 19
5 44 0
5 45 [4][3]
$BFE6A09E667F3BCD,0,3FE6A09E667F3BCR
$0,BFF,0
$3FE6A09E667F3BCR,0,3FE6A09E667F3BCD
$C04A0F876CCDF6CE,0,403D9F0ED99BED9B
2 46 NULL
2 47 -1
2 48 -1
2 49 NULL
2 50 NULL
2 51 ->
3 52 123
3 53 
4 54 2
4 55 CLAMP
4 56 NULL
3 57 0
3 58 -1
3 59 NULL
3 60 
4 61 
5 62 0
5 63 
4 64 
5 65 0
3 66 6
3 67 NULL
2 110 [2]
$1,23
2 68 ->
3 69 0
3 70 0
3 71 [2][3]
$C047C,0,C052C
$4047C,4034,403E
3 72 0
3 73 NULL
3 74 -1
2 75 -1
2 76 NULL
2 77 47
2 78 ->
3 79 [7]
4 79 ->
5 80 3
5 81 -1
5 82 -1
5 83 -1
4 79 ->
5 80 1
5 81 -1
5 82 0
5 83 2
5 104 [1]
6 104 40
4 79 ->
5 80 2
5 81 -1
5 82 0
5 83 3
5 104 [1]
6 104 47
4 79 ->
5 80 1
5 81 -1
5 82 1
5 83 6
5 104 [1]
6 104 43
4 79 ->
5 80 2
5 81 -1
5 82 1
5 83 2
5 104 [1]
6 104 47
4 79 ->
5 80 1
5 81 -1
5 82 2
5 83 1
5 104 [1]
6 104 40
4 79 ->
5 80 2
5 81 -1
5 82 2
5 83 1
5 104 [1]
6 104 47
3 84 3
2 85 NULL
2 86 NULL
1 87 ->
2 3 17
2 4 4097
2 5 ->
3 6 -1
3 7 1002
3 8 NULL
3 9 0
3 10 [3]
$3*0
3 11 0
3 12 -1
3 13 -1
3 14 ->
4 15 0
4 16 0
4 17 0
4 18 -1
4 19 -1
4 20 -1
4 21 0
4 22 0
4 23 0
4 24 [2]
$1,0
3 25 0
2 26 -1
2 27 no_name
2 28 1
2 29 ->
3 30 NULL
3 31 [31]
$3*-1,-2049,2*-1,-16777217,3*-1,-536870913,-1,-1126176897,-2,-2097185,
$-2097665,-1,-1073741843,2*-1,-257,-261249,-1,-32769,-1,-4194305,2*-1,
$-536871041,-67108865,7
3 32 NULL
3 33 ->
4 34 190018
4 35 190019
2 36 NULL
2 37 ->
2 38 ->
3 39 [4][3]
$3FF,2*0
$0,3FF,0
$2*0,3FF
$3*0
3 88 [5]
4 88 ->
5 89 213
5 90 0
5 91 -1
5 92 -1
5 93 23
5 94 -1
5 95 0
5 96 0
5 97 0
5 98 [1]
6 98 ->
7 99 6
7 100 ->
8 101 [1]
9 101 -100
4 88 ->
5 89 213
5 90 0
5 91 -1
5 92 -1
5 93 37
5 94 -1
5 95 0
5 96 0
5 97 0
5 98 [1]
6 98 ->
7 99 6
7 100 ->
8 101 [1]
9 101 -100
4 88 ->
5 89 213
5 90 0
5 91 -1
5 92 -1
5 93 38
5 94 -1
5 95 0
5 96 0
5 97 0
5 98 [1]
6 98 ->
7 99 6
7 100 ->
8 101 [1]
9 101 -100
4 88 ->
5 89 213
5 90 0
5 91 -1
5 92 -1
5 93 40
5 94 -1
5 95 0
5 96 0
5 97 0
5 98 [1]
6 98 ->
7 99 6
7 100 ->
8 101 [1]
9 101 -100
4 88 ->
5 89 213
5 90 0
5 91 -1
5 92 -1
5 93 41
5 94 -1
5 95 0
5 96 0
5 97 0
5 98 [1]
6 98 ->
7 99 6
7 100 ->
8 101 [1]
9 101 -100
3 40 -1
3 41 0
2 46 NULL
2 47 -1
2 48 -1
2 49 NULL
2 50 NULL
2 110 [5]
$23,37,38,40,41
2 68 ->
3 69 0
3 70 0
3 71 [2][3]
$C047C,0,C052C
$4047C,4034,403E
3 72 0
3 73 NULL
3 74 -1
2 75 -1
2 76 NULL
2 77 109
2 78 ->
3 84 5
2 85 NULL
2 86 NULL
1 87 ->
2 3 22
2 4 4097
2 5 ->
3 6 -1
3 7 1002
3 8 NULL
3 9 0
3 10 [3]
$3*0
3 11 0
3 12 -1
3 13 -1
3 14 ->
4 15 0
4 16 0
4 17 0
4 18 -1
4 19 -1
4 20 -1
4 21 0
4 22 0
4 23 0
4 24 [2]
$1,0
3 25 0
2 26 -1
2 27 no_name
2 28 1
2 29 ->
3 30 NULL
3 31 [31]
$3*-1,-2049,2*-1,-16777217,3*-1,-536870913,-1,-1126176897,-2,-2097185,
$-2097665,-1,-1073741843,2*-1,-257,-261249,-1,-32769,-1,-4194305,2*-1,
$-536871041,-67108865,7
3 32 NULL
3 33 ->
4 34 190018
4 35 190019
2 36 NULL
2 37 ->
2 38 ->
3 39 [4][3]
$3FF,2*0
$0,3FF,0
$2*0,3FF
$3*0
3 40 -1
3 41 0
2 46 NULL
2 47 -1
2 48 -1
2 49 NULL
2 50 NULL
2 68 ->
3 69 0
3 70 0
3 71 [2][3]
$C047C,0,C052C
$4047C,4034,403E
3 72 0
3 73 NULL
3 74 -1
2 75 -1
2 76 NULL
2 77 78
2 78 ->
3 84 0
2 85 NULL
2 86 NULL
1 87 NULL
@layer_list 114 0
1 114 [12]
2 114 
@feat_id 115 1
3 115 1
@layer_id 116 1
3 116 0
@back_layer_id 117 1
3 117 0
2 114 
3 115 2
3 116 0
3 117 0
2 114 
3 115 16
3 116 0
3 117 0
2 114 
3 115 28
3 116 0
3 117 0
2 114 
3 115 34
3 116 0
3 117 0
2 114 
3 115 23
3 116 0
3 117 0
2 114 
3 115 37
3 116 0
3 117 0
2 114 
3 115 38
3 116 0
3 117 0
2 114 
3 115 40
3 116 0
3 117 0
2 114 
3 115 41
3 116 0
3 117 0
2 114 
3 115 17
3 116 0
3 117 0
2 114 
3 115 22
3 116 0
3 117 0
#FullMData
@Sld_FullData 1 0
0 1 ->
@first_member_ptr 2 0
1 2 NULL
@alumni_members 3 0
1 3 NULL
@ref_part_table 4 0
1 4 [1]
2 4 ->
@name 5 10
3 5 CAVITY_MACH
@id 6 1
3 6 -1
@type 7 1
3 7 1
@revnum 8 1
3 8 -1
@dep_id 9 1
3 9 7
@attributes 10 1
3 10 0
@simpl_rep 11 0
3 11 NULL
@first_xsec_ptr 12 0
1 12 NULL
@lang_ptr 13 0
1 13 ->
@interact_on 14 1
2 14 -1
@first_csys_ptr 15 0
1 15 NULL
@offset 16 2
1 16 [23]
$4051E01CA49C127R,3*405A8F13DC93DA46,19*4034CF03D20E5AD
@dim_array 17 0
1 17 [2]
2 17 ->
@type 18 1
3 18 8
@dim_type 19 1
3 19 204
@feat_id 20 1
3 20 23
@attributes 21 1
3 21 257
@dim_dat_ptr 22 0
3 22 ->
@value 23 2
4 23 C04A4
@bck_value 24 2
4 24 C04A4
@tol_ptr 25 0
4 25 ->
@type 26 1
5 26 9
@tol_type 27 1
5 27 3
@dual_digits_diff 28 1
5 28 999
@value 29 2
5 29 [2]
$2*3F847AE147AE147B
@nominal_value 30 2
4 30 C04A4
@bound 31 1
4 31 20
@bck_bound 32 1
4 32 -1
@bck_tol_ptr 33 0
4 33 ->
@value 34 2
5 34 [2]
$2*3F847AE147AE147B
@datum_def_id 35 1
4 35 -1
@places_denom 36 1
4 36 2
@bck_places_denom 37 1
4 37 2
@dim_data_attrib 38 1
4 38 4
@dim_cosm_ptr 39 0
3 39 ->
@d0 40 2
4 40 0
@d1 41 2
4 41 0
@d2 42 2
4 42 0
@d3 43 2
4 43 0
@ord_info 44 0
4 44 NULL
@attach_ptr 45 0
3 45 NULL
@dim_text_ptr 46 0
3 46 ->
@symbol 47 10
4 47 d0
@parent_dim_id 48 1
3 48 -1
2 17 ->
3 18 8
3 19 204
3 20 23
3 21 257
3 22 ->
4 23 C047C
4 24 C047C
4 25 ->
5 26 9
5 27 3
5 28 999
5 29 [2]
$2*3F847AE147AE147B
4 30 C047C
4 31 20
4 32 -1
4 33 ->
5 34 [2]
$2*3F847AE147AE147B
4 35 -1
4 36 2
4 37 2
4 38 4
3 39 ->
4 40 0
4 41 0
4 42 0
4 43 0
4 44 NULL
3 45 NULL
3 46 ->
4 47 d1
3 48 -1
@ipar_num 49 1
1 49 0
@smt_info_ptr 50 0
1 50 NULL
@cable_info_ptr 51 0
1 51 ->
@id 52 1
2 52 -1
@type 53 1
2 53 94
@ref_harness_id 54 1
2 54 -1
@cable_assem_id 55 1
2 55 -1
@work_subharn_id 56 1
2 56 -3253
@parent_ext_ref_id 57 1
2 57 -1
@p_frbn_info 58 0
2 58 NULL
@log_info_src_name 59 10
2 59 NULL
@log_info_src_type 60 1
2 60 0
@comp_info_ptr 61 0
1 61 NULL
@prt_misc_ptr 62 0
1 62 ->
@shrink_data_ptr 63 0
2 63 NULL
@expld_mv_info 64 0
1 64 ->
@act_expl_state 65 1
2 65 -1
@default_state 66 0
2 66 ->
@id 67 1
3 67 -1
@type 68 1
3 68 500
@state_type 69 1
3 69 0
@cur_stage_ind 70 1
3 70 -1
@stage_info 71 0
3 71 [1]
4 71 
@unexpl_subass_info 72 0
3 72 ->
@expld_comp_ref 73 0
3 73 ->
@comp_id 74 1
4 74 -1
@gen_info 75 0
3 75 
@font 76 1
4 76 5
@color 77 1
4 77 10
@state_info_ptr 78 0
1 78 NULL
@alumni_feats 79 0
1 79 NULL
@p_mdl_grid 80 0
1 80 NULL
@mdl_status_ptr 81 0
1 81 NULL
@appl_info_arr 82 0
1 82 [3]
2 82 
@id 83 1
3 83 -1
@type 84 1
3 84 21
@dim_bound_table 85 0
3 85 ->
@dbt_rows 86 0
4 86 [1]
5 86 
@set_name 87 10
6 87 CURRENT
2 82 
3 83 -1
3 84 14
2 82 
3 83 -1
3 84 13
@ribbon_info_ptr 88 0
1 88 NULL
@p_xref_data 89 0
1 89 ->
@first_analysis_feat 90 0
1 90 NULL
#ModelView#0
@View 1 0
0 1 ->
@id 2 1
1 2 0
@viewattr 3 0
1 3 
@attr_arr 4 1
2 4 [4]
$1,3*0
@mpoint 5 0
1 5 
@id 6 1
2 6 0
@coord 7 2
2 7 [3]
$3CF,401E,C0368
@first_instr_ptr 8 0
2 8 NULL
@attach_ptr 9 0
2 9 NULL
@vpoint 10 0
1 10 
2 6 0
2 7 [3]
$407F4,407A5E,0
2 8 NULL
2 9 NULL
@orient 11 2
1 11 [4][4]
$3FED7954E7DBA2F8,0,3FD8EC3AE92B676B,0
$BFD385CE5246572,3FE3E43A9692E21C,3FE7167619F550A2,0
$BFCEFC077F3F36A6,BFE91103985DA841,3FE25240DD3851BF,0
$3*0,3FF
@local_sys 12 2
1 12 [4][4]
$40181E3758D4101,0,400464D55EF2FBF,0
$BFFFF33D1C2DD934,401046E24F039029,4012E46E00782B1,0
$BFF95AA4EEBB928D,C01482EEE21200A5,400DFBE89EAEF267,0
$407DF528CB57DB7B,40713FA97F4340E1,C09D0EC28B549932,3FF
@world_matrix_ptr 13 0
1 13 NULL
@first_instr_ptr 14 0
1 14 ->
@type 15 1
2 15 100
@geom_id 16 1
2 16 -1
@view_id 17 1
2 17 -1
@memb_num 18 1
2 18 0
@offset 19 2
2 19 0
@matrix 20 0
2 20 NULL
@next_instr_ptr 21 0
1 21 ->
2 15 301
2 16 -1
2 17 -1
2 18 0
2 19 401A2F5FB5E4C7C4
2 20 NULL
1 21 NULL
@outer_xsec_index 22 1
1 22 -1
@next_view_id 23 1
1 23 3
@simp_rep_id 24 1
1 24 0
@name 25 10
1 25 no name
@fit_outline 26 2
1 26 [2][3]
$4059,405518,C087D665DE376868
$408C2,4087BB,0
@det_info_ptr 27 0
1 27 NULL
@named_view_pzmatr 28 0
1 28 NULL
@page_id 29 1
1 29 0
@model_name 30 10
1 30 NULL
@unrep_model_name 31 10
1 31 NULL
@saved_pro_dls 32 0
1 32 ->
@pro_dls 33 0
2 33 [8]
3 33 
@pro_dl_data 34 0
4 34 ->
@appl_type 35 1
5 35 1
@dl_type 36 1
5 36 5
@dl_id 37 1
5 37 0
@dl_hdr 38 0
5 38 
@disp_list_version 39 1
6 39 0
@visibility 40 1
6 40 33554433
@status_mask 41 1
6 41 3
@creation_scale 42 2
6 42 0
@view_matrix 43 2
6 43 [4][4]
$3FF,3*0
$0,3FF,2*0
$2*0,3FF,0
$3*0,3FF
@outline 44 2
6 44 [2][3]
$C047C,0,C052C
$4047C,4034,403E
@dl_block_mem_size 45 0
6 45 
@dl_block_mem_size 46 1
7 46 32768
@list 47 0
6 47 NULL
@token_contents 48 5
6 48 21
@render_attribs 49 5
6 49 1
@wire_colors 50 1
6 50 [4]
$543296523,543581798,553066012,553648127
@children 51 0
6 51 [1]
7 51 
@dl_data 52 0
8 52 
9 34 ->
10 35 46
10 36 5
10 37 1
@o_data 53 0
6 53 
@disp_data 54 0
7 54 NULL
3 33 
4 34 ->
5 35 46
5 36 5
5 37 1
5 38 
6 39 0
6 40 16
6 41 19
6 42 0
6 43 [4][4]
$3FF,3*0
$0,3FF,2*0
$2*0,3FF,0
$3*0,3FF
6 44 [2][3]
$C047C,0,C052C
$4047C,4034,403E
6 45 
7 46 1024
6 47 NULL
6 48 21
6 49 0
6 50 [4]
$543296523,543581798,553066012,553648127
6 51 [2]
7 51 
8 52 
9 34 ->
10 35 46
10 36 5
10 37 1
@key_list 55 1
10 55 [1]
11 55 1
7 51 
8 52 
9 34 ->
10 35 46
10 36 5
10 37 1
10 55 [1]
11 55 2
6 53 
7 54 ->
@model_type 56 1
8 56 1
@generic_name 57 10
8 57 NULL
3 33 
4 34 ->
5 35 46
5 36 5
5 37 1
5 55 [1]
6 55 1
5 38 
6 39 0
6 40 16
6 41 19
6 42 0
6 43 [4][4]
$3FF,3*0
$0,3FF,2*0
$2*0,3FF,0
$3*0,3FF
6 44 [2][3]
$C047C,0,C052C
$4047C,4034,403E
6 45 
7 46 1024
6 47 NULL
6 48 5
6 49 0
6 50 [2]
$543296523,553066012
6 53 
7 54 ->
8 56 2
@model_name 58 10
8 58 CAVITY
8 57 NULL
3 33 
4 34 ->
5 35 46
5 36 5
5 37 1
5 55 [1]
6 55 2
5 38 
6 39 0
6 40 16
6 41 19
6 42 0
6 43 [4][4]
$3FF,3*0
$0,3FF,2*0
$2*0,3FF,0
$3*0,3FF
6 44 [2][3]
$C047C,0,C052C
$4047C,4034,403E
6 45 
7 46 1024
6 47 NULL
6 48 5
6 49 0
6 50 [2]
$543581798,553648127
6 53 
7 54 ->
8 56 2
8 58 CAVITY_WP
8 57 NULL
3 33 
4 34 ->
5 35 47
5 36 7
5 37 0
3 33 
4 34 ->
5 35 48
5 36 8
5 37 0
3 33 
4 34 ->
5 35 49
5 36 7
5 37 0
3 33 
4 34 ->
5 35 64
5 36 7
5 37 0
@explode_state 59 0
1 59 NULL
#ModelView#3
@View 1 0
0 1 ->
@id 2 1
1 2 3
@viewattr 3 0
1 3 
@attr_arr 4 1
2 4 [4]
$1,3*0
@mpoint 5 0
1 5 
@id 6 1
2 6 0
@coord 7 2
2 7 [3]
$3CF,401E,C0368
@first_instr_ptr 8 0
2 8 NULL
@attach_ptr 9 0
2 9 NULL
@vpoint 10 0
1 10 
2 6 0
2 7 [3]
$407F4,407A5E,0
2 8 NULL
2 9 NULL
@orient 11 2
1 11 [4][4]
$BFE19EB6D8C94A18,BFE0E3E8B642E1CA,3FE4B1BF6F6AFCR,0
$3FA6C3BCB24ADE8R,BFE9596451C677E3,BFE37A616BFC0B03,0
$3FEAAC974B1911DR,BFD39C25836C35B,3FDD6AEF12E41EFD,0
$BFBC74ABDEDD963,3FFFAFBD663815DC,3FF858F9C6FB0DC5,3FF
@local_sys 12 2
1 12 [4][4]
$C00AEB95CF2AFD78,C009CE2DEC102A0B,400F9E09083D1A71,0
$3FD163E21EBB10D5,C0135D54726FFD2R,C00DC252063E3115,0
$40146072CCC23A3A,BFFDF5E8B0902DFB,400678FA29D4A193,0
$408324A68A0154DC,407A00D2F1E473A,C09A6AB6FF10D802,3FF
@world_matrix_ptr 13 0
1 13 ->
@world_matrix 14 2
2 14 [4][4]
$C00AEB95CF2AFD78,C009CE2DEC102A0B,400F9E09083D1A71,0
$3FD163E21EBB10D5,C0135D54726FFD2R,C00DC252063E3115,0
$40146072CCC23A3A,BFFDF5E8B0902DFB,400678FA29D4A193,0
$408324A68A0154DC,407A00D2F1E473A,4056C69B1EE0151B,3FF
@first_instr_ptr 15 0
1 15 ->
@type 16 1
2 16 100
@geom_id 17 1
2 17 -1
@view_id 18 1
2 18 -1
@memb_num 19 1
2 19 0
@offset 20 2
2 20 0
@matrix 21 0
2 21 NULL
@next_instr_ptr 22 0
1 22 ->
2 16 115
2 17 37
2 18 -1
2 19 1
@memb_id_tab 23 1
2 23 [1]
3 23 2
2 20 0
2 21 NULL
1 22 ->
2 16 125
2 17 -1
2 18 -1
2 19 0
2 20 0
2 21 ->
@matrix 24 2
3 24 [4][4]
$3FED81C90641F79D,BFBD893E5B77B28F,3FD7A3BC1C735A7,0
$BFD89F33924D07E6,BFD812BEF688114,3FEAF92C5960BD4,0
$3FA55799F84F2D1A,BFED6B504D6FC64D,BFD909DBE53861E5,0
$3*0,3FF
1 22 ->
2 16 301
2 17 -1
2 18 -1
2 19 0
2 20 401871F95F058627
2 21 NULL
1 22 ->
2 16 125
2 17 -1
2 18 -1
2 19 0
2 20 0
2 21 ->
3 24 [4][4]
$BFC7B429B7781C54,BFE46737956D40F4,3FE7EDCD65F7A22C,0
$3FD5843449DA4B3C,3FE590BEA052BB48,3FE50D5B47BDAD61,0
$BFED8C8C0EF4368B,3FD7E2FAEB40BC1E,3FB6ED37B76FC669,0
$3*0,3FF
1 22 NULL
@outer_xsec_index 25 1
1 25 -1
@next_view_id 26 1
1 26 4
@simp_rep_id 27 1
1 27 0
@name 28 10
1 28 MAIN_TYPE1
@fit_outline 29 2
1 29 [2][3]
$4059,405518,C0882897AE18F708
$408C2,4087BB,0
@det_info_ptr 30 0
1 30 NULL
@named_view_pzmatr 31 0
1 31 ->
2 24 [4][4]
$4000FFDA76CD91C6,3*0
$0,4000FFDA76CD91C6,2*0
$2*0,4000FFDA76CD91C6,0
$C08352D5C08A9A2C,C07ED6EA0B0709BE,0,3FF
@page_id 32 1
1 32 0
@model_name 33 10
1 33 NULL
@unrep_model_name 34 10
1 34 NULL
@saved_pro_dls 35 0
1 35 ->
@explode_state 36 0
1 36 NULL
#ModelView#4
@View 1 0
0 1 ->
@id 2 1
1 2 4
@viewattr 3 0
1 3 
@attr_arr 4 1
2 4 [4]
$1,3*0
@mpoint 5 0
1 5 
@id 6 1
2 6 0
@coord 7 2
2 7 [3]
$3CF,401E,C0368
@first_instr_ptr 8 0
2 8 NULL
@attach_ptr 9 0
2 9 NULL
@vpoint 10 0
1 10 
2 6 0
2 7 [3]
$407F4,407A5E,0
2 8 NULL
2 9 NULL
@orient 11 2
1 11 [4][4]
$BFE7615F2B4B1C9A,BFD887A2625C6A06,3FE214CB5AE07069,0
$3FB231BFAB88B734,BFEBB46256C02013,BFDFB4266796A6C1,0
$3FE5BAD7898AB1C6,BFD4980056B1E7CR,3FE51D1ABCC101B2,0
$BFC6BE2F966AE4FC,400150BD7638140B,3FF3D09800BE2838,3FF
@local_sys 12 2
1 12 [4][4]
$C011DC4D6BA2DB5R,C002BD17E76F195R,400B9FFDB380E582,0
$3FDBCC3A6D3D0FR,C01529F6A233EDCD,C0083808053DEA2C,0
$40109986C6A94D82,BFFF76B2FC420786,401021075D256401,0
$408270ED3A255961,407A14FC2BD64835,C09A11677C3C8E8R,3FF
@world_matrix_ptr 13 0
1 13 ->
@world_matrix 14 2
2 14 [4][4]
$C011DC4D6BA2DB5R,C002BD17E76F195R,400B9FFDB380E582,0
$3FDBCC3A6D3D0FR,C01529F6A233EDCD,C0083808053DEA2C,0
$40109986C6A94D82,BFFF76B2FC420786,401021075D256401,0
$408270ED3A255961,407A14FC2BD64835,405C5B943C371784,3FF
@first_instr_ptr 15 0
1 15 ->
@type 16 1
2 16 100
@geom_id 17 1
2 17 -1
@view_id 18 1
2 18 -1
@memb_num 19 1
2 19 0
@offset 20 2
2 20 0
@matrix 21 0
2 21 NULL
@next_instr_ptr 22 0
1 22 ->
2 16 115
2 17 37
2 18 -1
2 19 1
@memb_id_tab 23 1
2 23 [1]
3 23 2
2 20 0
2 21 NULL
1 22 ->
2 16 125
2 17 -1
2 18 -1
2 19 0
2 20 0
2 21 ->
@matrix 24 2
3 24 [4][4]
$3FED81C90641F79D,BFBD893E5B77B28F,3FD7A3BC1C735A7,0
$BFD89F33924D07E6,BFD812BEF688114,3FEAF92C5960BD4,0
$3FA55799F84F2D1A,BFED6B504D6FC64D,BFD909DBE53861E5,0
$3*0,3FF
1 22 ->
2 16 301
2 17 -1
2 18 -1
2 19 0
2 20 401871F95F058627
2 21 NULL
1 22 ->
2 16 125
2 17 -1
2 18 -1
2 19 0
2 20 0
2 21 ->
3 24 [4][4]
$BFDA355C70971649,BFE06CF4B522BD9D,3FE82274F0B4B545,0
$3FD18F772B8873C,3FE7031F9E2CD76F,3FE46DD7031D0401,0
$BFEBD7999109A1AF,3FDDF9D19DBB87ER,BFC3AAC68B151127,0
$3*0,3FF
1 22 NULL
@outer_xsec_index 25 1
1 25 -1
@next_view_id 26 1
1 26 5
@simp_rep_id 27 1
1 27 0
@name 28 10
1 28 HELICAL
@fit_outline 29 2
1 29 [2][3]
$4059,405518,C08A2E9279ECD02E
$408C2,4087BB,0
@det_info_ptr 30 0
1 30 NULL
@named_view_pzmatr 31 0
1 31 ->
2 24 [4][4]
$3FFD04A7904A7901,3*0
$0,3FFD04A7904A7901,2*0
$2*0,3FFD04A7904A7901,0
$C07763F2D5211259,C0794EF056CAA14F,0,3FF
@page_id 32 1
1 32 0
@model_name 33 10
1 33 NULL
@unrep_model_name 34 10
1 34 NULL
@saved_pro_dls 35 0
1 35 ->
@explode_state 36 0
1 36 NULL
#ModelView#5
@View 1 0
0 1 ->
@id 2 1
1 2 5
@viewattr 3 0
1 3 
@attr_arr 4 1
2 4 [4]
$1,3*0
@mpoint 5 0
1 5 
@id 6 1
2 6 0
@coord 7 2
2 7 [3]
$3CF,401E,C0368
@first_instr_ptr 8 0
2 8 NULL
@attach_ptr 9 0
2 9 NULL
@vpoint 10 0
1 10 
2 6 0
2 7 [3]
$407F4,407A5E,0
2 8 NULL
2 9 NULL
@orient 11 2
1 11 [4][4]
$BFE4EF45A5DB6017,BF9456E880756978,3FE83197BB0C232E,0
$3F72885BAFE60B8C,BFEFFDDEB022148R,BF96E2D955C493D,0
$3FE8339E6DFB50E5,BF86F05121222574,3FE4EE9D5F680295,0
$BF872A729BDF8E7,4003FEAB2E154CD5,3FAC9B8FAB35B8C4,3FF
@local_sys 12 2
1 12 [4][4]
$C00D26BF3671A45B,BFBC5294D56AC396,4010D8442183C76C,0
$3F99CE7BDC3828A6,C016462AB205881A,BFBFDE67723F877B,0
$4010D9AD45EDEC0F,BFAFF12879808A72,400D25D4E404AD32,0
$408294C05C08EB34,407CE3C370673792,C098142AED60D217,3FF
@world_matrix_ptr 13 0
1 13 ->
@world_matrix 14 2
2 14 [4][4]
$C00D26BF3671A45B,BFBC5294D56AC396,4010D8442183C76C,0
$3F99CE7BDC3828A6,C016462AB205881A,BFBFDE67723F877B,0
$4010D9AD45EDEC0F,BFAFF12879808A72,400D25D4E404AD32,0
$408294C05C08EB34,407CE3C370673792,4054BA5AB24980E4,3FF
@first_instr_ptr 15 0
1 15 ->
@type 16 1
2 16 100
@geom_id 17 1
2 17 -1
@view_id 18 1
2 18 -1
@memb_num 19 1
2 19 0
@offset 20 2
2 20 0
@matrix 21 0
2 21 NULL
@next_instr_ptr 22 0
1 22 ->
2 16 115
2 17 37
2 18 -1
2 19 1
@memb_id_tab 23 1
2 23 [1]
3 23 2
2 20 0
2 21 NULL
1 22 ->
2 16 125
2 17 -1
2 18 -1
2 19 0
2 20 0
2 21 ->
@matrix 24 2
3 24 [4][4]
$BFE4A2053ABCEE07,BFB5DBC25B5F04AE,3FE84E8766C7667B,0
$BFE875A1D8F20ER,3FB11969B656C87,BFE485B4A9B35D1,0
$3F707A8AC68765,BFEFCFB8C3437554,BFBBBBA1557CC6C3,0
$3*0,3FF
1 22 ->
2 16 301
2 17 -1
2 18 -1
2 19 0
2 20 401647A65DEA5D18
2 21 NULL
1 22 ->
2 16 125
2 17 -1
2 18 -1
2 19 0
2 20 0
2 21 ->
3 24 [4][4]
$3FEFFF5E663073B3,3F2D542DCDC9DA75,3F896B7AC90B015C,0
$3F4BAFC80B81A4DB,3FEFE1A0524FDB09,BFB606008F807AE6,0
$BF895D71B4C5D187,3FB606414A046ED6,3FEFE0FEEC6325AR,0
$3*0,3FF
1 22 NULL
@outer_xsec_index 25 1
1 25 -1
@next_view_id 26 1
1 26 6
@simp_rep_id 27 1
1 27 0
@name 28 10
1 28 HELICAL_CLOSE
@fit_outline 29 2
1 29 [2][3]
$4059,405518,C088E7C8B34A7BC8
$408C2,4087BB,0
@det_info_ptr 30 0
1 30 NULL
@named_view_pzmatr 31 0
1 31 ->
2 24 [4][4]
$40117D1745D1745C,3*0
$0,40117D1745D1745C,2*0
$2*0,40117D1745D1745C,0
$C09D70EE8BA2E8BA,C098DE7A2E8BA2E8,0,3FF
@page_id 32 1
1 32 0
@model_name 33 10
1 33 NULL
@unrep_model_name 34 10
1 34 NULL
@saved_pro_dls 35 0
1 35 ->
@explode_state 36 0
1 36 NULL
#ModelView#6
@View 1 0
0 1 ->
@id 2 1
1 2 6
@viewattr 3 0
1 3 
@attr_arr 4 1
2 4 [4]
$1,3*0
@mpoint 5 0
1 5 
@id 6 1
2 6 0
@coord 7 2
2 7 [3]
$3CF,401E,C0368
@first_instr_ptr 8 0
2 8 NULL
@attach_ptr 9 0
2 9 NULL
@vpoint 10 0
1 10 
2 6 0
2 7 [3]
$407F4,407A5E,0
2 8 NULL
2 9 NULL
@orient 11 2
1 11 [4][4]
$BFE95B0EE946AD3B,BFD34D3CFD6765CE,3FE0F81591943759,0
$BF6C8BDD0E5BABE,BFEBBE7576E7C5C1,BFDFE4194D58C36A,0
$3FE3856BA7C42FD9,BFD96339C413AF3,3FE5F322576848F7,0
$3*0,3FF
@local_sys 12 2
1 12 [4][4]
$C014BF85B1E4A483,BFFF96A974F845R,400BC5614DD5A4C3,0
$BF975BE669D305FR,C016B3D2284350B7,C00A188AF673062C,0
$400FF29BA2F744FD,C004C6349B0A399,4011F60AA807378B,0
$408270311052ER,4079603B61771757,C09BDC67671F2E47,3FF
@world_matrix_ptr 13 0
1 13 ->
@world_matrix 14 2
2 14 [4][4]
$C014BF85B1E4A483,BFFF96A974F845R,400BC5614DD5A4C3,0
$BF975BE669D305FR,C016B3D2284350B7,C00A188AF673062C,0
$400FF29BA2F744FD,C004C6349B0A399,4011F60AA807378B,0
$408270311052ER,4079603B61771757,405F5FBF8E0D1B8E,3FF
@first_instr_ptr 15 0
1 15 ->
@type 16 1
2 16 100
@geom_id 17 1
2 17 -1
@view_id 18 1
2 18 -1
@memb_num 19 1
2 19 0
@offset 20 2
2 20 0
@matrix 21 0
2 21 NULL
@next_instr_ptr 22 0
1 22 ->
2 16 301
2 17 -1
2 18 -1
2 19 0
2 20 401A2F5FB5E4C7C4
2 21 NULL
1 22 ->
2 16 125
2 17 -1
2 18 -1
2 19 0
2 20 0
2 21 ->
@matrix 23 2
3 23 [4][4]
$BFEC0BA8F23246D5,3FB52CA036CF2525,3FDE5C519BA05985,0
$BFDEB8B7A3857E41,BFCD35CCD90A33D,BFEB1B0FC4AEE264,0
$3FA38E4BE453B96F,BFEF0B01994DDA3A,3FCEAEBC07DD0C4B,0
$3*0,3FF
1 22 NULL
@outer_xsec_index 24 1
1 24 -1
@next_view_id 25 1
1 25 7
@simp_rep_id 26 1
1 26 0
@name 27 10
1 27 DEFAULT
@fit_outline 28 2
1 28 [2][3]
$4059,405518,C08BF18ECDC20EE4
$408C2,4087BB,0
@det_info_ptr 29 0
1 29 NULL
@named_view_pzmatr 30 0
1 30 ->
2 23 [4][4]
$3FF,3*0
$0,3FF,2*0
$2*0,3FF,0
$3*0,3FF
@page_id 31 1
1 31 0
@model_name 32 10
1 32 NULL
@unrep_model_name 33 10
1 33 NULL
@saved_pro_dls 34 0
1 34 ->
@explode_state 35 0
1 35 NULL
#ModelView#7
@View 1 0
0 1 ->
@id 2 1
1 2 7
@viewattr 3 0
1 3 
@attr_arr 4 1
2 4 [4]
$1,3*0
@mpoint 5 0
1 5 
@id 6 1
2 6 0
@coord 7 2
2 7 [3]
$3CF,401E,C0368
@first_instr_ptr 8 0
2 8 NULL
@attach_ptr 9 0
2 9 NULL
@vpoint 10 0
1 10 
2 6 0
2 7 [3]
$407F4,407A5E,0
2 8 NULL
2 9 NULL
@orient 11 2
1 11 [4][4]
$BFE7224B7C20F2FR,BFDC839E480C0447,3FE0E5FD2EB2CE92,0
$BF63F5E5C278E66,BFE867BE3416EA34,BFE4B281B6CE47E1,0
$3FE61BEFEC7EE2B6,BFDE020C40C47E98,3FE19BD3E023D64F,0
$3*0,3FF
@local_sys 12 2
1 12 [4][4]
$C012EE1CE5088E1R,C007552733D5CE14,400BA7C4194662A5,0
$BF9055578AEF864C,C013F86BE86511F3,C010EFAD7AA2D6D8,0
$4012176E1926CECE,C0088E16B74546F7,400CD15B60053D97,0
$4082CF135A8CF663,40786422A704AAA1,C09C0F2A723A43D6,3FF
@world_matrix_ptr 13 0
1 13 ->
@world_matrix 14 2
2 14 [4][4]
$C012EE1CE5088E1R,C007552733D5CE14,400BA7C4194662A5,0
$BF9055578AEF864C,C013F86BE86511F3,C010EFAD7AA2D6D8,0
$4012176E1926CECE,C0088E16B74546F7,400CD15B60053D97,0
$4082CF135A8CF663,40786422A704AAA1,405C338D91000404,3FF
@first_instr_ptr 15 0
1 15 ->
@type 16 1
2 16 100
@geom_id 17 1
2 17 -1
@view_id 18 1
2 18 -1
@memb_num 19 1
2 19 0
@offset 20 2
2 20 0
@matrix 21 0
2 21 NULL
@next_instr_ptr 22 0
1 22 ->
2 16 301
2 17 -1
2 18 -1
2 19 0
2 20 401A2F5FB5E4C7C4
2 21 NULL
1 22 ->
2 16 125
2 17 -1
2 18 -1
2 19 0
2 20 0
2 21 ->
@matrix 23 2
3 23 [4][4]
$BFEAA2C94348789F,BFB070BA9A5E1A4R,3FE19D92A524FC2B,0
$BFE15DFD2118C9E2,BFBB570E2743F386,BFEAA8B50FCE7BD5,0
$3FBCBF24636B158A,BFEFC0240F29D816,3FABAB46BE8848E,0
$3*0,3FF
1 22 NULL
@outer_xsec_index 24 1
1 24 -1
@next_view_id 25 1
1 25 11
@simp_rep_id 26 1
1 26 0
@name 27 10
1 27 INITIAL
@fit_outline 28 2
1 28 [2][3]
$4059,405518,C089B4B252B000D8
$408C2,4087BB,0
@det_info_ptr 29 0
1 29 NULL
@named_view_pzmatr 30 0
1 30 ->
2 23 [4][4]
$3FF,3*0
$0,3FF,2*0
$2*0,3FF,0
$404FB84CFE133F8,C03EA99FC267F08,0,3FF
@page_id 31 1
1 31 0
@model_name 32 10
1 32 NULL
@unrep_model_name 33 10
1 33 NULL
@saved_pro_dls 34 0
1 34 ->
@explode_state 35 0
1 35 NULL
#ModelView#11
@View 1 0
0 1 ->
@id 2 1
1 2 11
@viewattr 3 0
1 3 
@attr_arr 4 1
2 4 [4]
$1,3*0
@mpoint 5 0
1 5 
@id 6 1
2 6 0
@coord 7 2
2 7 [3]
$3CF,401E,C0368
@first_instr_ptr 8 0
2 8 NULL
@attach_ptr 9 0
2 9 NULL
@vpoint 10 0
1 10 
2 6 0
2 7 [3]
$407F4,407A5E,0
2 8 NULL
2 9 NULL
@orient 11 2
1 11 [4][4]
$BFE736A135546B04,BFE0AEFF4E1C6DBE,3FDCC2C54E68FB21,0
$3FB0A114BD33C69R,BFE67562EEB97DF7,BFE6B337BDAAA832,0
$3FE5ED73D2A70DB5,BFDF10DC8C59DD07,3FE16025B40202E4,0
$3*0,3FF
@local_sys 12 2
1 12 [4][4]
$C012FEC0A63C773F,C00B4DC4B999BBC7,400788D46735825,0
$3FDB36FE59D70FD6,C012609FF76B93AB,C0129338690EB44E,0
$4011F16472D8D5BR,C0096BB0E09B61CA,400C6FAFA3AC04F5,0
$4082ADEB19BBE3F3,40780D64A7834B1E,C09C072AAC450696,3FF
@world_matrix_ptr 13 0
1 13 ->
@world_matrix 14 2
2 14 [4][4]
$C012FEC0A63C773F,C00B4DC4B999BBC7,400788D46735825,0
$3FDB36FE59D70FD6,C012609FF76B93AB,C0129338690EB44E,0
$4011F16472D8D5BR,C0096BB0E09B61CA,400C6FAFA3AC04F5,0
$4082ADEB19BBE3F3,40780D64A7834B1E,405CB389F053D801,3FF
@first_instr_ptr 15 0
1 15 ->
@type 16 1
2 16 100
@geom_id 17 1
2 17 -1
@view_id 18 1
2 18 -1
@memb_num 19 1
2 19 0
@offset 20 2
2 20 0
@matrix 21 0
2 21 NULL
@next_instr_ptr 22 0
1 22 ->
2 16 301
2 17 -1
2 18 -1
2 19 0
2 20 401A2F5FB5E4C7C4
2 21 NULL
1 22 ->
2 16 125
2 17 -1
2 18 -1
2 19 0
2 20 0
2 21 ->
@matrix 23 2
3 23 [4][4]
$BFEB52ACFC11A5E2,BFC305F11B227CCB,3FDFED65A340C3AR,0
$BFDFC4C693F6C2AR,BFACB07DCEB785B3,BFEBB8AA11D24D03,0
$3FC40EC4B7D80A7,BFEF98023713D36D,BF9A8CDD1048D53F,0
$3*0,3FF
1 22 NULL
@outer_xsec_index 24 1
1 24 -1
@next_view_id 25 1
1 25 13
@simp_rep_id 26 1
1 26 0
@name 27 10
1 27 FILLET_CUTLINE
@fit_outline 28 2
1 28 [2][3]
$4059,405518,C08850A8CD2DD478
$408C2,4087BB,0
@det_info_ptr 29 0
1 29 NULL
@named_view_pzmatr 30 0
1 30 ->
2 23 [4][4]
$3FFECCA9B0607F91,3*0
$0,3FFECCA9B0607F91,2*0
$2*0,3FFECCA9B0607F91,0
$C07CCE061D02956A,C07C35695EA2EBAR,0,3FF
@page_id 31 1
1 31 0
@model_name 32 10
1 32 NULL
@unrep_model_name 33 10
1 33 NULL
@saved_pro_dls 34 0
1 34 ->
@explode_state 35 0
1 35 NULL
#ModelView#13
@View 1 0
0 1 ->
@id 2 1
1 2 13
@viewattr 3 0
1 3 
@attr_arr 4 1
2 4 [4]
$1,3*0
@mpoint 5 0
1 5 
@id 6 1
2 6 0
@coord 7 2
2 7 [3]
$3CF,401E,C0368
@first_instr_ptr 8 0
2 8 NULL
@attach_ptr 9 0
2 9 NULL
@vpoint 10 0
1 10 
2 6 0
2 7 [3]
$407F4,407A5E,0
2 8 NULL
2 9 NULL
@orient 11 2
1 11 [4][4]
$BFD1325325EDE154,BFCFAE45A6BF6614,3FEDC9CAF5C6CE6R,0
$BFCAF527EBEFCFAF,BFEDB1B6A861081D,BFD3AE549EC004A4,0
$3FEE13D0395768FE,BFD1D5DDC39C971D,3FC93E24254EAF9E,0
$3*0,3FF
@local_sys 12 2
1 12 [4][4]
$BFFC24B1D02EDA95,BFF9EC7F4F3B6C84,4018600E622F6912,0
$BFF60F19235F4A3C,C0184C5A3D75E5B8,C0001AC7AAAF28B,0
$40189CA03E34829F,BFFD305749E42DF8,3FF4A7DC235DFDCE,0
$40844640C933E04C,407AA632E73542E1,C09D21CEA843428A,3FF
@world_matrix_ptr 13 0
1 13 ->
@world_matrix 14 2
2 14 [4][4]
$BFFC24B1D02EDA95,BFF9EC7F4F3B6C84,4018600E622F6912,0
$BFF60F19235F4A3C,C0184C5A3D75E5B8,C0001AC7AAAF28B,0
$40189CA03E34829F,BFFD305749E42DF8,3FF4A7DC235DFDCE,0
$40844640C933E04C,407AA632E73542E1,4046129460E03184,3FF
@first_instr_ptr 15 0
1 15 ->
@type 16 1
2 16 100
@geom_id 17 1
2 17 -1
@view_id 18 1
2 18 -1
@memb_num 19 1
2 19 0
@offset 20 2
2 20 0
@matrix 21 0
2 21 NULL
@next_instr_ptr 22 0
1 22 ->
2 16 301
2 17 -1
2 18 -1
2 19 0
2 20 401A2F5FB5E4C7C4
2 21 NULL
1 22 ->
2 16 125
2 17 -1
2 18 -1
2 19 0
2 20 0
2 21 ->
@matrix 23 2
3 23 [4][4]
$BFDA49F84DD443CR,3FBF5F961A970E87,3FECE93459D21118,0
$BFEBBFED876A9791,BFD6F2092EE0501B,BFD61EDC6CF0DB7C,0
$3FD20500C8395E14,BFED9D37FEDA9846,3FD03A0D5713E37C,0
$3*0,3FF
1 22 NULL
@outer_xsec_index 24 1
1 24 -1
@next_view_id 25 1
1 25 14
@simp_rep_id 26 1
1 26 0
@name 27 10
1 27 ONE_DIR
@fit_outline 28 2
1 28 [2][3]
$4059,405518,C0883AD0BA955436
$408C2,4087BB,0
@det_info_ptr 29 0
1 29 NULL
@named_view_pzmatr 30 0
1 30 ->
2 23 [4][4]
$3FFB4DE3AED9F02C,3*0
$0,3FFB4DE3AED9F02C,2*0
$2*0,3FFB4DE3AED9F02C,0
$C07AF0DAFBD203A4,C0787337B017DBCA,0,3FF
@page_id 31 1
1 31 0
@model_name 32 10
1 32 NULL
@unrep_model_name 33 10
1 33 NULL
@saved_pro_dls 34 0
1 34 ->
@explode_state 35 0
1 35 NULL
#ModelView#14
@View 1 0
0 1 ->
@id 2 1
1 2 14
@viewattr 3 0
1 3 
@attr_arr 4 1
2 4 [4]
$1,3*0
@mpoint 5 0
1 5 
@id 6 1
2 6 0
@coord 7 2
2 7 [3]
$3CF,401E,C0368
@first_instr_ptr 8 0
2 8 NULL
@attach_ptr 9 0
2 9 NULL
@vpoint 10 0
1 10 
2 6 0
2 7 [3]
$407F4,407A5E,0
2 8 NULL
2 9 NULL
@orient 11 2
1 11 [4][4]
$BFE60D17693D113E,BFC122701FC90AA2,3FE6CA5122E1950B,0
$BFDC7E49E38B4E6C,BFE64FCF09822065,BFE1FA7057DDDA18,0
$3FE24C07E4E79F96,BFE689043FF8232A,3FDAEF8DD9583BD6,0
$3*0,3FF
@local_sys 12 2
1 12 [4][4]
$C0120B483419637C,BFEC0AB1DC4861A4,4012A61F3DAEAEAF,0
$C00750CABE48C776,C01241E02B9144A6,C00D6C31C427CFE7,0
$400DF1B99E996408,C01270B019144BE5,40060A83A93794C2,0
$4082F09CC1039D23,4076061A5C49E35D,C09C6C175C30B96B,3FF
@world_matrix_ptr 13 0
1 13 ->
@world_matrix 14 2
2 14 [4][4]
$C0120B483419637C,BFEC0AB1DC4861A4,4012A61F3DAEAEAF,0
$C00750CABE48C776,C01241E02B9144A6,C00D6C31C427CFE7,0
$400DF1B99E996408,C01270B019144BE5,40060A83A93794C2,0
$4082F09CC1039D23,4076061A5C49E35D,405664C03CF46952,3FF
@first_instr_ptr 15 0
1 15 ->
@type 16 1
2 16 100
@geom_id 17 1
2 17 -1
@view_id 18 1
2 18 -1
@memb_num 19 1
2 19 0
@offset 20 2
2 20 0
@matrix 21 0
2 21 NULL
@next_instr_ptr 22 0
1 22 ->
2 16 301
2 17 -1
2 18 -1
2 19 0
2 20 401A2F5FB5E4C7C4
2 21 NULL
1 22 ->
2 16 125
2 17 -1
2 18 -1
2 19 0
2 20 0
2 21 ->
@matrix 23 2
3 23 [4][4]
$BFE464C9B775D84B,3FD0A18FFA207D6B,3FE7371B8A56400A,0
$BFE7303A898A5391,3FBE4411CFA1F24F,BFE5B9A88D110E85,0
$BFD0C7C7140FDA23,BFEEAB0F6603A45F,3FBCEAE25DB9A61C,0
$3*0,3FF
1 22 NULL
@outer_xsec_index 24 1
1 24 -1
@next_view_id 25 1
1 25 15
@simp_rep_id 26 1
1 26 0
@name 27 10
1 27 TOP_VOL
@fit_outline 28 2
1 28 [2][3]
$4059,405518,C08A16075D231548
$408C2,4087BB,0
@det_info_ptr 29 0
1 29 NULL
@named_view_pzmatr 30 0
1 30 ->
2 23 [4][4]
$3FFDE9BF1F0084D3,3*0
$0,3FFDE9BF1F0084D3,2*0
$2*0,3FFDE9BF1F0084D3,0
$C080A9C4A44681B4,C0788563D536FAE4,0,3FF
@page_id 31 1
1 31 0
@model_name 32 10
1 32 NULL
@unrep_model_name 33 10
1 33 NULL
@saved_pro_dls 34 0
1 34 ->
@explode_state 35 0
1 35 NULL
#ModelView#15
@View 1 0
0 1 ->
@id 2 1
1 2 15
@viewattr 3 0
1 3 
@attr_arr 4 1
2 4 [4]
$1,3*0
@mpoint 5 0
1 5 
@id 6 1
2 6 0
@coord 7 2
2 7 [3]
$3CF,401E,C0368
@first_instr_ptr 8 0
2 8 NULL
@attach_ptr 9 0
2 9 NULL
@vpoint 10 0
1 10 
2 6 0
2 7 [3]
$407F4,407A5E,0
2 8 NULL
2 9 NULL
@orient 11 2
1 11 [4][4]
$BFE2EC10309CA68D,3FE7E461025E35EC,3FD381867FA40154,0
$BFB5080456EDEFEA,BFDBA1990508B5D2,3FECBE76ABB2AA7F,0
$3FE9ABFC18184F9,3FE0320FC2036BBE,3FD443B2D5F0AFC9,0
$3*0,3FF
@local_sys 12 2
1 12 [4][4]
$C00EF7A0EF4A82BD,40138CEDB6369A46,3FFFEC3BB9503495,0
$BFE135A63459976E,C0069C3451A454DC,4017854E22A07665,0
$401501BE3657DF71,400A814D8AEAER,4000950158A87FDR,0
$40837193072F9A43,40802CF0D919F67C,C09DC83EDADE4BDA,3FF
@world_matrix_ptr 13 0
1 13 ->
@world_matrix 14 2
2 14 [4][4]
$C00EF7A0EF4A82BD,40138CEDB6369A46,3FFFEC3BB9503495,0
$BFE135A63459976E,C0069C3451A454DC,4017854E22A07665,0
$401501BE3657DF71,400A814D8AEAER,4000950158A87FDR,0
$40837193072F9A43,40802CF0D919F67C,4004490A43684D,3FF
@first_instr_ptr 15 0
1 15 ->
@type 16 1
2 16 100
@geom_id 17 1
2 17 -1
@view_id 18 1
2 18 -1
@memb_num 19 1
2 19 0
@offset 20 2
2 20 0
@matrix 21 0
2 21 NULL
@next_instr_ptr 22 0
1 22 ->
2 16 301
2 17 -1
2 18 -1
2 19 0
2 20 401A2F5FB5E4C7C4
2 21 NULL
1 22 ->
2 16 125
2 17 -1
2 18 -1
2 19 0
2 20 0
2 21 ->
@matrix 23 2
3 23 [4][4]
$BFE6D73D74F724AD,3FE64CCED3CFC7CF,BFB1E6D17EB0ECB4,0
$BFE5BE5B799C51B2,BFE5463B23D5C427,3FD3DC8652E72D9,0
$3FC5BB2F30B366FB,3FD137B1ED50DEC1,3FEE5670E7D4E0E2,0
$3*0,3FF
1 22 NULL
@outer_xsec_index 24 1
1 24 -1
@next_view_id 25 1
1 25 19
@simp_rep_id 26 1
1 26 0
@name 27 10
1 27 MAIN_VOL
@fit_outline 28 2
1 28 [2][3]
$4059,405518,C0818005B0B0B42E
$408C2,4087BB,0
@det_info_ptr 29 0
1 29 NULL
@named_view_pzmatr 30 0
1 30 ->
2 23 [4][4]
$3FFD541AB09F5EBR,3*0
$0,3FFD541AB09F5EBR,2*0
$2*0,3FFD541AB09F5EBR,0
$C07C2AAE8C840D0C,C07263BEE282F22C,0,3FF
@page_id 31 1
1 31 0
@model_name 32 10
1 32 NULL
@unrep_model_name 33 10
1 33 NULL
@saved_pro_dls 34 0
1 34 ->
@explode_state 35 0
1 35 NULL
#ModelView#19
@View 1 0
0 1 ->
@id 2 1
1 2 19
@viewattr 3 0
1 3 
@attr_arr 4 1
2 4 [4]
$1,3*0
@mpoint 5 0
1 5 
@id 6 1
2 6 0
@coord 7 2
2 7 [3]
$3CF,401E,C0368
@first_instr_ptr 8 0
2 8 NULL
@attach_ptr 9 0
2 9 NULL
@vpoint 10 0
1 10 
2 6 0
2 7 [3]
$407F4,407A5E,0
2 8 NULL
2 9 NULL
@orient 11 2
1 11 [4][4]
$BFC2D3842E3AE65F,BFE899DD0467A58,3FE3EA6F90CE2108,0
$3FC86EAEF64CEDC2,BFE47652C9726B35,BFE7D520D2EBA654,0
$3FEF0E99FA582C0B,3F82F4C377C28B,3FCED24C75DE8605,0
$3*0,3FF
@local_sys 12 2
1 12 [4][4]
$BFEECF74BD4E4E51,C014216F24D0FFC2,40104BF68AB3C935,0
$3FF3FE19CC906825,C010BE6E40DA2C43,C0138072FBC6986R,0
$401969D77171155A,3FAF05DE05947434,3FF9387F2F96C4EA,0
$4083CCA1FE31C33A,407C6A210BB57D92,C09CB242217E428B,3FF
@world_matrix_ptr 13 0
1 13 ->
@world_matrix 14 2
2 14 [4][4]
$BFEECF74BD4E4E51,C014216F24D0FFC2,40104BF68AB3C935,0
$3FF3FE19CC906825,C010BE6E40DA2C43,C0138072FBC6986R,0
$401969D77171155A,3FAF05DE05947434,3FF9387F2F96C4EA,0
$4083CCA1FE31C33A,407C6A210BB57D92,405202129CC018A9,3FF
@first_instr_ptr 15 0
1 15 ->
@type 16 1
2 16 100
@geom_id 17 1
2 17 -1
@view_id 18 1
2 18 -1
@memb_num 19 1
2 19 0
@offset 20 2
2 20 0
@matrix 21 0
2 21 NULL
@next_instr_ptr 22 0
1 22 ->
2 16 301
2 17 -1
2 18 -1
2 19 0
2 20 401A2F5FB5E4C7C4
2 21 NULL
1 22 ->
2 16 125
2 17 -1
2 18 -1
2 19 0
2 20 0
2 21 ->
@matrix 23 2
3 23 [4][4]
$BFDB6EA66FD86FBD,BFE07D29B20DA6F8,3FE7BF93742E5D29,0
$BFE487ED3B85677B,BFD9E72DBF60995A,BFE4D9B16455D75,0
$3FE45B04455AA951,BFE82C7FA60444AE,BFC41C7152DE44AR,0
$3*0,3FF
1 22 NULL
@outer_xsec_index 24 1
1 24 -1
@next_view_id 25 1
1 25 20
@simp_rep_id 26 1
1 26 0
@name 27 10
1 27 90_DEGREE
@fit_outline 28 2
1 28 [2][3]
$4059,405518,C0855432229B58C2
$408C2,4087BB,0
@det_info_ptr 29 0
1 29 NULL
@named_view_pzmatr 30 0
1 30 ->
2 23 [4][4]
$3FF84FE0EC66561A,3*0
$0,3FF84FE0EC66561A,2*0
$2*0,3FF84FE0EC66561A,0
$C063F4990C4A2FC8,C06BF0361A7E61FC,0,3FF
@page_id 31 1
1 31 0
@model_name 32 10
1 32 NULL
@unrep_model_name 33 10
1 33 NULL
@saved_pro_dls 34 0
1 34 ->
@explode_state 35 0
1 35 NULL
#ModelView#20
@View 1 0
0 1 ->
@id 2 1
1 2 20
@viewattr 3 0
1 3 
@attr_arr 4 1
2 4 [4]
$1,3*0
@mpoint 5 0
1 5 
@id 6 1
2 6 0
@coord 7 2
2 7 [3]
$3CF,401E,C0368
@first_instr_ptr 8 0
2 8 NULL
@attach_ptr 9 0
2 9 NULL
@vpoint 10 0
1 10 
2 6 0
2 7 [3]
$407F4,407A5E,0
2 8 NULL
2 9 NULL
@orient 11 2
1 11 [4][4]
$BFE5C6457B3D10FR,BFDA168F92DFE45C,3FE37C8B31BB648F,0
$BF710301B0B2579,BFEA85E778A98127,BFE1E71C72879B6R,0
$3FE772EED93DE5A6,BFD8869F0F86CF84,3FE1FE5796860219,0
$3*0,3FF
@local_sys 12 2
1 12 [4][4]
$C00E4DAE59195492,C0022741D16B5D73,400B1E86F94E34D5,0
$BF97ACD65A5087AD,C01274BC2C12B5DE,C008EA49FF014E84,0
$4010511F99EFAC56,C00110F5DA55F2R,40090A9E98D783E,0
$40827FA5AE9E6C03,407987B2D5C915C,C097E4F10042C3AF,3FF
@world_matrix_ptr 13 0
1 13 ->
@world_matrix 14 2
2 14 [4][4]
$C00E4DAE59195492,C0022741D16B5D73,400B1E86F94E34D5,0
$BF97ACD65A5087AD,C01274BC2C12B5DE,C008EA49FF014E84,0
$4010511F99EFAC56,C00110F5DA55F2R,40090A9E98D783E,0
$40827FA5AE9E6C03,407987B2D5C915C,40577260DB3BD71F,3FF
@first_instr_ptr 15 0
1 15 ->
@type 16 1
2 16 100
@geom_id 17 1
2 17 -1
@view_id 18 1
2 18 -1
@memb_num 19 1
2 19 0
@offset 20 2
2 20 0
@matrix 21 0
2 21 NULL
@next_instr_ptr 22 0
1 22 ->
2 16 125
2 17 -1
2 18 -1
2 19 0
2 20 0
2 21 ->
@matrix 23 2
3 23 [4][4]
$BFE9B0F92A344C0D,BF9E91BE7CEDB1AC,3FE30DC0E605E483,0
$BFE27368862DA0B4,BFCB86432D75DC08,BFE9392DE777451F,0
$3FC3669BE294DBC7,BFEF3C9EEAB55859,3FC3E515E5701518,0
$3*0,3FF
1 22 ->
2 16 301
2 17 -1
2 18 -1
2 19 0
2 20 401644611C2A2C71
2 21 NULL
1 22 NULL
@outer_xsec_index 24 1
1 24 -1
@next_view_id 25 1
1 25 21
@simp_rep_id 26 1
1 26 0
@name 27 10
1 27 SPIRAL
@fit_outline 28 2
1 28 [2][3]
$4059,405518,C0870F27D498E06C
$408C2,4087BB,0
@det_info_ptr 29 0
1 29 NULL
@named_view_pzmatr 30 0
1 30 ->
2 23 [4][4]
$3FF,3*0
$0,3FF,2*0
$2*0,3FF,0
$3*0,3FF
@page_id 31 1
1 31 0
@model_name 32 10
1 32 NULL
@unrep_model_name 33 10
1 33 NULL
@saved_pro_dls 34 0
1 34 ->
@explode_state 35 0
1 35 NULL
#ModelView#21
@View 1 0
0 1 ->
@id 2 1
1 2 21
@viewattr 3 0
1 3 
@attr_arr 4 1
2 4 [4]
$1,3*0
@mpoint 5 0
1 5 
@id 6 1
2 6 0
@coord 7 2
2 7 [3]
$3CF,401E,C0368
@first_instr_ptr 8 0
2 8 NULL
@attach_ptr 9 0
2 9 NULL
@vpoint 10 0
1 10 
2 6 0
2 7 [3]
$407F4,407A5E,0
2 8 NULL
2 9 NULL
@orient 11 2
1 11 [4][4]
$0,3FF,2*0
$2*0,BFF,0
$BFF,3*0
$3*0,3FF
@local_sys 12 2
1 12 [4][4]
$0,401871F95F058627,2*0
$2*0,C01871F95F058627,0
$C01871F95F058627,3*0
$4076A7EE54980ED6,407A5E,C09B1FC9F1B75692,3FF
@world_matrix_ptr 13 0
1 13 ->
@world_matrix 14 2
2 14 [4][4]
$0,401871F95F058627,2*0
$2*0,C01871F95F058627,0
$C01871F95F058627,3*0
$4076A7EE54980ED6,407A5E,4046EAD9C9152DC5,3FF
@first_instr_ptr 15 0
1 15 ->
@type 16 1
2 16 100
@geom_id 17 1
2 17 -1
@view_id 18 1
2 18 -1
@memb_num 19 1
2 19 0
@offset 20 2
2 20 0
@matrix 21 0
2 21 NULL
@next_instr_ptr 22 0
1 22 ->
2 16 115
2 17 37
2 18 -1
2 19 1
@memb_id_tab 23 1
2 23 [1]
3 23 2
2 20 0
2 21 NULL
1 22 ->
2 16 125
2 17 -1
2 18 -1
2 19 0
2 20 0
2 21 ->
@matrix 24 2
3 24 [4][4]
$3FED81C90641F79D,BFBD893E5B77B28F,3FD7A3BC1C735A7,0
$BFD89F33924D07E6,BFD812BEF688114,3FEAF92C5960BD4,0
$3FA55799F84F2D1A,BFED6B504D6FC64D,BFD909DBE53861E5,0
$3*0,3FF
1 22 ->
2 16 301
2 17 -1
2 18 -1
2 19 0
2 20 401871F95F058627
2 21 NULL
1 22 ->
2 16 125
2 17 -1
2 18 -1
2 19 0
2 20 0
2 21 ->
3 24 [4][4]
$3FDB0F234DC02ADA,BFECF341636A422A,3FAAF19960447B6,0
$3FA0FD78927EBDA3,3FB2D00ADC398D34,3FEFE5539063680B,0
$BFECFACDE1709B1C,BFDADBF8C09E197B,3FAF476073961A83,0
$3*0,3FF
1 22 ->
2 16 201
2 17 39
2 18 -1
2 19 1
2 23 [1]
3 23 1
2 20 0
2 21 NULL
1 22 ->
2 16 218
2 17 24
2 18 -1
2 19 1
2 23 [1]
3 23 2
2 20 0
2 21 NULL
1 22 NULL
@outer_xsec_index 25 1
1 25 -1
@next_view_id 26 1
1 26 43
@simp_rep_id 27 1
1 27 0
@name 28 10
1 28 TOP
@fit_outline 29 2
1 29 [2][3]
$4059,405518,C063190AD23C50D
$408C2,4087BB,0
@det_info_ptr 30 0
1 30 NULL
@named_view_pzmatr 31 0
1 31 ->
2 24 [4][4]
$3FFD62C4D3963DFE,3*0
$0,3FFD62C4D3963DFE,2*0
$2*0,3FFD62C4D3963DFE,0
$C0735F47D5FC1B76,C074531D8A36B01F,0,3FF
@page_id 32 1
1 32 0
@model_name 33 10
1 33 NULL
@unrep_model_name 34 10
1 34 NULL
@saved_pro_dls 35 0
1 35 ->
@explode_state 36 0
1 36 NULL
#ModelView#43
@View 1 0
0 1 ->
@id 2 1
1 2 43
@viewattr 3 0
1 3 
@attr_arr 4 1
2 4 [4]
$1,3*0
@mpoint 5 0
1 5 
@id 6 1
2 6 0
@coord 7 2
2 7 [3]
$3CF,401E,C0368
@first_instr_ptr 8 0
2 8 NULL
@attach_ptr 9 0
2 9 NULL
@vpoint 10 0
1 10 
2 6 0
2 7 [3]
$407F4,407A5E,0
2 8 NULL
2 9 NULL
@orient 11 2
1 11 [4][4]
$BFE736A135546B04,BFE0AEFF4E1C6DBE,3FDCC2C54E68FB21,0
$3FB0A114BD33C69R,BFE67562EEB97DF7,BFE6B337BDAAA832,0
$3FE5ED73D2A70DB5,BFDF10DC8C59DD07,3FE16025B40202E4,0
$3*0,3FF
@local_sys 12 2
1 12 [4][4]
$C012FEC0A63C773F,C00B4DC4B999BBC7,400788D46735825,0
$3FDB36FE59D70FD6,C012609FF76B93AB,C0129338690EB44E,0
$4011F16472D8D5BR,C0096BB0E09B61CA,400C6FAFA3AC04F5,0
$4082ADEB19BBE3F3,40780D64A7834B1E,C09C072AAC450696,3FF
@world_matrix_ptr 13 0
1 13 ->
@world_matrix 14 2
2 14 [4][4]
$C012FEC0A63C773F,C00B4DC4B999BBC7,400788D46735825,0
$3FDB36FE59D70FD6,C012609FF76B93AB,C0129338690EB44E,0
$4011F16472D8D5BR,C0096BB0E09B61CA,400C6FAFA3AC04F5,0
$4082ADEB19BBE3F3,40780D64A7834B1E,405CB389F053D801,3FF
@first_instr_ptr 15 0
1 15 ->
@type 16 1
2 16 100
@geom_id 17 1
2 17 -1
@view_id 18 1
2 18 -1
@memb_num 19 1
2 19 0
@offset 20 2
2 20 0
@matrix 21 0
2 21 NULL
@next_instr_ptr 22 0
1 22 ->
2 16 301
2 17 -1
2 18 -1
2 19 0
2 20 401A2F5FB5E4C7C4
2 21 NULL
1 22 ->
2 16 125
2 17 -1
2 18 -1
2 19 0
2 20 0
2 21 ->
@matrix 23 2
3 23 [4][4]
$BFEB52ACFC11A5E2,BFC305F11B227CCB,3FDFED65A340C3AR,0
$BFDFC4C693F6C2AR,BFACB07DCEB785B3,BFEBB8AA11D24D03,0
$3FC40EC4B7D80A7,BFEF98023713D36D,BF9A8CDD1048D53F,0
$3*0,3FF
1 22 NULL
@outer_xsec_index 24 1
1 24 -1
@next_view_id 25 1
1 25 -2
@simp_rep_id 26 1
1 26 0
@name 27 10
1 27 PROFILE
@fit_outline 28 2
1 28 [2][3]
$4059,405518,C08850A8CD2DD478
$408C2,4087BB,0
@det_info_ptr 29 0
1 29 NULL
@named_view_pzmatr 30 0
1 30 ->
2 23 [4][4]
$3FFD8744B6DB06B5,3*0
$0,3FFD8744B6DB06B5,2*0
$2*0,3FFD8744B6DB06B5,0
$C07DFCD7E6FD38,C077916C6A6AD2F6,0,3FF
@page_id 31 1
1 31 0
@model_name 32 10
1 32 NULL
@unrep_model_name 33 10
1 33 NULL
@saved_pro_dls 34 0
1 34 ->
@explode_state 35 0
1 35 NULL
#DispDataColor
@ref_color_table 1 0
0 1 
@ref_color_arr 2 0
1 2 [3]
2 2 
@maximum 3 2
3 3 [3]
$3*3FF
@ambient 4 2
3 4 3FECR
@diffuse 5 2
3 5 3FECR
@specular 6 2
3 6 3FE9R
@spec_coef 7 2
3 7 3FE
@transmission 8 2
3 8 0
@threshold 9 1
3 9 90
@gl_ind 10 1
3 10 0
@highlight 11 2
3 11 [3]
$3*3FF
@reflection 12 2
3 12 3FD
@bump_height 13 2
3 13 3FE
@bump 14 3
3 14 NULL
@decal_intensity 15 2
3 15 3FF
@decal 16 3
3 16 NULL
@texture 17 3
3 17 NULL
2 2 
3 3 [3]
$0,3FF,0
3 4 3FECR
3 5 3FECR
3 6 3FE9R
3 7 3FE
3 8 0
3 9 90
3 10 2
3 11 [3]
$3*3FF
3 12 3FD
3 13 3FE
3 14 NULL
3 15 3FF
3 16 NULL
3 17 NULL
2 2 
3 3 [3]
$3FEF0A3D70A3D70A,3FBEB851EB851EB8,3FBC28F5C28F5C29
3 4 3FECR
3 5 3FECR
3 6 3FE9R
3 7 3FE
3 8 0
3 9 90
3 10 3
3 11 [3]
$3*3FF
3 12 3FECR
3 13 3FF
3 14 NULL
3 15 4059
3 16 NULL
3 17 NULL
#DispDataTable
@disp_data_table 1 0
0 1 
@disp_data_arr 2 0
1 2 [1]
2 2 
@disp_data 3 0
3 3 ->
@wire 4 0
4 4 
@disp_list_version 5 1
5 5 222
@visibility 6 1
5 6 16
@status_mask 7 1
5 7 3
@creation_scale 8 2
5 8 0
@view_matrix 9 2
5 9 [4][4]
$3FF,3*0
$0,3FF,2*0
$2*0,3FF,0
$3*0,3FF
@outline 10 2
5 10 [2][3]
$3*41CDCD64FR
$3*C1CDCD64FR
@dl_block_mem_size 11 0
5 11 
@dl_block_mem_size 12 1
6 12 32768
@list 13 0
5 13 NULL
@token_contents 14 5
5 14 0
@render_attribs 15 5
5 15 0
@part_color 16 1
4 16 -1
@color_prop_ptr 17 0
4 17 ->
@color_refs 18 0
5 18 [3]
6 18 
@ref_color 19 0
7 19 ->
@maximum 20 2
8 20 [3]
$3*3FF
@ambient 21 2
8 21 3FECR
@diffuse 22 2
8 22 3FECR
@specular 23 2
8 23 3FE9R
@spec_coef 24 2
8 24 3FE
@transmission 25 2
8 25 0
@threshold 26 1
8 26 90
@gl_ind 27 1
8 27 0
@highlight 28 2
8 28 [3]
$3*3FF
@reflection 29 2
8 29 3FD
@bump_height 30 2
8 30 3FE
@bump 31 3
8 31 NULL
@decal_intensity 32 2
8 32 3FF
@decal 33 3
8 33 NULL
@texture 34 3
8 34 NULL
6 18 
7 19 ->
8 20 [3]
$3FEAE147AE147AE1,3FE0F5C28F5C28F6,3FDB851EB851EB85
8 21 3FECR
8 22 3FECR
8 23 3FE9R
8 24 3FE
8 25 0
8 26 90
8 27 1
8 28 [3]
$3*3FF
8 29 3FECR
8 30 3FF
8 31 NULL
8 32 4059
8 33 NULL
8 34 NULL
6 18 
7 19 ->
8 20 [3]
$0,3FF,0
8 21 3FECR
8 22 3FECR
8 23 3FE9R
8 24 3FE
8 25 0
8 26 90
8 27 2
8 28 [3]
$3*3FF
8 29 3FD
8 30 3FE
8 31 NULL
8 32 3FF
8 33 NULL
8 34 NULL
@surf_ind_tab 35 0
5 35 [7]
6 35 
@surf_id 36 1
7 36 1
@surf_color_inds 37 1
7 37 [2]
$0,-1
@surf_pl 38 0
7 38 [2]
8 38 
@placement_ptr 39 0
9 39 NULL
8 38 
9 39 NULL
6 35 
7 36 37
7 37 [2]
$1,-1
7 38 [2]
8 38 
9 39 NULL
8 38 
9 39 NULL
6 35 
7 36 38
7 37 [2]
$1,-1
7 38 [2]
8 38 
9 39 NULL
8 38 
9 39 NULL
6 35 
7 36 23
7 37 [2]
$0,-1
7 38 [2]
8 38 
9 39 NULL
8 38 
9 39 NULL
6 35 
7 36 41
7 37 [2]
$1,-1
7 38 [2]
8 38 
9 39 NULL
8 38 
9 39 NULL
6 35 
7 36 40
7 37 [2]
$1,-1
7 38 [2]
8 38 
9 39 NULL
8 38 
9 39 NULL
6 35 
7 36 2
7 37 [2]
$2,-1
7 38 [2]
8 38 
9 39 NULL
8 38 
9 39 NULL
@model_type 40 1
4 40 1
@flags 41 1
4 41 0
@generic_name 42 10
4 42 NULL
@label 43 10
4 43 NULL
@components 44 0
4 44 
@comp_arr 45 0
5 45 [2]
6 45 
@comp 46 0
7 46 ->
@id 47 1
8 47 1
@type 48 1
8 48 -1
@memb2model 49 2
8 49 [4][3]
$3FF,2*0
$0,3FF,0
$2*0,3FF
$3*0
@solid_dd 50 0
8 50 ->
9 16 2
9 40 2
9 41 2
@model_name 51 10
9 51 CAVITY
9 42 NULL
9 43 NULL
6 45 
7 46 ->
8 47 2
8 48 -1
8 49 [4][3]
$3FF,2*0
$0,3FF,0
$2*0,3FF
$3*0
8 50 ->
9 16 -1
9 40 2
9 41 2
9 51 CAVITY_WP
9 42 NULL
9 43 NULL
#AssMrgPrt
@assem_merge_parts 1 0
0 1 ->
#END_OF_UGC
