#UGC:2 ASSEMBLY 982 420 -1 1 1 15 1900 9736 00000b59 \
#- VERS 0 0                                                          \
#- HOST                                                              \
#- LINK                                                              \
#- DBID                                                              \
#- REVS 0,                                                           \
#- RELL 0,                                                           \
#- UOBJ_ID 873921400 87663107 -2139526928                            \
#- MACH                                                              \
#-END_OF_UGC_HEADER
#P_OBJECT 6
@P_object 1 0
0 1 ->
@depend 2 0
1 2 [6]
2 2 
@model_name 3 10
3 3 TOOL_MOTIONS
@model_type 4 1
3 4 37
@revnum 5 1
3 5 42
@bom_count 6 1
3 6 1
@dep_type 7 1
3 7 64
@stamp 8 0
3 8 
@major_vers 9 0
4 9 
@vers 10 1
5 10 0
@alias_name 11 10
5 11 
@minor_vers 12 0
4 12 
@vers 13 1
5 13 0
@reason 14 10
3 14 
2 2 
3 3 SPACER
3 4 2
3 5 2597
3 6 1
3 7 2
3 8 
4 9 
5 10 0
5 11 
4 12 
5 13 0
3 14 
@comp_ids 15 1
3 15 [1]
4 15 1
2 2 
3 3 STOCK
3 4 2
3 5 10155
3 6 1
3 7 2
3 8 
4 9 
5 10 0
5 11 
4 12 
5 13 0
3 14 
3 15 [1]
4 15 3
2 2 
3 3 SB1<STEP_BLOCK>
3 4 2
3 5 36
3 6 2
3 7 2
3 8 
4 9 
5 10 0
5 11 
4 12 
5 13 0
3 14 
3 15 [2]
$30,37
2 2 
3 3 BASE
3 4 2
3 5 954
3 6 1
3 7 2
3 8 
4 9 
5 10 0
5 11 
4 12 
5 13 0
3 14 
3 15 [1]
4 15 44
2 2 
3 3 STEP_CLAMP
3 4 2
3 5 -1
3 6 2
3 7 2
3 8 
4 9 
5 10 0
5 11 
4 12 
5 13 0
3 14 
3 15 [2]
$58,79
@dep_db 16 0
1 16 ->
@dep_db 17 0
2 17 [8]
3 17 ->
@to_model_id 18 1
4 18 0
@dep_type 19 1
4 19 2
@obj_id 20 1
4 20 1
@obj_type 21 1
4 21 3
3 17 ->
4 18 1
4 19 2
4 20 3
4 21 3
3 17 ->
4 18 -3
4 19 4
4 20 0
4 21 242
3 17 ->
4 18 2
4 19 2
4 20 30
4 21 3
3 17 ->
4 18 2
4 19 2
4 20 37
4 21 3
3 17 ->
4 18 3
4 19 2
4 20 44
4 21 3
3 17 ->
4 18 4
4 19 2
4 20 58
4 21 3
3 17 ->
4 18 4
4 19 2
4 20 79
4 21 3
@model_db 22 0
2 22 [5]
3 22 ->
@model_t_type 23 1
4 23 2
@model_name 24 10
4 24 SPACER
@generic_name 25 10
4 25 
@stamp 26 0
4 26 
3 22 ->
4 23 2
4 24 STOCK
4 25 
4 26 
3 22 ->
4 23 2
4 24 SB1
4 25 STEP_BLOCK
4 26 
3 22 ->
4 23 2
4 24 BASE
4 25 
4 26 
3 22 ->
4 23 2
4 24 STEP_CLAMP
4 25 
4 26 
@usr_rev 27 0
1 27 [1]
2 27 
@name 28 10
3 28 USER
@mod_time 29 0
3 29 
@tm_sec 30 1
4 30 21
@tm_min 31 1
4 31 24
@tm_hour 32 1
4 32 21
@tm_mday 33 1
4 33 10
@tm_mon 34 1
4 34 8
@tm_year 35 1
4 35 97
@action 36 1
3 36 1000
@comment 37 10
3 37 Hostname: 'gascar'
@rel_level 38 10
3 38 
@rev_string 39 10
3 39 
@revnum_std 40 1
1 40 283
@flag 41 1
1 41 0
@name 42 10
1 42 NULL
@inst_hidden 43 1
1 43 0
@old_name 44 10
1 44 NULL
@appl_data 45 0
1 45 ->
@bounding_box 46 2
2 46 [2][3]
$C0021A763272772,C01BD990BDFE95DB,C0185EAF7650816
$4002CR,4018E3CE2EA26CE5,401C5EAF7650816
@ver_key 47 0
1 47 ->
@time 48 1
2 48 873926186
@random_num 49 1
2 49 107315410
@hostid 50 1
2 50 -2139526928
@last_read 51 1
1 51 -1
#END_OF_P_OBJECT
#Pro/ENGINEER  TM  Version H-03-20  (c) 1988-97 by Parametric Technology Corporation  All Rights Reserved. 9736
@Toc 52 0
0 52 ->
@entry 53 10
1 53 [128]
2 53 BasicData 2b9a 53f 0 982########################################################
2 53 BasicText 30d9 359 0 982########################################################
2 53 GeomDepen 3432 71 0 982#########################################################
2 53 DispCntrl 34a3 42 0 982#########################################################
2 53 DisplData 34e5 38 0 982#########################################################
2 53 LargeText 351d ff 0 982#########################################################
2 53 FamilyInf 361c 40 0 982#########################################################
2 53 VisibGeom 365c 39 0 982#########################################################
2 53 NovisGeom 3695 b39 0 982########################################################
2 53 ActEntity 41ce 24 0 982#########################################################
2 53 AllFeatur 41f2 64f4 0 982#######################################################
2 53 FullMData a6e6 11ff 0 982#######################################################
2 53 ModelView#0 b8e5 164a 0 982#####################################################
2 53 ModelView#2 cf2f 7f0 0 982######################################################
2 53 ModelView#4 d71f 726 0 982######################################################
2 53 ModelView#5 de45 809 0 982######################################################
2 53 DispDataColor e64e 49d 0 982####################################################
2 53 DispDataTable eaeb 1979 0 982###################################################
2 53 AssMrgPrt 10464 29 0 982########################################################
2 53 ################################################################################
2 53 ################################################################################
2 53 ################################################################################
2 53 ################################################################################
2 53 ################################################################################
2 53 ################################################################################
2 53 ################################################################################
2 53 ################################################################################
2 53 ################################################################################
2 53 ################################################################################
2 53 ################################################################################
2 53 ################################################################################
2 53 ################################################################################
2 53 ################################################################################
2 53 ################################################################################
2 53 ################################################################################
2 53 ################################################################################
2 53 ################################################################################
2 53 ################################################################################
2 53 ################################################################################
2 53 ################################################################################
2 53 ################################################################################
2 53 ################################################################################
2 53 ################################################################################
2 53 ################################################################################
2 53 ################################################################################
2 53 ################################################################################
2 53 ################################################################################
2 53 ################################################################################
2 53 ################################################################################
2 53 ################################################################################
2 53 ################################################################################
2 53 ################################################################################
2 53 ################################################################################
2 53 ################################################################################
2 53 ################################################################################
2 53 ################################################################################
2 53 ################################################################################
2 53 ################################################################################
2 53 ################################################################################
2 53 ################################################################################
2 53 ################################################################################
2 53 ################################################################################
2 53 ################################################################################
2 53 ################################################################################
2 53 ################################################################################
2 53 ################################################################################
2 53 ################################################################################
2 53 ################################################################################
2 53 ################################################################################
2 53 ################################################################################
2 53 ################################################################################
2 53 ################################################################################
2 53 ################################################################################
2 53 ################################################################################
2 53 ################################################################################
2 53 ################################################################################
2 53 ################################################################################
2 53 ################################################################################
2 53 ################################################################################
2 53 ################################################################################
2 53 ################################################################################
2 53 ################################################################################
2 53 ################################################################################
2 53 ################################################################################
2 53 ################################################################################
2 53 ################################################################################
2 53 ################################################################################
2 53 ################################################################################
2 53 ################################################################################
2 53 ################################################################################
2 53 ################################################################################
2 53 ################################################################################
2 53 ################################################################################
2 53 ################################################################################
2 53 ################################################################################
2 53 ################################################################################
2 53 ################################################################################
2 53 ################################################################################
2 53 ################################################################################
2 53 ################################################################################
2 53 ################################################################################
2 53 ################################################################################
2 53 ################################################################################
2 53 ################################################################################
2 53 ################################################################################
2 53 ################################################################################
2 53 ################################################################################
2 53 ################################################################################
2 53 ################################################################################
2 53 ################################################################################
2 53 ################################################################################
2 53 ################################################################################
2 53 ################################################################################
2 53 ################################################################################
2 53 ################################################################################
2 53 ################################################################################
2 53 ################################################################################
2 53 ################################################################################
2 53 ################################################################################
2 53 ################################################################################
2 53 ################################################################################
2 53 ################################################################################
2 53 ################################################################################
2 53 ################################################################################
2 53 ################################################################################
2 53 ################################################################################
2 53 ################################################################################
2 53 ################################################################################
#BasicData
@Sld_BasicData 1 0
0 1 ->
@tab_key 2 1
1 2 0
@tab_key_struct 3 0
1 3 ->
@type 4 4
2 4 H
@tab_key_ptr 5 0
2 5 [94]
@cmprs_tabkey 6 0
2 6 NULL
@type 7 1
1 7 1
@revnum_ptr 8 0
1 8 ->
@geom_revnum 9 1
2 9 259
@cosm_revnum 10 1
2 10 44
@tol_default_ptr 11 0
1 11 ->
@type 12 1
2 12 10
@value 13 2
2 13 [7]
$0,3FB9R,3F847AE147AE147B,3F50624DD2F1A9FC,3F1A36E2EB1C432D,
$3EE4F8B588E368F1,3EB0C6F7A0B5ED8E
@ang_value 14 2
2 14 [7]
$0,6*3FE
@standard 15 1
2 15 0
@iso_tol_tbls_ptr 16 0
2 16 NULL
@datum_count 17 1
1 17 0
@axis_count 18 1
1 18 0
@insert_layer_id 19 1
1 19 -1
@layer_count 20 1
1 20 1
@rel_part_eps 21 2
1 21 3F53A92A30553261
@model_eps 22 2
1 22 0
@fixed_model_eps 23 1
1 23 0
@assembled_count 24 1
1 24 0
@part_type 25 1
1 25 1
@first_ent_id 26 1
1 26 526718
@first_view_id 27 1
1 27 0
@outline 28 2
1 28 [2][3]
$C0015D1745D1746,C01B7AE147AE147B,C018
$3FFD9R,4018851EB851EB85,401C
@dim_num 29 1
1 29 13
@geom_lib_ptr 30 0
1 30 NULL
@attrib_array 31 1
1 31 [2]
$1024,0
@max_part_size 32 2
1 32 0
@model_name 33 10
1 33 TOOL_MOTIONS
@disp_outl_info 34 0
1 34 
@disp_outline 35 2
2 35 [2][3]
$C0021A763272772,C01BD990BDFE95DB,C0185EAF7650816
$4002CR,4018E3CE2EA26CE5,401C5EAF7650816
@sel_outl_info 36 0
1 36 ->
@outline 37 2
2 37 [2][3]
$C0021A763272772,C01BD990BDFE95DB,C0185EAF7650816
$4002CR,4018E3CE2EA26CE5,401C5EAF7650816
#BasicText
@Sld_BasicText 1 0
0 1 ->
@assem_mass_prop_ptr 2 0
1 2 NULL
@mass_prop_ptr 3 0
1 3 ->
@type 4 1
2 4 0
@density 5 2
2 5 0
@init_dens 6 5
2 6 0
@rel_density 7 2
2 7 0
@init_rel_dens 8 5
2 8 0
@aver_density 9 2
2 9 0
@vrevnum 10 1
2 10 -1
@volume 11 2
2 11 0
@cg 12 2
2 12 [3]
$3*0
@inertia 13 2
2 13 [3][3]
$3*0
$3*0
$3*0
@eps 14 2
2 14 0
@surfarea 15 2
2 15 0
@assign_mp_ptr 16 0
1 16 NULL
@mat_name_ptr 17 10
1 17 NULL
@unit_arr 18 0
1 18 [3]
2 18 
@type 19 1
3 19 1
@factor 20 2
3 20 3FF
@name 21 10
3 21 INCH
@unit_type 22 1
3 22 0
2 18 
3 19 2
3 20 3FF
3 21 POUND
3 22 1
2 18 
3 19 11
3 20 3FF
3 21 HOURS
3 22 2
@p_unit_info 23 0
1 23 ->
@custom_unit_arr 24 0
2 24 [6]
3 24 
3 24 
3 24 
3 24 
3 24 
3 24 
@principal_sys_units 25 10
2 25 Inch lbm Second (Pro/E Default)
@history_scale 26 2
2 26 [6][2]
$3FF,0
$3FF,0
$3FF,0
$3FF,0
$3FF,0
$3FF,0
#GeomDepen
@Sld_GeomDepend 1 0
0 1 ->
@frst_geom_ptr 2 1
1 2 0
@fem_data 3 0
1 3 NULL
@first_quilt_ptr 4 1
1 4 0
#DispCntrl
@Sld_DispCntrl 1 0
0 1 ->
@color_prop_ptr 2 0
1 2 NULL
#DisplData
@Sld_DispData 1 0
0 1 ->
@disp_data 2 0
1 2 
#LargeText
@Sld_LargeText 1 0
0 1 ->
@names_table 2 0
1 2 [1]
2 2 ->
@id 3 1
3 3 29
@type 4 1
3 4 3
@name 5 10
3 5 FSETP2
@relpar_sets 6 0
1 6 [1]
2 6 
@id 7 1
3 7 -1
@type 8 1
3 8 1
@ext_ref_id 9 1
3 9 -1
@relatnum 10 1
3 10 0
@cfg_states 11 0
1 11 NULL
#FamilyInf
@Sld_FamilyInfo 1 0
0 1 ->
@drv_tbl_ptr 2 0
1 2 NULL
#VisibGeom
@Sld_VisGeom 1 0
0 1 ->
@active_geom 2 0
1 2 
#NovisGeom
@Sld_NonVisGeom 1 0
0 1 ->
@inactive_geom 2 0
1 2 
@srf_array 3 0
2 3 [8]
3 3 ->
@geom_type 4 1
4 4 34
@geom_id 5 1
4 5 36
@feat_id 6 1
4 6 35
@boundary_type 7 1
4 7 -1
@envlp 8 2
4 8 [2][2]
$BF53A92A30553A62,BF53A92A30553262
$4008027525460AA5,3FF79E83E425AEE7
@srf_prim_ptr(plane) 9 0
4 9 ->
@local_sys 10 2
5 10 [4][3]
$0,3FF,0
$2*0,3FF
$3FF,2*0
$0,3FEC28F5C28F5C28,BFF8
@frst_cntr_ptr 11 0
4 11 NULL
@next_geom_ptr 12 1
4 12 0
@orient 13 1
4 13 1
@outline 14 2
4 14 [2][3]
$BF53A92A30553262,3FEC28F5C28F5C28,BFF804EA4A8C154D
$3FF79E83E425AEE8,3FEC28F5C28F5C28,3FF804EA4A8C154A
3 3 ->
4 4 34
4 5 43
4 6 42
4 7 -1
4 8 [2][2]
$BF53A92A30553A62,BFC5F8C6B177F05D
$4016013A92A30553,3FFB4ABBBEE92C8F
4 9 ->
5 10 [4][3]
$0,3FF,0
$2*0,BFF
$BFF,2*0
$0,BFEC28F5C28F5C28,3FF8
4 11 NULL
4 12 0
4 13 1
4 14 [2][3]
$BFC5F8C6B177F05D,BFEC28F5C28F5C2F,C010013A92A30554
$3FFB4ABBBEE92C9,BFEC28F5C28F5C28,3FF804EA4A8C154F
3 3 ->
4 4 34
4 5 50
4 6 49
4 7 -1
4 8 [2][2]
$BF53A92A30553262,BFF0F06F69446739
$3FFE04EA4A8C154E,40068CB295E9E1B
4 9 ->
5 10 [4][3]
$3FF,2*0
$0,3FF,0
$2*0,3FF
$BFC5D1745D1745F8,BFEC28F5C28F5C28,401C
4 11 NULL
4 12 0
4 13 1
4 14 [2][3]
$BFC5F8C6B177F05D,BFFF04EA4A8C154D,401C
$3FFB4ABBBEE92C8F,3FFF04EA4A8C154C,401C
3 3 ->
4 4 34
4 5 56
4 6 55
4 7 -1
4 8 [2][2]
$C004027525460AA6,BFC5F8C6B177F05D
$4016013A92A30553,3FFB4ABBBEE92C8F
4 9 ->
5 10 [4][3]
$0,3FF,0
$2*0,3FF
$3FF,2*0
$0,4018851EB851EB85,BFF8
4 11 NULL
4 12 0
4 13 1
4 14 [2][3]
$BFC5F8C6B177F05D,4018851EB851EB85,C010013A92A30552
$3FFB4ABBBEE92C9,4018851EB851EB85,4010013A92A30554
3 3 ->
4 4 34
4 5 72
4 6 71
4 7 -1
4 8 [2][2]
$BFD5E51D87479B02,C017F6FD21FF2E49
$400C484699A321ED,401C0B780346DC5D
4 9 ->
5 10 [4][3]
$BFF,2*0
$0,3FF,0
$2*0,BFF
$3FF5D1745D1745CE,BFEC28F5C28F5C28,400C
4 11 NULL
4 12 0
4 13 1
4 14 [2][3]
$C0015F8C6B177F05,C01B7C1BDA5119CE,400C
$3FFB4ABBBEE92C8E,401886594AF4F0D8,400C
3 3 ->
4 4 34
4 5 78
4 6 77
4 7 -1
4 8 [2][2]
$C016013A92A30554,C0015F8C6B177F06
$401E013A92A30554,3FFB4ABBBEE92C8F
4 9 ->
5 10 [4][3]
$0,3FF,0
$2*0,BFF
$BFF,2*0
$0,BFF0147AE147AE14,3FF8
4 11 NULL
4 12 0
4 13 1
4 14 [2][3]
$C0015F8C6B177F06,BFF0147AE147AE19,C018013A92A30554
$3FFB4ABBBEE92C9,BFF0147AE147AE1,401C013A92A30554
3 3 ->
4 4 34
4 5 85
4 6 84
4 7 -1
4 8 [2][2]
$BFDF343E1C39A462,C015013A92A30554
$400C484699A321ED,401F013A92A30554
4 9 ->
5 10 [4][3]
$BFF,2*0
$0,BFF,0
$2*0,3FF
$3FF5D1745D1745CE,3FEC28F5C28F5C2A,C00C
4 11 NULL
4 12 0
4 13 1
4 14 [2][3]
$C0015F8C6B177F07,C01B7C1BDA5119CF,C00C
$3FFD9E83E425AEE6,401886594AF4F0D9,C00C
3 3 ->
4 4 34
4 5 91
4 6 90
4 7 -1
4 8 [2][2]
$C016013A92A30554,C0015F8C6B177F06
$401E013A92A30554,3FFD9E83E425AEE7
4 9 ->
5 10 [4][3]
$0,3FF,0
$2*0,BFF
$BFF,2*0
$0,BFC0A3D70A3D70A,3FF8
4 11 NULL
4 12 0
4 13 1
4 14 [2][3]
$C0015F8C6B177F06,BFC0A3D70A3D70C8,C018013A92A30554
$3FFD9E83E425AEE8,BFC0A3D70A3D7083,401C013A92A30554
@external_geom 15 0
1 15 
#ActEntity
@Sld_Entities 1 0
0 1 ->
#AllFeatur
@Sld_Features 1 0
0 1 ->
@first_feat_ptr 2 0
1 2 ->
@id 3 1
2 3 1
@indep_attributes 4 1
2 4 4097
@feat_type_ptr 5 0
2 5 ->
@table_id 6 1
3 6 -1
@type 7 1
3 7 1000
@feattype_key 8 10
3 8 NULL
@form 9 1
3 9 0
@attributes 10 1
3 10 [3]
$3*0
@placement 11 1
3 11 0
@intersection 12 1
3 12 -1
@internal_udf_type 13 1
3 13 -1
@param_choice_ptr 14 0
3 14 ->
@blend_choice 15 1
4 15 0
@depth_choice 16 1
4 16 0
@angle_choice 17 1
4 17 0
@pat_choice 18 1
4 18 -1
@round_choice 19 1
4 19 -1
@subsec_choice 20 1
4 20 -1
@sweep_choice 21 1
4 21 0
@dome_choice 22 1
4 22 0
@draft_choice 23 1
4 23 0
@misc_choice 24 1
4 24 [2]
$32,0
@assoc_type 25 1
3 25 0
@symbol_key 26 1
2 26 -1
@sect_name 27 10
2 27 no_name
@model_type 28 1
2 28 1
@idtab_ptr 29 0
2 29 ->
@save_geoms 30 0
3 30 NULL
@cr_flags_xar 31 1
3 31 [31]
$3*-1,-2049,2*-1,-16777217,3*-1,-536870913,-1,-1126176897,-2,-2097185,
$-2097665,-1,-1073741843,2*-1,-257,-261249,-1,-32769,-1,-4194305,2*-1,
$-536871041,-67108865,8191
@cvt_feat_dat 32 0
3 32 NULL
@feat_dates_ptr 33 0
3 33 ->
@creat_date 34 1
4 34 190020
@regen_date 35 1
4 35 190020
@group_info_ptr 36 0
2 36 NULL
@intrs_pairs_ptr 37 0
2 37 ->
@place_rec_ptr 38 0
2 38 ->
@local_sys 39 2
3 39 [4][3]
$3FF,2*0
$0,3FF,0
$2*0,3FF
$3*0
@own_ref_id 40 1
3 40 0
@orient 41 1
3 41 0
@trf_arr 42 0
3 42 [1]
4 42 
@type 43 1
5 43 19
@idx 44 1
5 44 0
@transf 45 2
5 45 [4][3]
$3FF,2*0
$0,3FF,0
$2*0,3FF
$3*0
@next_prop 46 0
2 46 NULL
@first_geom_id 47 1
2 47 -1
@cond_tbl_idx 48 1
2 48 -1
@comment 49 10
2 49 NULL
@merge_info_ptr 50 0
2 50 NULL
@dat_ptr(comp_data) 51 0
2 51 ->
@type 52 1
3 52 123
@model_ptr 53 0
3 53 
@object_type 54 1
4 54 2
@name 55 10
4 55 SPACER
@simpl_rep 56 0
4 56 NULL
@placed_flag 57 1
3 57 1
@subst_asm_ref_id 58 1
3 58 -1
@instance 59 3
3 59 NULL
@stamp 60 0
3 60 
@major_vers 61 0
4 61 
@vers 62 1
5 62 0
@alias_name 63 10
5 63 
@minor_vers 64 0
4 64 
@vers 65 1
5 65 0
@dep_id 66 1
3 66 0
@interchange_info 67 0
3 67 NULL
@topology_increment 68 0
2 68 ->
@first_geom 69 1
3 69 0
@first_quilt 70 1
3 70 0
@outline 71 2
3 71 [2][3]
$3*0
$3*0
@max_part_size 72 2
3 72 0
@xform_increment 73 0
3 73 NULL
@roll_back_id 74 1
3 74 -1
@state_ind 75 1
2 75 -1
@alumni_info 76 0
2 76 NULL
@revnum 77 1
2 77 3
@rev_rec 78 0
2 78 ->
@revnums 79 0
3 79 [1]
4 79 ->
@owner_type 80 1
5 80 3
@owner_ind 81 1
5 81 -1
@ref_id 82 1
5 82 -1
@ref_revnum 83 1
5 83 -1
@num_plins 84 1
3 84 0
@expl_state_ref 85 0
2 85 NULL
@feat_outl_info 86 0
2 86 NULL
@next_feat_ptr 87 0
1 87 ->
2 3 3
2 4 4097
2 5 ->
3 6 -1
3 7 1000
3 8 NULL
3 9 0
3 10 [3]
$3*0
3 11 0
3 12 -1
3 13 -1
3 14 ->
4 15 0
4 16 0
4 17 0
4 18 -1
4 19 -1
4 20 -1
4 21 0
4 22 0
4 23 0
4 24 [2]
$64,0
3 25 0
2 26 -1
2 27 no_name
2 28 1
2 29 ->
3 30 NULL
3 31 [31]
$3*-1,-2049,2*-1,-16777217,3*-1,-536870913,-1,-1126176897,-2,-2097185,
$-2097665,-1,-1073741843,2*-1,-257,-261249,-1,-32769,-1,-4194305,2*-1,
$-536871041,-67108865,8191
3 32 NULL
3 33 ->
4 34 190020
4 35 190020
2 36 NULL
2 37 ->
2 38 ->
3 39 [4][3]
$3FF,2*0
$0,3FF,0
$2*0,3FF
$3*0
@place_instruction_ptrs 88 0
3 88 [2]
4 88 ->
@type 89 1
5 89 52
@offset 90 2
5 90 0
@dim_id 91 1
5 91 -1
@ref_id 92 1
5 92 0
@geometry1_id 93 1
5 93 -1
@geometry2_id 94 1
5 94 -1
@memb_num1 95 1
5 95 0
@memb_num2 96 1
5 96 0
@attr 97 1
5 97 0
4 88 ->
5 89 5
5 90 0
5 91 0
5 92 1
5 93 7
5 94 7
5 95 1
5 96 1
@memb_id_tab1 98 1
5 98 [1]
6 98 3
@memb_id_tab2 99 1
5 99 [1]
6 99 3
5 97 512
3 40 0
3 41 0
3 42 [1]
4 42 
5 43 19
5 44 0
5 45 [4][3]
$3FF,2*0
$0,3FF,0
$2*0,3FF
$3*0
2 46 NULL
2 47 -1
2 48 -1
2 49 NULL
2 50 NULL
2 51 ->
3 52 123
3 53 
4 54 2
4 55 STOCK
4 56 NULL
3 57 1
3 58 -1
3 59 NULL
3 60 
4 61 
5 62 0
5 63 
4 64 
5 65 0
3 66 1
3 67 NULL
2 68 ->
3 69 0
3 70 0
3 71 [2][3]
$0,BFFF,BFF8
$3FF4,3FFF,3FF8
3 72 0
3 73 NULL
3 74 -1
2 75 -1
2 76 NULL
2 77 3
2 78 ->
3 79 [3]
4 79 ->
5 80 3
5 81 -1
5 82 -1
5 83 -1
4 79 ->
5 80 1
5 81 -1
5 82 1
5 83 0
@memb_tab_revnums 100 1
5 100 [1]
6 100 3
4 79 ->
5 80 2
5 81 -1
5 82 1
5 83 0
5 100 [1]
6 100 3
3 84 2
2 85 NULL
2 86 NULL
1 87 ->
2 3 35
2 4 4097
2 5 ->
3 6 -1
3 7 923
3 8 NULL
3 9 0
3 10 [3]
$259,2*0
3 11 0
3 12 -1
3 13 -1
3 14 ->
4 15 0
4 16 0
4 17 0
4 18 970
4 19 -1
4 20 -1
4 21 0
4 22 0
4 23 0
4 24 [2]
$2*0
3 25 0
2 26 -1
2 27 no_name
2 28 1
2 29 ->
@srf_id_arr 101 1
3 101 [1][4]
$36,3*0
3 30 NULL
3 31 [31]
$3*-1,-2049,2*-1,-16777217,3*-1,-536870913,-1,-1126176897,-2,-2097185,
$-2097665,-1,-1073741843,2*-1,-257,-261249,-1,-32769,-1,-4194305,2*-1,
$-536871041,-67108865,8191
3 32 NULL
3 33 ->
4 34 190020
4 35 190020
2 36 NULL
2 37 ->
2 38 ->
3 39 [4][3]
$0,3FF,0
$2*0,3FF
$3FF,2*0
$0,3FEC28F5C28F5C28,BFF8
3 88 [1]
4 88 ->
5 89 503
5 90 BFE8
5 91 3
5 92 0
5 93 24
5 94 36
5 95 1
5 96 0
5 98 [1]
6 98 3
5 97 33280
@plin_info_arr 102 0
5 102 [1]
6 102 ->
@type 103 1
7 103 1
@data(plin_info_ref) 104 0
7 104 ->
@id_type1 105 1
8 105 -4
@id_type2 106 1
8 106 5
@offset2 107 2
8 107 0
3 40 0
3 41 1
3 42 [1]
4 42 
5 43 11
5 44 0
5 45 [4][3]
$0,3FF,0
$2*0,3FF
$3FF,2*0
$0,3FEC28F5C28F5C28,BFF8
2 46 NULL
2 47 36
2 48 -1
2 49 NULL
2 50 NULL
@parent_table 108 1
2 108 [1]
3 108 3
2 68 ->
3 69 0
3 70 0
3 71 [2][3]
$0,BFFF,BFF8
$3FF79R,3FFF,3FF8
3 72 0
3 73 NULL
3 74 -1
2 75 -1
2 76 NULL
2 77 0
2 78 ->
3 79 [2]
4 79 ->
5 80 3
5 81 -1
5 82 -1
5 83 -1
4 79 ->
5 80 1
5 81 -1
5 82 0
5 83 4
5 100 [1]
6 100 3
3 84 1
2 85 NULL
2 86 NULL
1 87 ->
2 3 30
2 4 4097
2 5 ->
3 6 -1
3 7 1000
3 8 NULL
3 9 0
3 10 [3]
$3*0
3 11 0
3 12 -1
3 13 -1
3 14 ->
4 15 0
4 16 0
4 17 0
4 18 -1
4 19 -1
4 20 -1
4 21 0
4 22 0
4 23 0
4 24 [2]
$128,0
3 25 0
2 26 -1
2 27 no_name
2 28 1
2 29 ->
@dtm_id_tab 109 0
3 109 [3]
4 109 
@dtm_id 110 1
5 110 -1
@dim_id 111 1
5 111 -1
4 109 
5 110 -1
5 111 -1
4 109 
5 110 36
5 111 3
3 30 NULL
3 31 [31]
$3*-1,-2049,2*-1,-16777217,3*-1,-536870913,-1,-1126176897,-2,-2097185,
$-2097665,-1,-1073741843,2*-1,-257,-261249,-1,-32769,-1,-4194305,2*-1,
$-536871041,-67108865,8191
3 32 NULL
3 33 ->
4 34 190020
4 35 190020
2 36 NULL
2 37 ->
2 38 ->
3 39 [4][3]
$3FF,2*0
$2*0,BFF
$0,3FF,0
$BFC5D1745D1745F8,3FEC28F5C28F5C27,BFF
3 88 [3]
4 88 ->
5 89 5
5 90 0
5 91 9
5 92 0
5 93 10
5 94 4138
5 95 1
5 96 1
5 98 [1]
6 98 3
5 99 [1]
6 99 30
5 97 512
5 102 [1]
6 102 ->
7 103 1
7 104 ->
8 105 5
8 106 5
8 107 0
4 88 ->
5 89 5
5 90 0
5 91 10
5 92 1
5 93 22
5 94 4134
5 95 1
5 96 1
5 98 [1]
6 98 3
5 99 [1]
6 99 30
5 97 512
5 102 [1]
6 102 ->
7 103 1
7 104 ->
8 105 5
8 106 5
8 107 0
4 88 ->
5 89 26
5 90 0
5 91 11
5 92 2
5 93 36
5 94 2
5 95 0
5 96 1
5 99 [1]
6 99 30
5 97 0
5 102 [1]
6 102 ->
7 103 1
7 104 ->
8 105 5
8 106 5
8 107 0
3 40 0
3 41 0
3 42 [1]
4 42 
5 43 19
5 44 0
5 45 [4][3]
$3FF,2*0
$2*0,BFF
$0,3FF,0
$BFC5D1745D1745F8,3FEC28F5C28F5C27,BFF
2 46 NULL
2 47 -1
2 48 -1
2 49 NULL
2 50 NULL
2 51 ->
3 52 123
3 53 
4 54 2
4 55 SB1<STEP_BLOCK>
4 56 NULL
3 57 1
3 58 -1
3 59 NULL
3 60 
4 61 
5 62 0
5 63 
4 64 
5 65 0
3 66 3
3 67 NULL
2 108 [2]
$3,35
2 68 ->
3 69 0
3 70 0
3 71 [2][3]
$0,BFFF,BFF8
$3FF79R,3FFF,3FF8
3 72 0
3 73 NULL
3 74 -1
2 75 -1
2 76 NULL
2 77 6
2 78 ->
3 79 [7]
4 79 ->
5 80 3
5 81 -1
5 82 -1
5 83 -1
4 79 ->
5 80 1
5 81 -1
5 82 0
5 83 4
5 100 [1]
6 100 3
4 79 ->
5 80 2
5 81 -1
5 82 0
5 83 0
5 100 [1]
6 100 6
4 79 ->
5 80 1
5 81 -1
5 82 1
5 83 4
5 100 [1]
6 100 3
4 79 ->
5 80 2
5 81 -1
5 82 1
5 83 0
5 100 [1]
6 100 6
4 79 ->
5 80 1
5 81 -1
5 82 2
5 83 0
4 79 ->
5 80 2
5 81 -1
5 82 2
5 83 8
5 100 [1]
6 100 6
3 84 3
2 85 NULL
2 86 NULL
1 87 ->
2 3 42
2 4 4097
2 5 ->
3 6 -1
3 7 923
3 8 NULL
3 9 0
3 10 [3]
$259,2*0
3 11 0
3 12 -1
3 13 -1
3 14 ->
4 15 0
4 16 0
4 17 0
4 18 970
4 19 -1
4 20 -1
4 21 0
4 22 0
4 23 0
4 24 [2]
$2*0
3 25 0
2 26 -1
2 27 no_name
2 28 1
2 29 ->
3 101 [1][4]
$43,3*0
3 30 NULL
3 31 [31]
$3*-1,-2049,2*-1,-16777217,3*-1,-536870913,-1,-1126176897,-2,-2097185,
$-2097665,-1,-1073741843,2*-1,-257,-261249,-1,-32769,-1,-4194305,2*-1,
$-536871041,-67108865,8191
3 32 NULL
3 33 ->
4 34 190020
4 35 190020
2 36 NULL
2 37 ->
2 38 ->
3 39 [4][3]
$0,3FF,0
$2*0,BFF
$BFF,2*0
$0,BFEC28F5C28F5C28,3FF8
3 88 [1]
4 88 ->
5 89 503
5 90 BFE8
5 91 4
5 92 0
5 93 20
5 94 43
5 95 1
5 96 0
5 98 [1]
6 98 3
5 97 33280
5 102 [1]
6 102 ->
7 103 1
7 104 ->
8 105 -4
8 106 5
8 107 0
3 40 0
3 41 1
3 42 [1]
4 42 
5 43 11
5 44 0
5 45 [4][3]
$0,3FF,0
$2*0,BFF
$BFF,2*0
$0,BFEC28F5C28F5C28,3FF8
2 46 NULL
2 47 43
2 48 -1
2 49 NULL
2 50 NULL
2 108 [1]
3 108 3
2 68 ->
3 69 0
3 70 0
3 71 [2][3]
$BFC5D1745D1745F8,BFFF,C01
$3FFB45D1745D1742,3FFF,3FF8
3 72 0
3 73 NULL
3 74 -1
2 75 -1
2 76 NULL
2 77 0
2 78 ->
3 79 [2]
4 79 ->
5 80 3
5 81 -1
5 82 -1
5 83 -1
4 79 ->
5 80 1
5 81 -1
5 82 0
5 83 4
5 100 [1]
6 100 3
3 84 1
2 85 NULL
2 86 NULL
1 87 ->
2 3 37
2 4 4097
2 5 ->
3 6 -1
3 7 1000
3 8 NULL
3 9 0
3 10 [3]
$3*0
3 11 0
3 12 -1
3 13 -1
3 14 ->
4 15 0
4 16 0
4 17 0
4 18 -1
4 19 -1
4 20 -1
4 21 0
4 22 0
4 23 0
4 24 [2]
$128,0
3 25 0
2 26 -1
2 27 no_name
2 28 1
2 29 ->
3 109 [3]
4 109 
5 110 -1
5 111 -1
4 109 
5 110 -1
5 111 -1
4 109 
5 110 43
5 111 4
3 30 NULL
3 31 [31]
$3*-1,-2049,2*-1,-16777217,3*-1,-536870913,-1,-1126176897,-2,-2097185,
$-2097665,-1,-1073741843,2*-1,-257,-261249,-1,-32769,-1,-4194305,2*-1,
$-536871041,-67108865,8191
3 32 NULL
3 33 ->
4 34 190020
4 35 190020
2 36 NULL
2 37 ->
2 38 ->
3 39 [4][3]
$3FF,2*0
$2*0,3FF
$0,BFF,0
$BFC5D1745D1745F8,BFEC28F5C28F5C28,3FF
3 88 [3]
4 88 ->
5 89 5
5 90 0
5 91 12
5 92 0
5 93 10
5 94 4138
5 95 1
5 96 1
5 98 [1]
6 98 3
5 99 [1]
6 99 37
5 97 512
5 102 [1]
6 102 ->
7 103 1
7 104 ->
8 105 5
8 106 5
8 107 0
4 88 ->
5 89 5
5 90 0
5 91 13
5 92 1
5 93 26
5 94 4134
5 95 1
5 96 1
5 98 [1]
6 98 3
5 99 [1]
6 99 37
5 97 512
5 102 [1]
6 102 ->
7 103 1
7 104 ->
8 105 5
8 106 5
8 107 0
4 88 ->
5 89 26
5 90 0
5 91 14
5 92 2
5 93 43
5 94 2
5 95 0
5 96 1
5 99 [1]
6 99 37
5 97 0
5 102 [1]
6 102 ->
7 103 1
7 104 ->
8 105 5
8 106 5
8 107 0
3 40 0
3 41 0
3 42 [1]
4 42 
5 43 19
5 44 0
5 45 [4][3]
$3FF,2*0
$2*0,3FF
$0,BFF,0
$BFC5D1745D1745F8,BFEC28F5C28F5C28,3FF
2 46 NULL
2 47 -1
2 48 -1
2 49 NULL
2 50 NULL
2 51 ->
3 52 123
3 53 
4 54 2
4 55 SB1<STEP_BLOCK>
4 56 NULL
3 57 1
3 58 -1
3 59 NULL
3 60 
4 61 
5 62 0
5 63 
4 64 
5 65 0
3 66 4
3 67 NULL
2 108 [2]
$3,42
2 68 ->
3 69 0
3 70 0
3 71 [2][3]
$BFC5D1745D1745F8,BFFF,C01
$3FFB45D1745D1742,3FFF,3FF8
3 72 0
3 73 NULL
3 74 -1
2 75 -1
2 76 NULL
2 77 4
2 78 ->
3 79 [7]
4 79 ->
5 80 3
5 81 -1
5 82 -1
5 83 -1
4 79 ->
5 80 1
5 81 -1
5 82 0
5 83 4
5 100 [1]
6 100 3
4 79 ->
5 80 2
5 81 -1
5 82 0
5 83 0
5 100 [1]
6 100 4
4 79 ->
5 80 1
5 81 -1
5 82 1
5 83 4
5 100 [1]
6 100 3
4 79 ->
5 80 2
5 81 -1
5 82 1
5 83 0
5 100 [1]
6 100 4
4 79 ->
5 80 1
5 81 -1
5 82 2
5 83 0
4 79 ->
5 80 2
5 81 -1
5 82 2
5 83 8
5 100 [1]
6 100 4
3 84 3
2 85 NULL
2 86 NULL
1 87 ->
2 3 49
2 4 4097
2 5 ->
3 6 -1
3 7 923
3 8 NULL
3 9 0
3 10 [3]
$259,2*0
3 11 0
3 12 -1
3 13 -1
3 14 ->
4 15 0
4 16 0
4 17 0
4 18 970
4 19 -1
4 20 -1
4 21 0
4 22 0
4 23 0
4 24 [2]
$2*0
3 25 0
2 26 -1
2 27 no_name
2 28 1
2 29 ->
3 101 [1][4]
$50,3*0
3 30 NULL
3 31 [31]
$3*-1,-2049,2*-1,-16777217,3*-1,-536870913,-1,-1126176897,-2,-2097185,
$-2097665,-1,-1073741843,2*-1,-257,-261249,-1,-32769,-1,-4194305,2*-1,
$-536871041,-67108865,8191
3 32 NULL
3 33 ->
4 34 190020
4 35 190020
2 36 NULL
2 37 ->
2 38 ->
3 39 [4][3]
$3FF,2*0
$0,3FF,0
$2*0,3FF
$BFC5D1745D1745F8,BFEC28F5C28F5C28,401C
3 88 [1]
4 88 ->
5 89 503
5 90 4008
5 91 5
5 92 0
5 93 12
5 94 50
5 95 1
5 96 0
5 98 [1]
6 98 37
5 97 33280
5 102 [1]
6 102 ->
7 103 1
7 104 ->
8 105 -4
8 106 5
8 107 0
3 40 0
3 41 1
3 42 [1]
4 42 
5 43 11
5 44 0
5 45 [4][3]
$3FF,2*0
$0,3FF,0
$2*0,3FF
$BFC5D1745D1745F8,BFEC28F5C28F5C28,401C
2 46 NULL
2 47 50
2 48 -1
2 49 NULL
2 50 NULL
2 108 [1]
3 108 37
2 68 ->
3 69 0
3 70 0
3 71 [2][3]
$BFC5D1745D1745F8,BFFF,C01
$3FFB45D1745D1742,3FFF,401
3 72 0
3 73 NULL
3 74 -1
2 75 -1
2 76 NULL
2 77 3
2 78 ->
3 79 [2]
4 79 ->
5 80 3
5 81 -1
5 82 -1
5 83 -1
4 79 ->
5 80 1
5 81 -1
5 82 0
5 83 8
5 100 [1]
6 100 4
3 84 1
2 85 NULL
2 86 NULL
1 87 ->
2 3 55
2 4 4097
2 5 ->
3 6 -1
3 7 923
3 8 NULL
3 9 0
3 10 [3]
$259,2*0
3 11 0
3 12 -1
3 13 -1
3 14 ->
4 15 0
4 16 0
4 17 0
4 18 970
4 19 -1
4 20 -1
4 21 0
4 22 0
4 23 0
4 24 [2]
$2*0
3 25 0
2 26 -1
2 27 no_name
2 28 1
2 29 ->
3 101 [1][4]
$56,3*0
3 30 NULL
3 31 [31]
$3*-1,-2049,2*-1,-16777217,3*-1,-536870913,-1,-1126176897,-2,-2097185,
$-2097665,-1,-1073741843,2*-1,-257,-261249,-1,-32769,-1,-4194305,2*-1,
$-536871041,-67108865,8191
3 32 NULL
3 33 ->
4 34 190020
4 35 190020
2 36 NULL
2 37 ->
2 38 ->
3 39 [4][3]
$0,3FF,0
$2*0,3FF
$3FF,2*0
$0,4018851EB851EB85,BFF8
3 88 [1]
4 88 ->
5 89 503
5 90 4012
5 91 6
5 92 0
5 93 24
5 94 56
5 95 1
5 96 0
5 98 [1]
6 98 3
5 97 33280
5 102 [1]
6 102 ->
7 103 1
7 104 ->
8 105 -4
8 106 5
8 107 0
3 40 0
3 41 1
3 42 [1]
4 42 
5 43 11
5 44 0
5 45 [4][3]
$0,3FF,0
$2*0,3FF
$3FF,2*0
$0,4018851EB851EB85,BFF8
2 46 NULL
2 47 56
2 48 -1
2 49 NULL
2 50 NULL
2 108 [1]
3 108 3
2 68 ->
3 69 0
3 70 0
3 71 [2][3]
$BFC5D1745D1745F8,BFFF,C01
$3FFB45D1745D1742,3FFF,401
3 72 0
3 73 NULL
3 74 -1
2 75 -1
2 76 NULL
2 77 0
2 78 ->
3 79 [2]
4 79 ->
5 80 3
5 81 -1
5 82 -1
5 83 -1
4 79 ->
5 80 1
5 81 -1
5 82 0
5 83 4
5 100 [1]
6 100 3
3 84 1
2 85 NULL
2 86 NULL
1 87 ->
2 3 44
2 4 4097
2 5 ->
3 6 -1
3 7 1000
3 8 NULL
3 9 0
3 10 [3]
$3*0
3 11 0
3 12 -1
3 13 -1
3 14 ->
4 15 0
4 16 0
4 17 0
4 18 -1
4 19 -1
4 20 -1
4 21 0
4 22 0
4 23 0
4 24 [2]
$128,0
3 25 0
2 26 -1
2 27 no_name
2 28 1
2 29 ->
3 109 [6]
4 109 
5 110 -1
5 111 -1
4 109 
5 110 -1
5 111 -1
4 109 
5 110 50
5 111 5
4 109 
5 110 -1
5 111 -1
4 109 
5 110 -1
5 111 -1
4 109 
5 110 56
5 111 6
3 30 NULL
3 31 [31]
$3*-1,-2049,2*-1,-16777217,3*-1,-536870913,-1,-1126176897,-2,-2097185,
$-2097665,-1,-1073741843,2*-1,-257,-261249,-1,-32769,-1,-4194305,2*-1,
$-536871041,-67108865,8191
3 32 NULL
3 33 ->
4 34 190020
4 35 190020
2 36 NULL
2 37 ->
2 38 ->
3 39 [4][3]
$0,3FF,0
$BFF,2*0
$2*0,3FF
$C0015D1745D1746,BFD7AE147AE147B,3FE
3 88 [3]
4 88 ->
5 89 5
5 90 0
5 91 15
5 92 0
5 93 10
5 94 19
5 95 1
5 96 1
5 98 [1]
6 98 37
5 99 [1]
6 99 44
5 97 512
5 102 [1]
6 102 ->
7 103 1
7 104 ->
8 105 5
8 106 5
8 107 0
4 88 ->
5 89 26
5 90 0
5 91 16
5 92 1
5 93 50
5 94 42
5 95 0
5 96 1
5 99 [1]
6 99 44
5 97 0
5 102 [1]
6 102 ->
7 103 1
7 104 ->
8 105 5
8 106 5
8 107 0
4 88 ->
5 89 26
5 90 0
5 91 17
5 92 2
5 93 56
5 94 38
5 95 0
5 96 1
5 99 [1]
6 99 44
5 97 0
5 102 [1]
6 102 ->
7 103 1
7 104 ->
8 105 5
8 106 5
8 107 0
3 40 0
3 41 0
3 42 [1]
4 42 
5 43 19
5 44 0
5 45 [4][3]
$0,3FF,0
$BFF,2*0
$2*0,3FF
$C0015D1745D1746,BFD7AE147AE147B,3FE
2 46 NULL
2 47 -1
2 48 -1
2 49 NULL
2 50 NULL
2 51 ->
3 52 123
3 53 
4 54 2
4 55 BASE
4 56 NULL
3 57 1
3 58 -1
3 59 NULL
3 60 
4 61 
5 62 0
5 63 
4 64 
5 65 0
3 66 5
3 67 NULL
2 108 [3]
$37,49,55
2 68 ->
3 69 0
3 70 0
3 71 [2][3]
$BFC5D1745D1745F8,BFFF,C01
$3FFB45D1745D1742,3FFF,401
3 72 0
3 73 NULL
3 74 -1
2 75 -1
2 76 NULL
2 77 7
2 78 ->
3 79 [7]
4 79 ->
5 80 3
5 81 -1
5 82 -1
5 83 -1
4 79 ->
5 80 1
5 81 -1
5 82 0
5 83 8
5 100 [1]
6 100 4
4 79 ->
5 80 2
5 81 -1
5 82 0
5 83 1
5 100 [1]
6 100 7
4 79 ->
5 80 1
5 81 -1
5 82 1
5 83 3
4 79 ->
5 80 2
5 81 -1
5 82 1
5 83 1
5 100 [1]
6 100 7
4 79 ->
5 80 1
5 81 -1
5 82 2
5 83 0
4 79 ->
5 80 2
5 81 -1
5 82 2
5 83 1
5 100 [1]
6 100 7
3 84 3
2 85 NULL
2 86 NULL
1 87 ->
2 3 71
2 4 4097
2 5 ->
3 6 -1
3 7 923
3 8 NULL
3 9 0
3 10 [3]
$259,2*0
3 11 0
3 12 -1
3 13 -1
3 14 ->
4 15 0
4 16 0
4 17 0
4 18 970
4 19 -1
4 20 -1
4 21 0
4 22 0
4 23 0
4 24 [2]
$2*0
3 25 0
2 26 -1
2 27 no_name
2 28 1
2 29 ->
3 101 [1][4]
$72,3*0
3 30 NULL
3 31 [31]
$3*-1,-2049,2*-1,-16777217,3*-1,-536870913,-1,-1126176897,-2,-2097185,
$-2097665,-1,-1073741843,2*-1,-257,-261249,-1,-32769,-1,-4194305,2*-1,
$-536871041,-67108865,8191
3 32 NULL
3 33 ->
4 34 190020
4 35 190020
2 36 NULL
2 37 ->
2 38 ->
3 39 [4][3]
$BFF,2*0
$0,3FF,0
$2*0,BFF
$3FF5D1745D1745CE,BFEC28F5C28F5C28,400C
3 88 [1]
4 88 ->
5 89 503
5 90 0
5 91 9
5 92 0
5 93 1817
5 94 72
5 95 1
5 96 0
5 98 [1]
6 98 37
5 97 33280
5 102 [1]
6 102 ->
7 103 1
7 104 ->
8 105 -4
8 106 5
8 107 0
3 40 0
3 41 1
3 42 [1]
4 42 
5 43 11
5 44 0
5 45 [4][3]
$BFF,2*0
$0,3FF,0
$2*0,BFF
$3FF5D1745D1745CE,BFEC28F5C28F5C28,400C
2 46 NULL
2 47 72
2 48 -1
2 49 NULL
2 50 NULL
2 108 [1]
3 108 37
2 68 ->
3 69 0
3 70 0
3 71 [2][3]
$C0015D1745D1746,C01B7AE147AE147B,C018
$3FFB45D1745D1742,4018851EB851EB85,401C
3 72 0
3 73 NULL
3 74 -1
2 75 -1
2 76 NULL
2 77 0
2 78 ->
3 79 [2]
4 79 ->
5 80 3
5 81 -1
5 82 -1
5 83 -1
4 79 ->
5 80 1
5 81 -1
5 82 0
5 83 8
5 100 [1]
6 100 4
3 84 1
2 85 NULL
2 86 NULL
1 87 ->
2 3 77
2 4 4097
2 5 ->
3 6 -1
3 7 923
3 8 NULL
3 9 0
3 10 [3]
$259,2*0
3 11 0
3 12 -1
3 13 -1
3 14 ->
4 15 0
4 16 0
4 17 0
4 18 970
4 19 -1
4 20 -1
4 21 0
4 22 0
4 23 0
4 24 [2]
$2*0
3 25 0
2 26 -1
2 27 no_name
2 28 1
2 29 ->
3 101 [1][4]
$78,3*0
3 30 NULL
3 31 [31]
$3*-1,-2049,2*-1,-16777217,3*-1,-536870913,-1,-1126176897,-2,-2097185,
$-2097665,-1,-1073741843,2*-1,-257,-261249,-1,-32769,-1,-4194305,2*-1,
$-536871041,-67108865,8191
3 32 NULL
3 33 ->
4 34 190020
4 35 190020
2 36 NULL
2 37 ->
2 38 ->
3 39 [4][3]
$0,3FF,0
$2*0,BFF
$BFF,2*0
$0,BFF0147AE147AE14,3FF8
3 88 [1]
4 88 ->
5 89 503
5 90 BFE4
5 91 10
5 92 0
5 93 20
5 94 78
5 95 1
5 96 0
5 98 [1]
6 98 3
5 97 33280
5 102 [1]
6 102 ->
7 103 1
7 104 ->
8 105 -4
8 106 5
8 107 0
3 40 0
3 41 1
3 42 [1]
4 42 
5 43 11
5 44 0
5 45 [4][3]
$0,3FF,0
$2*0,BFF
$BFF,2*0
$0,BFF0147AE147AE14,3FF8
2 46 NULL
2 47 78
2 48 -1
2 49 NULL
2 50 NULL
2 108 [1]
3 108 3
2 68 ->
3 69 0
3 70 0
3 71 [2][3]
$C0015D1745D1746,C01B7AE147AE147B,C018
$3FFB45D1745D1742,4018851EB851EB85,401C
3 72 0
3 73 NULL
3 74 -1
2 75 -1
2 76 NULL
2 77 0
2 78 ->
3 79 [2]
4 79 ->
5 80 3
5 81 -1
5 82 -1
5 83 -1
4 79 ->
5 80 1
5 81 -1
5 82 0
5 83 4
5 100 [1]
6 100 3
3 84 1
2 85 NULL
2 86 NULL
1 87 ->
2 3 58
2 4 4097
2 5 ->
3 6 -1
3 7 1000
3 8 NULL
3 9 0
3 10 [3]
$3*0
3 11 0
3 12 -1
3 13 -1
3 14 ->
4 15 0
4 16 0
4 17 0
4 18 -1
4 19 -1
4 20 -1
4 21 0
4 22 0
4 23 0
4 24 [2]
$128,0
3 25 0
2 26 -1
2 27 no_name
2 28 1
2 29 ->
3 109 [10]
4 109 
5 110 -1
5 111 -1
4 109 
5 110 -1
5 111 -1
4 109 
5 110 -1
5 111 -1
4 109 
5 110 -1
5 111 -1
4 109 
5 110 -1
5 111 -1
4 109 
5 110 -1
5 111 -1
4 109 
5 110 72
5 111 9
4 109 
5 110 -1
5 111 -1
4 109 
5 110 -1
5 111 -1
4 109 
5 110 78
5 111 10
3 30 NULL
3 31 [31]
$3*-1,-2049,2*-1,-16777217,3*-1,-536870913,-1,-1126176897,-2,-2097185,
$-2097665,-1,-1073741843,2*-1,-257,-261249,-1,-32769,-1,-4194305,2*-1,
$-536871041,-67108865,8191
3 32 NULL
3 33 ->
4 34 190020
4 35 190020
2 36 NULL
2 37 ->
2 38 ->
3 39 [4][3]
$2*0,BFF
$0,3FF,0
$3FF,2*0
$3FFD9R,BF747AE147AE13,3FF3C
3 88 [3]
4 88 ->
5 89 5
5 90 0
5 91 23
5 92 0
5 93 28
5 94 11
5 95 1
5 96 1
5 98 [1]
6 98 3
5 99 [1]
6 99 58
5 97 512
5 102 [1]
6 102 ->
7 103 1
7 104 ->
8 105 5
8 106 5
8 107 0
4 88 ->
5 89 5
5 90 0
5 91 24
5 92 1
5 93 72
5 94 481
5 95 0
5 96 1
5 99 [1]
6 99 58
5 97 0
5 102 [1]
6 102 ->
7 103 1
7 104 ->
8 105 5
8 106 5
8 107 0
4 88 ->
5 89 26
5 90 0
5 91 25
5 92 2
5 93 78
5 94 22
5 95 0
5 96 1
5 99 [1]
6 99 58
5 97 0
5 102 [1]
6 102 ->
7 103 1
7 104 ->
8 105 5
8 106 5
8 107 0
3 40 0
3 41 0
3 42 [1]
4 42 
5 43 19
5 44 0
5 45 [4][3]
$2*0,BFF
$0,3FF,0
$3FF,2*0
$3FFD9R,BF747AE147AE13,3FF3C
2 46 NULL
2 47 -1
2 48 -1
2 49 NULL
2 50 NULL
2 51 ->
3 52 123
3 53 
4 54 2
4 55 STEP_CLAMP
4 56 NULL
3 57 1
3 58 -1
3 59 NULL
3 60 
4 61 
5 62 0
5 63 
4 64 
5 65 0
3 66 6
3 67 NULL
2 108 [3]
$3,71,77
2 68 ->
3 69 0
3 70 0
3 71 [2][3]
$C0015D1745D1746,C01B7AE147AE147B,C018
$3FFB45D1745D1742,4018851EB851EB85,401C
3 72 0
3 73 NULL
3 74 -1
2 75 -1
2 76 NULL
2 77 4
2 78 ->
3 79 [7]
4 79 ->
5 80 3
5 81 -1
5 82 -1
5 83 -1
4 79 ->
5 80 1
5 81 -1
5 82 0
5 83 4
5 100 [1]
6 100 3
4 79 ->
5 80 2
5 81 -1
5 82 0
5 83 -1
5 100 [1]
6 100 4
4 79 ->
5 80 1
5 81 -1
5 82 1
5 83 0
4 79 ->
5 80 2
5 81 -1
5 82 1
5 83 -1
5 100 [1]
6 100 4
4 79 ->
5 80 1
5 81 -1
5 82 2
5 83 0
4 79 ->
5 80 2
5 81 -1
5 82 2
5 83 -1
5 100 [1]
6 100 4
3 84 3
2 85 NULL
2 86 NULL
1 87 ->
2 3 84
2 4 4097
2 5 ->
3 6 -1
3 7 923
3 8 NULL
3 9 0
3 10 [3]
$259,2*0
3 11 0
3 12 -1
3 13 -1
3 14 ->
4 15 0
4 16 0
4 17 0
4 18 970
4 19 -1
4 20 -1
4 21 0
4 22 0
4 23 0
4 24 [2]
$2*0
3 25 0
2 26 -1
2 27 no_name
2 28 1
2 29 ->
3 101 [1][4]
$85,3*0
3 30 NULL
3 31 [31]
$3*-1,-2049,2*-1,-16777217,3*-1,-536870913,-1,-1126176897,-2,-2097185,
$-2097665,-1,-1073741843,2*-1,-257,-261249,-1,-32769,-1,-4194305,2*-1,
$-536871041,-67108865,8191
3 32 NULL
3 33 ->
4 34 190020
4 35 190020
2 36 NULL
2 37 ->
2 38 ->
3 39 [4][3]
$BFF,2*0
$0,BFF,0
$2*0,3FF
$3FF5D1745D1745CE,3FEC28F5C28F5C2A,C00C
3 88 [1]
4 88 ->
5 89 503
5 90 0
5 91 11
5 92 0
5 93 1817
5 94 85
5 95 1
5 96 0
5 98 [1]
6 98 30
5 97 33280
5 102 [1]
6 102 ->
7 103 1
7 104 ->
8 105 -4
8 106 5
8 107 0
3 40 0
3 41 1
3 42 [1]
4 42 
5 43 11
5 44 0
5 45 [4][3]
$BFF,2*0
$0,BFF,0
$2*0,3FF
$3FF5D1745D1745CE,3FEC28F5C28F5C2A,C00C
2 46 NULL
2 47 85
2 48 -1
2 49 NULL
2 50 NULL
2 108 [1]
3 108 30
2 68 ->
3 69 0
3 70 0
3 71 [2][3]
$C0015D1745D1746,C01B7AE147AE147B,C018
$3FFD9R,4018851EB851EB85,401C
3 72 0
3 73 NULL
3 74 -1
2 75 -1
2 76 NULL
2 77 0
2 78 ->
3 79 [2]
4 79 ->
5 80 3
5 81 -1
5 82 -1
5 83 -1
4 79 ->
5 80 1
5 81 -1
5 82 0
5 83 8
5 100 [1]
6 100 6
3 84 1
2 85 NULL
2 86 NULL
1 87 ->
2 3 90
2 4 4097
2 5 ->
3 6 -1
3 7 923
3 8 NULL
3 9 0
3 10 [3]
$259,2*0
3 11 0
3 12 -1
3 13 -1
3 14 ->
4 15 0
4 16 0
4 17 0
4 18 970
4 19 -1
4 20 -1
4 21 0
4 22 0
4 23 0
4 24 [2]
$2*0
3 25 0
2 26 -1
2 27 no_name
2 28 1
2 29 ->
3 101 [1][4]
$91,3*0
3 30 NULL
3 31 [31]
$3*-1,-2049,2*-1,-16777217,3*-1,-536870913,-1,-1126176897,-2,-2097185,
$-2097665,-1,-1073741843,2*-1,-257,-261249,-1,-32769,-1,-4194305,2*-1,
$-536871041,-67108865,8191
3 32 NULL
3 33 ->
4 34 190020
4 35 190020
2 36 NULL
2 37 ->
2 38 ->
3 39 [4][3]
$0,3FF,0
$2*0,BFF
$BFF,2*0
$0,BFC0A3D70A3D70A,3FF8
3 88 [1]
4 88 ->
5 89 503
5 90 BFF8
5 91 12
5 92 0
5 93 20
5 94 91
5 95 1
5 96 0
5 98 [1]
6 98 3
5 97 33280
5 102 [1]
6 102 ->
7 103 1
7 104 ->
8 105 -4
8 106 5
8 107 0
3 40 0
3 41 1
3 42 [1]
4 42 
5 43 11
5 44 0
5 45 [4][3]
$0,3FF,0
$2*0,BFF
$BFF,2*0
$0,BFC0A3D70A3D70A,3FF8
2 46 NULL
2 47 91
2 48 -1
2 49 NULL
2 50 NULL
2 108 [1]
3 108 3
2 68 ->
3 69 0
3 70 0
3 71 [2][3]
$C0015D1745D1746,C01B7AE147AE147B,C018
$3FFD9R,4018851EB851EB85,401C
3 72 0
3 73 NULL
3 74 -1
2 75 -1
2 76 NULL
2 77 0
2 78 ->
3 79 [2]
4 79 ->
5 80 3
5 81 -1
5 82 -1
5 83 -1
4 79 ->
5 80 1
5 81 -1
5 82 0
5 83 4
5 100 [1]
6 100 3
3 84 1
2 85 NULL
2 86 NULL
1 87 ->
2 3 79
2 4 4097
2 5 ->
3 6 -1
3 7 1000
3 8 NULL
3 9 0
3 10 [3]
$3*0
3 11 0
3 12 -1
3 13 -1
3 14 ->
4 15 0
4 16 0
4 17 0
4 18 -1
4 19 -1
4 20 -1
4 21 0
4 22 0
4 23 0
4 24 [2]
$128,0
3 25 0
2 26 -1
2 27 no_name
2 28 1
2 29 ->
3 109 [3]
4 109 
5 110 85
5 111 11
4 109 
5 110 91
5 111 12
4 109 
5 110 -1
5 111 -1
3 30 NULL
3 31 [31]
$3*-1,-2049,2*-1,-16777217,3*-1,-536870913,-1,-1126176897,-2,-2097185,
$-2097665,-1,-1073741843,2*-1,-257,-261249,-1,-32769,-1,-4194305,2*-1,
$-536871041,-67108865,8191
3 32 NULL
3 33 ->
4 34 190020
4 35 190020
2 36 NULL
2 37 ->
2 38 ->
3 39 [4][3]
$2*0,BFF
$0,BFF,0
$BFF,2*0
$3FFD9R,BFC0A3D70A3D70C6,BFF5
3 88 [3]
4 88 ->
5 89 5
5 90 0
5 91 26
5 92 0
5 93 28
5 94 11
5 95 1
5 96 1
5 98 [1]
6 98 3
5 99 [1]
6 99 79
5 97 512
5 102 [1]
6 102 ->
7 103 1
7 104 ->
8 105 5
8 106 5
8 107 0
4 88 ->
5 89 5
5 90 0
5 91 27
5 92 1
5 93 85
5 94 515
5 95 0
5 96 1
5 99 [1]
6 99 79
5 97 0
5 102 [1]
6 102 ->
7 103 1
7 104 ->
8 105 5
8 106 5
8 107 0
4 88 ->
5 89 26
5 90 0
5 91 28
5 92 2
5 93 91
5 94 26
5 95 0
5 96 1
5 99 [1]
6 99 79
5 97 0
5 102 [1]
6 102 ->
7 103 1
7 104 ->
8 105 5
8 106 5
8 107 0
3 40 0
3 41 0
3 42 [1]
4 42 
5 43 19
5 44 0
5 45 [4][3]
$2*0,BFF
$0,BFF,0
$BFF,2*0
$3FFD9R,BFC0A3D70A3D70C6,BFF5
2 46 NULL
2 47 -1
2 48 -1
2 49 NULL
2 50 NULL
2 51 ->
3 52 123
3 53 
4 54 2
4 55 STEP_CLAMP
4 56 NULL
3 57 1
3 58 -1
3 59 NULL
3 60 
4 61 
5 62 0
5 63 
4 64 
5 65 0
3 66 7
3 67 NULL
2 108 [3]
$3,84,90
2 68 ->
3 69 0
3 70 0
3 71 [2][3]
$C0015D1745D1746,C01B7AE147AE147B,C018
$3FFD9R,4018851EB851EB85,401C
3 72 0
3 73 NULL
3 74 -1
2 75 -1
2 76 NULL
2 77 5
2 78 ->
3 79 [7]
4 79 ->
5 80 3
5 81 -1
5 82 -1
5 83 -1
4 79 ->
5 80 1
5 81 -1
5 82 0
5 83 4
5 100 [1]
6 100 3
4 79 ->
5 80 2
5 81 -1
5 82 0
5 83 -1
5 100 [1]
6 100 5
4 79 ->
5 80 1
5 81 -1
5 82 1
5 83 0
4 79 ->
5 80 2
5 81 -1
5 82 1
5 83 -1
5 100 [1]
6 100 5
4 79 ->
5 80 1
5 81 -1
5 82 2
5 83 0
4 79 ->
5 80 2
5 81 -1
5 82 2
5 83 -1
5 100 [1]
6 100 5
3 84 3
2 85 NULL
2 86 NULL
1 87 ->
2 3 29
2 4 4097
2 5 ->
3 6 -1
3 7 1002
3 8 NULL
3 9 0
3 10 [3]
$3*0
3 11 0
3 12 -1
3 13 -1
3 14 ->
4 15 0
4 16 0
4 17 0
4 18 -1
4 19 -1
4 20 -1
4 21 0
4 22 0
4 23 0
4 24 [2]
$6,0
3 25 0
2 26 -1
2 27 no_name
2 28 1
2 29 ->
3 30 NULL
3 31 [31]
$3*-1,-2049,2*-1,-16777217,3*-1,-536870913,-1,-1126176897,-2,-2097185,
$-2097665,-1,-1073741843,2*-1,-257,-261249,-1,-32769,-1,-4194305,2*-1,
$-536871041,-67108865,8191
3 32 NULL
3 33 ->
4 34 190020
4 35 190020
2 36 NULL
2 37 ->
2 38 ->
3 39 [4][3]
$3FF,2*0
$0,3FF,0
$2*0,3FF
$3*0
3 88 [5]
4 88 ->
5 89 213
5 90 0
5 91 -1
5 92 -1
5 93 30
5 94 -1
5 95 0
5 96 0
5 97 0
4 88 ->
5 89 213
5 90 0
5 91 -1
5 92 -1
5 93 37
5 94 -1
5 95 0
5 96 0
5 97 0
4 88 ->
5 89 213
5 90 0
5 91 -1
5 92 -1
5 93 44
5 94 -1
5 95 0
5 96 0
5 97 0
4 88 ->
5 89 213
5 90 0
5 91 -1
5 92 -1
5 93 58
5 94 -1
5 95 0
5 96 0
5 97 0
4 88 ->
5 89 213
5 90 0
5 91 -1
5 92 -1
5 93 79
5 94 -1
5 95 0
5 96 0
5 97 0
3 40 -1
3 41 0
2 46 NULL
2 47 -1
2 48 -1
2 49 NULL
2 50 NULL
2 108 [5]
$30,37,44,58,79
2 68 ->
3 69 0
3 70 0
3 71 [2][3]
$C0015D1745D1746,C01B7AE147AE147B,C018
$3FFD9R,4018851EB851EB85,401C
3 72 0
3 73 NULL
3 74 -1
2 75 -1
2 76 NULL
2 77 33
2 78 ->
3 84 5
2 85 NULL
2 86 NULL
1 87 NULL
@layer_list 112 0
1 112 [16]
2 112 
@feat_id 113 1
3 113 1
@layer_id 114 1
3 114 0
@back_layer_id 115 1
3 115 0
2 112 
3 113 3
3 114 0
3 115 0
2 112 
3 113 35
3 114 0
3 115 0
2 112 
3 113 30
3 114 0
3 115 0
2 112 
3 113 42
3 114 0
3 115 0
2 112 
3 113 37
3 114 0
3 115 0
2 112 
3 113 49
3 114 0
3 115 0
2 112 
3 113 55
3 114 0
3 115 0
2 112 
3 113 44
3 114 0
3 115 0
2 112 
3 113 71
3 114 0
3 115 0
2 112 
3 113 77
3 114 0
3 115 0
2 112 
3 113 58
3 114 0
3 115 0
2 112 
3 113 84
3 114 0
3 115 0
2 112 
3 113 90
3 114 0
3 115 0
2 112 
3 113 79
3 114 0
3 115 0
2 112 
3 113 29
3 114 0
3 115 0
#FullMData
@Sld_FullData 1 0
0 1 ->
@first_member_ptr 2 0
1 2 NULL
@alumni_members 3 0
1 3 NULL
@ref_part_table 4 0
1 4 [1]
2 4 ->
@name 5 10
3 5 TOOL_MOTIONS
@id 6 1
3 6 0
@type 7 1
3 7 1
@revnum 8 1
3 8 3
@memb_id_tab 9 1
3 9 [1]
4 9 -1992
@dep_id 10 1
3 10 2
@attributes 11 1
3 11 0
@simpl_rep 12 0
3 12 NULL
@first_xsec_ptr 13 0
1 13 NULL
@lang_ptr 14 0
1 14 ->
@interact_on 15 1
2 15 -1
@first_csys_ptr 16 0
1 16 NULL
@offset 17 2
1 17 [29]
$4002869458577925,5*40227E451BB944C3,3*3FE9D894F3B7CF9A,6*3FF0E1C7047B3B51,
$3*40227E451BB944C3,11*3FF5E8ADD236A58F
@dim_array 18 0
1 18 [13]
2 18 NULL
2 18 NULL
2 18 NULL
2 18 ->
@type 19 1
3 19 8
@dim_type 20 1
3 20 204
@feat_id 21 1
3 21 30
@attributes 22 1
3 22 257
@dim_dat_ptr 23 0
3 23 ->
@value 24 2
4 24 BFE8
@bck_value 25 2
4 25 BFE8
@tol_ptr 26 0
4 26 ->
@type 27 1
5 27 9
@tol_type 28 1
5 28 3
@dual_digits_diff 29 1
5 29 999
@value 30 2
5 30 [2]
$2*3F847AE147AE147B
@nominal_value 31 2
4 31 BFE8
@bound 32 1
4 32 20
@bck_bound 33 1
4 33 -1
@bck_tol_ptr 34 0
4 34 ->
@value 35 2
5 35 [2]
$2*3F847AE147AE147B
@datum_def_id 36 1
4 36 -1
@places_denom 37 1
4 37 2
@bck_places_denom 38 1
4 38 2
@dim_data_attrib 39 1
4 39 4
@dim_cosm_ptr 40 0
3 40 ->
@d0 41 2
4 41 0
@d1 42 2
4 42 0
@d2 43 2
4 43 0
@d3 44 2
4 44 0
@ord_info 45 0
4 45 NULL
@attach_ptr 46 0
3 46 NULL
@dim_text_ptr 47 0
3 47 ->
@symbol 48 10
4 48 d3
@parent_dim_id 49 1
3 49 -1
2 18 ->
3 19 8
3 20 204
3 21 37
3 22 257
3 23 ->
4 24 BFE8
4 25 BFE8
4 26 ->
5 27 9
5 28 3
5 29 999
5 30 [2]
$2*3F847AE147AE147B
4 31 BFE8
4 32 20
4 33 -1
4 34 ->
5 35 [2]
$2*3F847AE147AE147B
4 36 -1
4 37 2
4 38 2
4 39 4
3 40 ->
4 41 0
4 42 0
4 43 0
4 44 0
4 45 NULL
3 46 NULL
3 47 ->
4 48 d4
3 49 -1
2 18 ->
3 19 8
3 20 204
3 21 44
3 22 257
3 23 ->
4 24 4008
4 25 4008
4 26 ->
5 27 9
5 28 3
5 29 999
5 30 [2]
$2*3F847AE147AE147B
4 31 4008
4 32 20
4 33 -1
4 34 ->
5 35 [2]
$2*3F847AE147AE147B
4 36 -1
4 37 2
4 38 2
4 39 0
3 40 ->
4 41 0
4 42 0
4 43 0
4 44 0
4 45 NULL
3 46 NULL
3 47 ->
4 48 d5
3 49 -1
2 18 ->
3 19 8
3 20 204
3 21 44
3 22 257
3 23 ->
4 24 4012
4 25 4012
4 26 ->
5 27 9
5 28 3
5 29 999
5 30 [2]
$2*3F847AE147AE147B
4 31 4012
4 32 20
4 33 -1
4 34 ->
5 35 [2]
$2*3F847AE147AE147B
4 36 -1
4 37 2
4 38 2
4 39 0
3 40 ->
4 41 0
4 42 0
4 43 0
4 44 0
4 45 NULL
3 46 NULL
3 47 ->
4 48 d6
3 49 -1
2 18 NULL
2 18 NULL
2 18 ->
3 19 8
3 20 204
3 21 58
3 22 257
3 23 ->
4 24 0
4 25 0
4 26 ->
5 27 9
5 28 3
5 29 999
5 30 [2]
$2*3F847AE147AE147B
4 31 0
4 32 20
4 33 -1
4 34 ->
5 35 [2]
$2*3F847AE147AE147B
4 36 -1
4 37 2
4 38 2
4 39 0
3 40 ->
4 41 0
4 42 0
4 43 0
4 44 0
4 45 NULL
3 46 NULL
3 47 ->
4 48 d9
3 49 -1
2 18 ->
3 19 8
3 20 204
3 21 58
3 22 257
3 23 ->
4 24 BFE4
4 25 BFE4
4 26 ->
5 27 9
5 28 3
5 29 999
5 30 [2]
$2*3F847AE147AE147B
4 31 BFE4
4 32 20
4 33 -1
4 34 ->
5 35 [2]
$2*3F847AE147AE147B
4 36 -1
4 37 3
4 38 3
4 39 4
3 40 ->
4 41 0
4 42 0
4 43 0
4 44 0
4 45 NULL
3 46 NULL
3 47 ->
4 48 d10
3 49 -1
2 18 ->
3 19 8
3 20 204
3 21 79
3 22 257
3 23 ->
4 24 0
4 25 0
4 26 ->
5 27 9
5 28 3
5 29 999
5 30 [2]
$2*3F847AE147AE147B
4 31 0
4 32 20
4 33 -1
4 34 ->
5 35 [2]
$2*3F847AE147AE147B
4 36 -1
4 37 2
4 38 2
4 39 0
3 40 ->
4 41 0
4 42 0
4 43 0
4 44 0
4 45 NULL
3 46 NULL
3 47 ->
4 48 d11
3 49 -1
2 18 ->
3 19 8
3 20 204
3 21 79
3 22 257
3 23 ->
4 24 BFF8
4 25 BFF8
4 26 ->
5 27 9
5 28 3
5 29 999
5 30 [2]
$2*3F847AE147AE147B
4 31 BFF8
4 32 20
4 33 -1
4 34 ->
5 35 [2]
$2*3F847AE147AE147B
4 36 -1
4 37 2
4 38 2
4 39 4
3 40 ->
4 41 0
4 42 0
4 43 0
4 44 0
4 45 NULL
3 46 NULL
3 47 ->
4 48 d12
3 49 -1
@ipar_num 50 1
1 50 0
@smt_info_ptr 51 0
1 51 NULL
@cable_info_ptr 52 0
1 52 ->
@id 53 1
2 53 -1
@type 54 1
2 54 94
@ref_harness_id 55 1
2 55 -1
@cable_assem_id 56 1
2 56 -1
@work_subharn_id 57 1
2 57 -3253
@parent_ext_ref_id 58 1
2 58 -1
@p_frbn_info 59 0
2 59 NULL
@log_info_src_name 60 10
2 60 NULL
@log_info_src_type 61 1
2 61 0
@comp_info_ptr 62 0
1 62 NULL
@prt_misc_ptr 63 0
1 63 ->
@shrink_data_ptr 64 0
2 64 NULL
@expld_mv_info 65 0
1 65 ->
@act_expl_state 66 1
2 66 -1
@default_state 67 0
2 67 ->
@id 68 1
3 68 -1
@type 69 1
3 69 500
@state_type 70 1
3 70 0
@cur_stage_ind 71 1
3 71 -1
@stage_info 72 0
3 72 [1]
4 72 
@unexpl_subass_info 73 0
3 73 ->
@expld_comp_ref 74 0
3 74 ->
@comp_id 75 1
4 75 -1
@gen_info 76 0
3 76 
@font 77 1
4 77 5
@color 78 1
4 78 10
@state_info_ptr 79 0
1 79 NULL
@alumni_feats 80 0
1 80 NULL
@p_mdl_grid 81 0
1 81 NULL
@mdl_status_ptr 82 0
1 82 NULL
@appl_info_arr 83 0
1 83 [3]
2 83 
@id 84 1
3 84 -1
@type 85 1
3 85 14
2 83 
3 84 -1
3 85 13
2 83 
3 84 0
3 85 12
@ribbon_info_ptr 86 0
1 86 NULL
@p_xref_data 87 0
1 87 ->
@first_analysis_feat 88 0
1 88 NULL
#ModelView#0
@View 1 0
0 1 ->
@id 2 1
1 2 0
@viewattr 3 0
1 3 
@attr_arr 4 1
2 4 [4]
$1,3*0
@mpoint 5 0
1 5 
@id 6 1
2 6 0
@coord 7 2
2 7 [3]
$3FA64AD34B4AB5A,BFD7AE147AE147B,3FE
@first_instr_ptr 8 0
2 8 NULL
@attach_ptr 9 0
2 9 NULL
@vpoint 10 0
1 10 
2 6 0
2 7 [3]
$407F4,407A5E,0
2 8 NULL
2 9 NULL
@orient 11 2
1 11 [4][4]
$BFED6349FF154FB,3FD92B0252D7EA8R,BFA69CB16A5CEE38,0
$3FC1F208D24E486F,3FDB5F67E869837A,3FEC93510FBA5F3,0
$3FD7AEF9613699BR,3FEA0B7236FB79B4,BFDCAAB1FB5D9552,0
$3*0,3FF
@local_sys 12 2
1 12 [4][4]
$C0410B7AE616939D,402D31D7E265DD74,BFFA3AD76B38D9D,0
$4014D10BDA0B57C9,402FC08A1A5AC10B,404092DB5A04B5D6,0
$402B79016C334C86,403E36304C0447B4,C030A06A95647A78,0
$407F08AA768B159,4079C01FB376527D,C095F580F87C56A6,3FF
@world_matrix_ptr 13 0
1 13 NULL
@first_instr_ptr 14 0
1 14 ->
@type 15 1
2 15 100
@geom_id 16 1
2 16 -1
@view_id 17 1
2 17 -1
@memb_num 18 1
2 18 0
@offset 19 2
2 19 0
@matrix 20 0
2 20 NULL
@next_instr_ptr 21 0
1 21 ->
2 15 115
2 16 109
2 17 -1
2 18 1
@memb_id_tab 22 1
2 22 [1]
3 22 3
2 19 0
2 20 NULL
1 21 ->
2 15 125
2 16 -1
2 17 -1
2 18 0
2 19 0
2 20 ->
@matrix 23 2
3 23 [4][4]
$BFEF4D927DAFBA5F,3FA1C763FB0ED9B1,BFCA31F1BB71D553,0
$BFC9F2E24C5A7141,BFD7C9B4E55E2E41,3FECFD928E166006,0
$BFA6D6ADBCCB9AF7,3FEDAFCA55F25924,3FD7B8673D09EB5B,0
$3*0,3FF
1 21 NULL
@outer_xsec_index 24 1
1 24 -1
@next_view_id 25 1
1 25 2
@simp_rep_id 26 1
1 26 0
@name 27 10
1 27 no name
@fit_outline 28 2
1 28 [2][3]
$4059,405518,C084BEA0808BF362
$408C2,4087BB,0
@det_info_ptr 29 0
1 29 NULL
@named_view_pzmatr 30 0
1 30 NULL
@page_id 31 1
1 31 0
@model_name 32 10
1 32 NULL
@unrep_model_name 33 10
1 33 NULL
@saved_pro_dls 34 0
1 34 ->
@pro_dls 35 0
2 35 [15]
3 35 
@pro_dl_data 36 0
4 36 ->
@appl_type 37 1
5 37 1
@dl_type 38 1
5 38 5
@dl_id 39 1
5 39 0
@dl_hdr 40 0
5 40 
@disp_list_version 41 1
6 41 0
@visibility 42 1
6 42 33554433
@status_mask 43 1
6 43 3
@creation_scale 44 2
6 44 0
@view_matrix 45 2
6 45 [4][4]
$3FF,3*0
$0,3FF,2*0
$2*0,3FF,0
$3*0,3FF
@outline 46 2
6 46 [2][3]
$C0015D174,C01B7AE14,C018
$3FFD9999A,4018851EC,401C
@dl_block_mem_size 47 0
6 47 
@dl_block_mem_size 48 1
7 48 32768
@list 49 0
6 49 NULL
@token_contents 50 5
6 50 21
@render_attribs 51 5
6 51 1
@wire_colors 52 1
6 52 [4]
$539510063,543581798,543600246,553648127
@children 53 0
6 53 [1]
7 53 
@dl_data 54 0
8 54 
9 36 ->
10 37 46
10 38 5
10 39 1
@o_data 55 0
6 55 
@disp_data 56 0
7 56 NULL
3 35 
4 36 ->
5 37 21
5 38 5
5 39 23
3 35 
4 36 ->
5 37 42
5 38 7
5 39 0
3 35 
4 36 ->
5 37 46
5 38 5
5 39 1
5 40 
6 41 0
6 42 16
6 43 19
6 44 0
6 45 [4][4]
$3FF,3*0
$0,3FF,2*0
$2*0,3FF,0
$3*0,3FF
6 46 [2][3]
$C0015D1745D1746,C01B7AE147AE147B,C018
$3FFD9999A,4018851EC,401C
6 47 
7 48 1024
6 49 NULL
6 50 21
6 51 0
6 52 [4]
$539510063,543581798,543600246,553648127
6 53 [7]
7 53 
8 54 
9 36 ->
10 37 46
10 38 5
10 39 1
@key_list 57 1
10 57 [1]
11 57 1
7 53 
8 54 
9 36 ->
10 37 46
10 38 5
10 39 1
10 57 [1]
11 57 3
7 53 
8 54 
9 36 ->
10 37 46
10 38 5
10 39 1
10 57 [1]
11 57 30
7 53 
8 54 
9 36 ->
10 37 46
10 38 5
10 39 1
10 57 [1]
11 57 37
7 53 
8 54 
9 36 ->
10 37 46
10 38 5
10 39 1
10 57 [1]
11 57 44
7 53 
8 54 
9 36 ->
10 37 46
10 38 5
10 39 1
10 57 [1]
11 57 58
7 53 
8 54 
9 36 ->
10 37 46
10 38 5
10 39 1
10 57 [1]
11 57 79
6 55 
7 56 ->
@model_type 58 1
8 58 1
@generic_name 59 10
8 59 NULL
3 35 
4 36 ->
5 37 46
5 38 5
5 39 1
5 57 [1]
6 57 1
5 40 
6 41 0
6 42 16
6 43 19
6 44 0
6 45 [4][4]
$3FF,3*0
$0,3FF,2*0
$2*0,3FF,0
$3*0,3FF
6 46 [2][3]
$0,BFFF,BFF8
$3FF4,3FFF,3FF8
6 47 
7 48 1024
6 49 NULL
6 50 5
6 51 0
6 52 [2]
$539510063,543600246
6 55 
7 56 ->
8 58 2
@model_name 60 10
8 60 spacer
8 59 NULL
3 35 
4 36 ->
5 37 46
5 38 5
5 39 1
5 57 [1]
6 57 3
5 40 
6 41 0
6 42 16
6 43 19
6 44 0
6 45 [4][4]
$3FF,3*0
$0,3FF,2*0
$2*0,3FF,0
$3*0,3FF
6 46 [2][3]
$0,BFFA147AE,BFF8
$3FF79999A,3FFA147AE,3FF8
6 47 
7 48 1024
6 49 NULL
6 50 5
6 51 0
6 52 [2]
$543581798,553648127
6 55 
7 56 ->
8 58 2
8 60 STOCK
8 59 NULL
3 35 
4 36 ->
5 37 46
5 38 5
5 39 1
5 57 [1]
6 57 30
5 40 
6 41 0
6 42 16
6 43 19
6 44 0
6 45 [4][4]
$3FF,3*0
$2*0,3FF,0
$0,BFF,2*0
$BFC5D1745D1745F8,3FEC28F5C28F5C27,BFF,3FF
6 46 [2][3]
$0,C008,0
$3FFE,BFD,3FEC
6 47 
7 48 1024
6 49 NULL
6 50 5
6 51 0
6 52 [2]
$543581798,553648127
6 55 
7 56 ->
8 58 2
8 60 SB1
8 59 STEP_BLOCK
3 35 
4 36 ->
5 37 46
5 38 5
5 39 1
5 57 [1]
6 57 37
5 40 
6 41 0
6 42 16
6 43 19
6 44 0
6 45 [4][4]
$3FF,3*0
$2*0,BFF,0
$0,3FF,2*0
$BFC5D1745D1745F8,BFEC28F5C28F5C28,2*3FF
6 46 [2][3]
$0,C008,0
$3FFE,BFD,3FEC
6 47 
7 48 1024
6 49 NULL
6 50 5
6 51 0
6 52 [2]
$543581798,553648127
6 55 
7 56 ->
8 58 2
8 60 SB1
8 59 STEP_BLOCK
3 35 
4 36 ->
5 37 46
5 38 5
5 39 1
5 57 [1]
6 57 44
5 40 
6 41 0
6 42 16
6 43 19
6 44 0
6 45 [4][4]
$0,BFF,2*0
$3FF,3*0
$2*0,3FF,0
$C0015D1745D1746,BFD7AE147AE147B,3FE,3FF
6 46 [2][3]
$C01A,0,C01A
$401A,4,401A
6 47 
7 48 1024
6 49 NULL
6 50 5
6 51 0
6 52 [2]
$543581798,553648127
6 55 
7 56 ->
8 58 2
8 60 base
8 59 NULL
3 35 
4 36 ->
5 37 46
5 38 5
5 39 1
5 57 [1]
6 57 58
5 40 
6 41 0
6 42 16
6 43 19
6 44 0
6 45 [4][4]
$2*0,3FF,0
$0,3FF,2*0
$BFF,3*0
$3FFD9R,BF747AE147AE13,3FF3C,3FF
6 46 [2][3]
$0,BFF,0
$4004,0,3FE
6 47 
7 48 1024
6 49 NULL
6 50 5
6 51 0
6 52 [2]
$543581798,553648127
6 55 
7 56 ->
8 58 2
8 60 step_clamp
8 59 NULL
3 35 
4 36 ->
5 37 46
5 38 5
5 39 1
5 57 [1]
6 57 79
5 40 
6 41 0
6 42 16
6 43 19
6 44 0
6 45 [4][4]
$2*0,BFF,0
$0,BFF,2*0
$BFF,3*0
$3FFD9R,BFC0A3D70A3D70C6,BFF5,3FF
6 46 [2][3]
$0,BFF,0
$4004,0,3FE
6 47 
7 48 1024
6 49 NULL
6 50 5
6 51 0
6 52 [2]
$543581798,553648127
6 55 
7 56 ->
8 58 2
8 60 step_clamp
8 59 NULL
3 35 
4 36 ->
5 37 47
5 38 7
5 39 0
3 35 
4 36 ->
5 37 48
5 38 8
5 39 0
3 35 
4 36 ->
5 37 49
5 38 7
5 39 0
3 35 
4 36 ->
5 37 64
5 38 7
5 39 0
@explode_state 61 0
1 61 NULL
#ModelView#2
@View 1 0
0 1 ->
@id 2 1
1 2 2
@viewattr 3 0
1 3 
@attr_arr 4 1
2 4 [4]
$1,3*0
@mpoint 5 0
1 5 
@id 6 1
2 6 0
@coord 7 2
2 7 [3]
$BFCA6D4B2D2D5298,BFD7AE147AE147B,3FE
@first_instr_ptr 8 0
2 8 NULL
@attach_ptr 9 0
2 9 NULL
@vpoint 10 0
1 10 
2 6 0
2 7 [3]
$407F4,407A5E,0
2 8 NULL
2 9 NULL
@orient 11 2
1 11 [4][4]
$BFBC2B0384FACF34,3FEBAB072670382C,3FDF5FB6449D2C56,0
$3FE4740982643984,BFD43BD77B5F2A1B,3FE66F43C09D88D8,0
$3FE85B68299977E9,3FD8FD77032CC57F,BFE0923FB7D5C6F4,0
$3*0,3FF
@local_sys 12 2
1 12 [4][4]
$C01009AED152BCDA,403F81A002978A7F,4031DCF53A03339,0
$40374A68CE6FBE01,C0270A6B11AEB7DA,40398C00994E0CE7,0
$403BBC6AD2C68E28,402C74F4F5D4BBE9,C032DEC1DEFD4081,0
$407EDEBF7B688905,407A100C90FEDA5R,C0956403FE52672A,3FF
@world_matrix_ptr 13 0
1 13 ->
@world_matrix 14 2
2 14 [4][4]
$C01009AED152BCDA,403F81A002978A7F,4031DCF53A03339,0
$40374A68CE6FBE01,C0270A6B11AEB7DA,40398C00994E0CE7,0
$403BBC6AD2C68E28,402C74F4F5D4BBE9,C032DEC1DEFD4081,0
$407EDEBF7B688905,407A100C90FEDA5R,403693506B66359,3FF
@first_instr_ptr 15 0
1 15 ->
@type 16 1
2 16 100
@geom_id 17 1
2 17 -1
@view_id 18 1
2 18 -1
@memb_num 19 1
2 19 0
@offset 20 2
2 20 0
@matrix 21 0
2 21 NULL
@next_instr_ptr 22 0
1 22 ->
2 16 301
2 17 -1
2 18 -1
2 19 0
2 20 404238384E7CE4D
2 21 NULL
1 22 ->
2 16 125
2 17 -1
2 18 -1
2 19 0
2 20 0
2 21 ->
@matrix 23 2
3 23 [4][4]
$BFDEC1A1894A579E,3FE98BA12FF0594D,3FD73BA2AE0B86C4,0
$BFC9765B42969202,BFE01392E6583239,3FEAED23666B159F,0
$3FEB54C50EB12E1E,3FD5421E09B3941A,3FD99D69C26BBE12,0
$3*0,3FF
1 22 NULL
@outer_xsec_index 24 1
1 24 -1
@next_view_id 25 1
1 25 4
@simp_rep_id 26 1
1 26 0
@name 27 10
1 27 MFG
@fit_outline 28 2
1 28 [2][3]
$4059,405518,C08498D749D6377
$408C2,4087BB,0
@det_info_ptr 29 0
1 29 NULL
@named_view_pzmatr 30 0
1 30 ->
2 23 [4][4]
$40030E5732CE87A,3*0
$0,40030E5732CE87A,2*0
$2*0,40030E5732CE87A,0
$C085318146794E3,C083D93F704E40F6,0,3FF
@page_id 31 1
1 31 0
@model_name 32 10
1 32 NULL
@unrep_model_name 33 10
1 33 NULL
@saved_pro_dls 34 0
1 34 ->
@explode_state 35 0
1 35 NULL
#ModelView#4
@View 1 0
0 1 ->
@id 2 1
1 2 4
@viewattr 3 0
1 3 
@attr_arr 4 1
2 4 [4]
$1,3*0
@mpoint 5 0
1 5 
@id 6 1
2 6 0
@coord 7 2
2 7 [3]
$3FE93205D40E8C2D,2*0
@first_instr_ptr 8 0
2 8 NULL
@attach_ptr 9 0
2 9 NULL
@vpoint 10 0
1 10 
2 6 0
2 7 [3]
$407F4,407A5E,0
2 8 NULL
2 9 NULL
@orient 11 2
1 11 [4][4]
$0,3FF,2*0
$BFF,3*0
$2*0,3FF,0
$3*0,3FF
@local_sys 12 2
1 12 [4][4]
$0,4061784257838942,2*0
$C061784257838942,3*0
$2*0,4061784257838942,0
$407F4,40737D5E8AB4BC75,C096D7FE,3FF
@world_matrix_ptr 13 0
1 13 ->
@world_matrix 14 2
2 14 [4][4]
$0,4061784257838942,2*0
$C061784257838942,3*0
$2*0,4061784257838942,0
$407F4,40737D5E8AB4BC75,0,3FF
@first_instr_ptr 15 0
1 15 ->
@type 16 1
2 16 100
@geom_id 17 1
2 17 -1
@view_id 18 1
2 18 -1
@memb_num 19 1
2 19 0
@offset 20 2
2 20 0
@matrix 21 0
2 21 NULL
@next_instr_ptr 22 0
1 22 ->
2 16 301
2 17 -1
2 18 -1
2 19 0
2 20 4061784257838942
2 21 NULL
1 22 ->
2 16 125
2 17 -1
2 18 -1
2 19 0
2 20 0
2 21 ->
@matrix 23 2
3 23 [4][4]
$3FC4005425588682,3FEDF5F700795EE1,3FD4225FBDF62434,0
$BFD4F6F7C02BDDD5,3FD65FFB53AA06A2,BFEC16A463D38DEC,0
$BFEDD16CA4898219,3FA1764286826EE4,3FD720032C2DA04D,0
$3*0,3FF
1 22 ->
2 16 201
2 17 156
2 18 -1
2 19 1
@memb_id_tab 24 1
2 24 [1]
3 24 1
2 20 0
2 21 NULL
1 22 ->
2 16 202
2 17 28
2 18 -1
2 19 1
2 24 [1]
3 24 3
2 20 0
2 21 NULL
1 22 NULL
@outer_xsec_index 25 1
1 25 -1
@next_view_id 26 1
1 26 5
@simp_rep_id 27 1
1 27 0
@name 28 10
1 28 SIDE
@fit_outline 29 2
1 29 [2][3]
$4059,405518,C07AA57B06EAB4F
$408C2,4087BB,0
@det_info_ptr 30 0
1 30 NULL
@named_view_pzmatr 31 0
1 31 ->
2 23 [4][4]
$3FEDFBFABD13F376,3*0
$0,3FEDFBFABD13F376,2*0
$2*0,3FEDFBFABD13F376,0
$402402C98AE7A97F,C056DD07BFB057F8,0,3FF
@page_id 32 1
1 32 0
@model_name 33 10
1 33 NULL
@unrep_model_name 34 10
1 34 NULL
@saved_pro_dls 35 0
1 35 ->
@explode_state 36 0
1 36 NULL
#ModelView#5
@View 1 0
0 1 ->
@id 2 1
1 2 5
@viewattr 3 0
1 3 
@attr_arr 4 1
2 4 [4]
$1,3*0
@mpoint 5 0
1 5 
@id 6 1
2 6 0
@coord 7 2
2 7 [3]
$BFD8E6DAC8756A14,BFEBD70A3D70A3D8,BFD
@first_instr_ptr 8 0
2 8 NULL
@attach_ptr 9 0
2 9 NULL
@vpoint 10 0
1 10 
2 6 0
2 7 [3]
$407F4,407A5E,0
2 8 NULL
2 9 NULL
@orient 11 2
1 11 [4][4]
$2*0,3FF,0
$BFF,3*0
$0,BFF,2*0
$3*0,3FF
@local_sys 12 2
1 12 [4][4]
$0,3CEC77D7FAA32585,404238384E7CE4D7,0
$C04238384E7CE4D,3*0
$0,C04238384E7CE4D7,3CEC77D7FAA32585,0
$407D44C41DDD4C3C,4079CC3E3D8C18D9,C0957D46D47D3189,3FF
@world_matrix_ptr 13 0
1 13 ->
@world_matrix 14 2
2 14 [4][4]
$0,3CEC77D7FAA32585,404238384E7CE4D7,0
$C04238384E7CE4D,3*0
$0,C04238384E7CE4D7,3CEC77D7FAA32585,0
$407D44C41DDD4C3C,4079CC3E3D8C18D9,402C5B35C1673BBE,3FF
@first_instr_ptr 15 0
1 15 ->
@type 16 1
2 16 100
@geom_id 17 1
2 17 -1
@view_id 18 1
2 18 -1
@memb_num 19 1
2 19 0
@offset 20 2
2 20 0
@matrix 21 0
2 21 NULL
@next_instr_ptr 22 0
1 22 ->
2 16 301
2 17 -1
2 18 -1
2 19 0
2 20 404238384E7CE4D
2 21 NULL
1 22 ->
2 16 125
2 17 -1
2 18 -1
2 19 0
2 20 0
2 21 ->
@matrix 23 2
3 23 [4][4]
$3FC4005425588682,3FEDF5F700795EE1,3FD4225FBDF62434,0
$BFD4F6F7C02BDDD5,3FD65FFB53AA06A2,BFEC16A463D38DEC,0
$BFEDD16CA4898219,3FA1764286826EE4,3FD720032C2DA04D,0
$3*0,3FF
1 22 ->
2 16 201
2 17 156
2 18 -1
2 19 1
@memb_id_tab 24 1
2 24 [1]
3 24 1
2 20 0
2 21 NULL
1 22 ->
2 16 202
2 17 28
2 18 -1
2 19 1
2 24 [1]
3 24 3
2 20 0
2 21 NULL
1 22 ->
2 16 125
2 17 -1
2 18 -1
2 19 0
2 20 0
2 21 ->
3 23 [4][4]
$3FF,3*0
$2*0,3FF,0
$0,BFF,2*0
$3*0,3FF
1 22 NULL
@outer_xsec_index 25 1
1 25 -1
@next_view_id 26 1
1 26 -2
@simp_rep_id 27 1
1 27 0
@name 28 10
1 28 TOP
@fit_outline 29 2
1 29 [2][3]
$4059,405518,C0621EC6F6F73828
$408C2,4087BB,0
@det_info_ptr 30 0
1 30 NULL
@named_view_pzmatr 31 0
1 31 ->
2 23 [4][4]
$3FEDFBFABD13F376,3*0
$0,3FEDFBFABD13F376,2*0
$2*0,3FEDFBFABD13F376,0
$402402C98AE7A97F,C056DD07BFB057F8,0,3FF
@page_id 32 1
1 32 0
@model_name 33 10
1 33 NULL
@unrep_model_name 34 10
1 34 NULL
@saved_pro_dls 35 0
1 35 ->
@explode_state 36 0
1 36 NULL
#DispDataColor
@ref_color_table 1 0
0 1 
@ref_color_arr 2 0
1 2 [5]
2 2 
@maximum 3 2
3 3 [3]
$3*3FF
@ambient 4 2
3 4 3FECR
@diffuse 5 2
3 5 3FECR
@specular 6 2
3 6 3FE9R
@spec_coef 7 2
3 7 3FE
@transmission 8 2
3 8 0
@threshold 9 1
3 9 90
@gl_ind 10 1
3 10 0
@highlight 11 2
3 11 [3]
$3*3FF
@reflection 12 2
3 12 3FD
@bump_height 13 2
3 13 3FE
@bump 14 3
3 14 NULL
@decal_intensity 15 2
3 15 3FF
@decal 16 3
3 16 NULL
@texture 17 3
3 17 NULL
2 2 
3 3 [3]
$0,3FF,0
3 4 3FECR
3 5 3FECR
3 6 3FE9R
3 7 3FE
3 8 0
3 9 90
3 10 18
3 11 [3]
$3*3FF
3 12 3FD
3 13 3FE
3 14 NULL
3 15 3FF
3 16 NULL
3 17 NULL
2 2 
3 3 [3]
$3FCEB851EB851EB8,3FD0A3D70A3D70A4,3FDA3D70A3D70A3D
3 4 3FECR
3 5 3FECR
3 6 3FE9R
3 7 3FE
3 8 0
3 9 90
3 10 19
3 11 [3]
$3*3FF
3 12 3FECR
3 13 3FF
3 14 NULL
3 15 4059
3 16 NULL
3 17 NULL
2 2 
3 3 [3]
$2*3FE28F5C28F5C28F,3FE23D70A3D70A3D
3 4 3FECR
3 5 3FECR
3 6 3FE9R
3 7 3FE
3 8 0
3 9 90
3 10 20
3 11 [3]
$3*3FF
3 12 3FECR
3 13 3FF
3 14 NULL
3 15 4059
3 16 NULL
3 17 NULL
2 2 
3 3 [3]
$3FD9A9FBE76C8B4R,3FE5DB22D0E56042,3FDDD2F1A9FBE76D
3 4 3FECR
3 5 3FECR
3 6 3FE9R
3 7 3FE
3 8 0
3 9 90
3 10 1
3 11 [3]
$3*3FF
3 12 3FECR
3 13 3FF
3 14 NULL
3 15 4059
3 16 NULL
3 17 NULL
#DispDataTable
@disp_data_table 1 0
0 1 
@disp_data_arr 2 0
1 2 [1]
2 2 
@disp_data 3 0
3 3 ->
@wire 4 0
4 4 
@disp_list_version 5 1
5 5 259
@visibility 6 1
5 6 16
@status_mask 7 1
5 7 3
@creation_scale 8 2
5 8 0
@view_matrix 9 2
5 9 [4][4]
$3FF,3*0
$0,3FF,2*0
$2*0,3FF,0
$3*0,3FF
@outline 10 2
5 10 [2][3]
$3*41CDCD64FR
$3*C1CDCD64FR
@dl_block_mem_size 11 0
5 11 
@dl_block_mem_size 12 1
6 12 32768
@list 13 0
5 13 NULL
@token_contents 14 5
5 14 0
@render_attribs 15 5
5 15 0
@part_color 16 1
4 16 -1
@color_prop_ptr 17 0
4 17 ->
@color_refs 18 0
5 18 [4]
6 18 
@ref_color 19 0
7 19 ->
@maximum 20 2
8 20 [3]
$3*3FF
@ambient 21 2
8 21 3FECR
@diffuse 22 2
8 22 3FECR
@specular 23 2
8 23 3FE9R
@spec_coef 24 2
8 24 3FE
@transmission 25 2
8 25 0
@threshold 26 1
8 26 90
@gl_ind 27 1
8 27 0
@highlight 28 2
8 28 [3]
$3*3FF
@reflection 29 2
8 29 3FD
@bump_height 30 2
8 30 3FE
@bump 31 3
8 31 NULL
@decal_intensity 32 2
8 32 3FF
@decal 33 3
8 33 NULL
@texture 34 3
8 34 NULL
6 18 
7 19 ->
8 20 [3]
$0,3FF,0
8 21 3FECR
8 22 3FECR
8 23 3FE9R
8 24 3FE
8 25 0
8 26 90
8 27 18
8 28 [3]
$3*3FF
8 29 3FD
8 30 3FE
8 31 NULL
8 32 3FF
8 33 NULL
8 34 NULL
6 18 
7 19 ->
8 20 [3]
$3FCEB851EB851EB8,3FD0A3D70A3D70A4,3FDA3D70A3D70A3D
8 21 3FECR
8 22 3FECR
8 23 3FE9R
8 24 3FE
8 25 0
8 26 90
8 27 19
8 28 [3]
$3*3FF
8 29 3FECR
8 30 3FF
8 31 NULL
8 32 4059
8 33 NULL
8 34 NULL
6 18 
7 19 ->
8 20 [3]
$2*3FE28F5C28F5C28F,3FE23D70A3D70A3D
8 21 3FECR
8 22 3FECR
8 23 3FE9R
8 24 3FE
8 25 0
8 26 90
8 27 20
8 28 [3]
$3*3FF
8 29 3FECR
8 30 3FF
8 31 NULL
8 32 4059
8 33 NULL
8 34 NULL
@surf_ind_tab 35 0
5 35 [9]
6 35 
@surf_id 36 1
7 36 1
@surf_color_inds 37 1
7 37 [2]
$0,-1
@surf_pl 38 0
7 38 [2]
8 38 
@placement_ptr 39 0
9 39 NULL
8 38 
9 39 NULL
6 35 
7 36 30
7 37 [2]
$2,-1
7 38 [2]
8 38 
9 39 NULL
8 38 
9 39 NULL
6 35 
7 36 8
7 37 [2]
$0,-1
7 38 [2]
8 38 
9 39 NULL
8 38 
9 39 NULL
6 35 
7 36 22
7 37 [2]
$0,-1
7 38 [2]
8 38 
9 39 NULL
8 38 
9 39 NULL
6 35 
7 36 3
7 37 [2]
$1,-1
7 38 [2]
8 38 
9 39 NULL
8 38 
9 39 NULL
6 35 
7 36 79
7 37 [2]
$2,-1
7 38 [2]
8 38 
9 39 NULL
8 38 
9 39 NULL
6 35 
7 36 58
7 37 [2]
$2,-1
7 38 [2]
8 38 
9 39 NULL
8 38 
9 39 NULL
6 35 
7 36 37
7 37 [2]
$2,-1
7 38 [2]
8 38 
9 39 NULL
8 38 
9 39 NULL
6 35 
7 36 44
7 37 [2]
$3,-1
7 38 [2]
8 38 
9 39 NULL
8 38 
9 39 NULL
@model_type 40 1
4 40 1
@flags 41 1
4 41 0
@generic_name 42 10
4 42 NULL
@label 43 10
4 43 NULL
@components 44 0
4 44 
@comp_arr 45 0
5 45 [7]
6 45 
@comp 46 0
7 46 ->
@id 47 1
8 47 1
@type 48 1
8 48 -1
@memb2model 49 2
8 49 [4][3]
$3FF,2*0
$0,3FF,0
$2*0,3FF
$3*0
@solid_dd 50 0
8 50 ->
9 16 4
9 40 2
9 41 2
@model_name 51 10
9 51 spacer
9 42 NULL
9 43 NULL
6 45 
7 46 ->
8 47 3
8 48 -1
8 49 [4][3]
$3FF,2*0
$0,3FF,0
$2*0,3FF
$3*0
8 50 ->
9 16 -1
9 40 2
9 41 2
9 51 STOCK
9 42 NULL
9 43 NULL
6 45 
7 46 ->
8 47 30
8 48 -1
8 49 [4][3]
$3FF,2*0
$2*0,BFF
$0,3FF,0
$BFC5D1745D1745F8,3FEC28F5C28F5C27,BFF
8 50 ->
9 4 
10 5 2198
10 6 16
10 7 3
10 8 0
10 9 [4][4]
$3FF,3*0
$0,3FF,2*0
$2*0,3FF,0
$3*0,3FF
10 10 [2][3]
$0,C008,0
$3FFE,BFD,3FEC
10 11 
11 12 32768
10 13 ->
@ptr 52 0
11 52 [4]
12 52 
@data(dl_gc) 53 0
13 53 ->
@header 54 0
14 54 
@header 55 0
15 55 
@type 56 5
16 56 53
@count 57 5
16 57 1
@size 58 1
16 58 36
@int_data 59 1
14 59 [5]
$2*2,0,1,0
@linewidth 60 6
14 60 0
12 52 
@data(dl_header) 61 0
13 61 ->
14 55 
15 56 1024
15 57 1756
15 58 12
12 52 
@data(dl_multi_line) 62 0
13 62 ->
@dl_multi_line 63 0
14 63 
@dl_header 64 0
15 64 
16 55 
17 56 26
17 57 144
17 58 1756
@midpnt 65 6
15 65 [4]
$3FDC412,3F7,BFD,3EE
@points 66 6
15 66 [432]
$0,BE8,0,3E2E8BA3,BE8,2*0,BE8,2*0,C04,2*0,C04,0,3FF,C04,0,3FF,C04,0,3FF,
$C03,0,3FF,C03,0,3FDA2E8C,C03,0,3FDA2E8C,C02,0,3FDA2E8C,C03,0,3FC45D17,C02,0,
$3FDA2E8C,C02,0,3FC45D17,C01,0,3FC45D17,C02,0,3FAE8BA3,C01,0,3FC45D17,C01,0,
$3FAE8BA3,C,0,3FAE8BA3,C01,0,3F98BA2F,C,0,3FAE8BA3,C,0,3F98BA2F,BFE,0,
$3F98BA2F,C,0,3F82E8BA,BFE,0,3F98BA2F,BFE,0,3F82E8BA,BFC,0,3F82E8BA,BFE,0,
$3F5A2E8C,BFC,0,3F82E8BA,BFC,0,3F5A2E8C,BFA,0,3F5A2E8C,BFC,0,3F2E8BA3,BFA,0,
$3F5A2E8C,BFA,0,3F2E8BA3,BF8,0,3F2E8BA3,BFA,0,3F02E8BA,BF8,0,3F2E8BA3,BF8,0,
$3F02E8BA,BF4,0,3F02E8BA,BF8,0,3EAE8BA3,BF4,0,3F02E8BA,BF4,0,3EAE8BA3,BF,0,
$3EAE8BA3,BF4,0,3E2E8BA3,BF,0,3EAE8BA3,BF,0,3E2E8BA3,BE8,0,3E2E8BA3,BF,2*0,
$BE8,3F6,3E2E8BA3,BE8,3F6,3E2E8BA3,BE8,3F6,3E2E8BA3,BF,3F6,3E2E8BA3,BF,3F6,
$3EAE8BA3,BF,3F6,3EAE8BA3,BF,3F6,3EAE8BA3,BF4,3F6,3EAE8BA3,BF4,3F6,3F02E8BA,
$BF4,3F6,3F02E8BA,BF4,3F6,3F02E8BA,BF8,3F6,3F02E8BA,BF8,3F6,3F2E8BA3,BF8,3F6,
$3F2E8BA3,BF8,3F6,3F2E8BA3,BFA,3F6,3F2E8BA3,BFA,3F6,3F5A2E8C,BFA,3F6,
$3F5A2E8C,BFA,3F6,3F5A2E8C,BFC,3F6,3F5A2E8C,BFC,3F6,3F82E8BA,BFC,3F6,
$3F82E8BA,BFC,3F6,3F82E8BA,BFE,3F6,3F82E8BA,BFE,3F6,3F98BA2F,BFE,3F6,
$3F98BA2F,BFE,3F6,3F98BA2F,C,3F6,3F98BA2F,C,3F6,3FAE8BA3,C,3F6,3FAE8BA3,C,
$3F6,3FAE8BA3,C01,3F6,3FAE8BA3,C01,3F6,3FC45D17,C01,3F6,3FC45D17,C01,3F6,
$3FC45D17,C02,3F6,3FC45D17,C02,3F6,3FDA2E8C,C02,3F6,3FDA2E8C,C02,3F6,
$3FDA2E8C,C03,3F6,3FF,C03,3F6,3FDA2E8C,C03,3F6,3FF,C04,3F6,3FF,C03,3F6,0,C04,
$3F6,3FF,C04,3F6,0,BE8,3F6,0,C04,3F6,0,BE8,2*0,BE8,3F6,0,C04,2*0,C04,3F6,3FF,
$C03,0,3FF,C03,3F6,3FF,C04,0,3FF,C04,3F6,3FDA2E8C,C03,0,3FDA2E8C,C03,3F6,
$3FDA2E8C,C02,0,3FDA2E8C,C02,3F6,3FC45D17,C02,0,3FC45D17,C02,3F6,3FC45D17,
$C01,0,3FC45D17,C01,3F6,3FAE8BA3,C01,0,3FAE8BA3,C01,3F6,3FAE8BA3,C,0,
$3FAE8BA3,C,3F6,3F98BA2F,C,0,3F98BA2F,C,3F6,3F98BA2F,BFE,0,3F98BA2F,BFE,3F6,
$3F82E8BA,BFE,0,3F82E8BA,BFE,3F6,3F82E8BA,BFC,0,3F82E8BA,BFC,3F6,3F5A2E8C,
$BFC,0,3F5A2E8C,BFC,3F6,3F5A2E8C,BFA,0,3F5A2E8C,BFA,3F6,3F2E8BA3,BFA,0,
$3F2E8BA3,BFA,3F6,3F2E8BA3,BF8,0,3F2E8BA3,BF8,3F6,3F02E8BA,BF8,0,3F02E8BA,
$BF8,3F6,3F02E8BA,BF4,0,3F02E8BA,BF4,3F6,3EAE8BA3,BF4,0,3EAE8BA3,BF4,3F6,
$3EAE8BA3,BF,0,3EAE8BA3,BF,3F6,3E2E8BA3,BF,0,3E2E8BA3,BF,3F6,3E2E8BA3,BE8,0,
$3E2E8BA3,BE8,3F6
12 52 
13 61 ->
14 55 
15 56 0
15 57 0
15 58 0
10 14 2
10 15 0
9 16 -1
9 17 NULL
9 40 2
9 41 4
9 51 SB1
9 42 STEP_BLOCK
9 43 NULL
9 44 
6 45 
7 46 ->
8 47 37
8 48 -1
8 49 [4][3]
$3FF,2*0
$2*0,3FF
$0,BFF,0
$BFC5D1745D1745F8,BFEC28F5C28F5C28,3FF
8 50 ->
9 16 -1
9 40 2
9 41 6
9 51 SB1
9 42 STEP_BLOCK
9 43 NULL
6 45 
7 46 ->
8 47 44
8 48 -1
8 49 [4][3]
$0,3FF,0
$BFF,2*0
$2*0,3FF
$C0015D1745D1746,BFD7AE147AE147B,3FE
8 50 ->
9 16 -1
9 40 2
9 41 2
9 51 base
9 42 NULL
9 43 NULL
6 45 
7 46 ->
8 47 58
8 48 -1
8 49 [4][3]
$2*0,BFF
$0,3FF,0
$3FF,2*0
$3FFD9R,BF747AE147AE13,3FF3C
8 50 ->
9 16 -1
9 40 2
9 41 2
9 51 step_clamp
9 42 NULL
9 43 NULL
6 45 
7 46 ->
8 47 79
8 48 -1
8 49 [4][3]
$2*0,BFF
$0,BFF,0
$BFF,2*0
$3FFD9R,BFC0A3D70A3D70C6,BFF5
8 50 ->
9 16 -1
9 40 2
9 41 2
9 51 step_clamp
9 42 NULL
9 43 NULL
#AssMrgPrt
@assem_merge_parts 1 0
0 1 ->
#END_OF_UGC
