#UGC:2 ASSEMBLY 982 420 -1 1 1 15 1900 9734 00000d71 \
#- VERS 0 0                                                          \
#- HOST                                                              \
#- LINK                                                              \
#- DBID                                                              \
#- REVS 0,                                                           \
#- RELL 0,                                                           \
#- UOBJ_ID 859409262 37971164 1762160471                             \
#- MACH SGI_IRIX_5.3_11091812                                        \
#-END_OF_UGC_HEADER
#P_OBJECT 6
@P_object 1 0
0 1 ->
@depend 2 0
1 2 [5]
2 2 
@model_name 3 10
3 3 TURN
@model_type 4 1
3 4 37
@revnum 5 1
3 5 151
@bom_count 6 1
3 6 1
@dep_type 7 1
3 7 64
@stamp 8 0
3 8 
@major_vers 9 0
4 9 
@vers 10 1
5 10 0
@alias_name 11 10
5 11 
@minor_vers 12 0
4 12 
@vers 13 1
5 13 0
@reason 14 10
3 14 
2 2 
3 3 750_STK
3 4 2
3 5 19299
3 6 1
3 7 10
3 8 
4 9 
5 10 0
5 11 
4 12 
5 13 0
3 14 
@comp_ids 15 1
3 15 [1]
4 15 2
2 2 
3 3 FT_FITTING
3 4 2
3 5 4854
3 6 1
3 7 10
3 8 
4 9 
5 10 0
5 11 
4 12 
5 13 0
3 14 
3 15 [1]
4 15 1
2 2 
3 3 HCH6<HCH>
3 4 2
3 5 -1
3 6 1
3 7 2
3 8 
4 9 
5 10 0
5 11 
4 12 
5 13 0
3 14 
3 15 [1]
4 15 21
2 2 
3 3 HMJ6<HMJ>
3 4 2
3 5 -1
3 6 4
3 7 2
3 8 
4 9 
5 10 0
5 11 
4 12 
5 13 0
3 14 
3 15 [4]
$27,28,29,30
@dep_db 16 0
1 16 ->
@dep_db 17 0
2 17 [10]
3 17 ->
@to_model_id 18 1
4 18 0
@dep_type 19 1
4 19 2
@obj_id 20 1
4 20 1
@obj_type 21 1
4 21 3
3 17 ->
4 18 1
4 19 2
4 20 2
4 21 3
3 17 ->
4 18 3
4 19 2
4 20 28
4 21 3
3 17 ->
4 18 3
4 19 2
4 20 29
4 21 3
3 17 ->
4 18 3
4 19 2
4 20 30
4 21 3
3 17 ->
4 18 2
4 19 2
4 20 21
4 21 3
3 17 ->
4 18 3
4 19 2
4 20 27
4 21 3
3 17 ->
4 18 -3
4 19 4
4 20 0
4 21 242
3 17 ->
4 18 1
4 19 4
4 20 1
4 21 242
3 17 ->
4 18 0
4 19 4
4 20 2
4 21 242
@model_db 22 0
2 22 [4]
3 22 ->
@model_t_type 23 1
4 23 2
@model_name 24 10
4 24 FT_FITTING
@generic_name 25 10
4 25 
@stamp 26 0
4 26 
3 22 ->
4 23 2
4 24 750_STK
4 25 
4 26 
3 22 ->
4 23 2
4 24 HCH6
4 25 HCH
4 26 
3 22 ->
4 23 2
4 24 HMJ6
4 25 HMJ
4 26 
@usr_rev 27 0
1 27 [6]
2 27 
@name 28 10
3 28 MIKEB
@mod_time 29 0
3 29 
@tm_sec 30 1
4 30 42
@tm_min 31 1
4 31 47
@tm_hour 32 1
4 32 20
@tm_mday 33 1
4 33 26
@tm_mon 34 1
4 34 2
@tm_year 35 1
4 35 97
@action 36 1
3 36 1000
@comment 37 10
3 37 Hostname: 'sgibul'
@rel_level 38 10
3 38 
@rev_string 39 10
3 39 
2 27 
3 28 MIKEB
3 29 
4 30 54
4 31 36
4 32 15
4 33 17
4 34 3
4 35 97
3 36 1000
3 37 Hostname: 'skibigair'
3 38 
3 39 
2 27 
3 28 USER
3 29 
4 30 25
4 31 57
4 32 13
4 33 10
4 34 8
4 35 97
3 36 1000
3 37 Hostname: 'gascar'
3 38 
3 39 
2 27 
3 28 DBECKHAM
3 29 
4 30 27
4 31 10
4 32 13
4 33 26
4 34 8
4 35 97
3 36 1000
3 37 Hostname: 'cyclops'
3 38 
3 39 
2 27 
3 28 USER
3 29 
4 30 18
4 31 13
4 32 20
4 33 29
4 34 8
4 35 97
3 36 1000
3 37 Hostname: 'ALOHA'
3 38 
3 39 
2 27 
3 28 SHANNON
3 29 
4 30 21
4 31 59
4 32 18
4 33 12
4 34 10
4 35 97
3 36 1000
3 37 Hostname: 'DAISY'
3 38 
3 39 
@revnum_std 40 1
1 40 239
@flag 41 1
1 41 0
@name 42 10
1 42 NULL
@inst_hidden 43 1
1 43 0
@old_name 44 10
1 44 NULL
@appl_data 45 0
1 45 ->
@bounding_box 46 2
2 46 [2][3]
$C00A6078078B207,C00F190294FC5102,C013F7A094AF1FCA
$400A6078078B207,400F15AD51F236F8,3FD0E23842D1BB3F
@ver_key 47 0
1 47 ->
@time 48 1
2 48 879360760
@random_num 49 1
2 49 248897960
@hostid 50 1
2 50 -918709179
@last_read 51 1
1 51 -1
#END_OF_P_OBJECT
#Pro/ENGINEER  TM  Release 19.0 Beta  (c) 1988-97 by Parametric Technology Corporation  All Rights Reserved. 9734
@Toc 52 0
0 52 ->
@entry 53 10
1 53 [128]
2 53 BasicData 2b9c 54a 0 982########################################################
2 53 BasicText 30e6 359 0 982########################################################
2 53 GeomDepen 343f 71 0 982#########################################################
2 53 DispCntrl 34b0 333 0 982########################################################
2 53 DisplData 37e3 38 0 982#########################################################
2 53 LargeText 381b 3bd 0 982########################################################
2 53 FamilyInf 3bd8 40 0 982#########################################################
2 53 VisibGeom 3c18 39 0 982#########################################################
2 53 NovisGeom 3c51 248 0 982########################################################
2 53 ActEntity 3e99 24 0 982#########################################################
2 53 AllFeatur 3ebd 47d6 0 982#######################################################
2 53 FullMData 8693 9ee 0 982########################################################
2 53 ModelView#0 9081 15eb 0 982#####################################################
2 53 ModelView#3 a66c 7f2 0 982######################################################
2 53 ModelView#4 ae5e 749 0 982######################################################
2 53 ModelView#5 b5a7 7c1 0 982######################################################
2 53 ModelView#6 bd68 7fa 0 982######################################################
2 53 ModelView#7 c562 873 0 982######################################################
2 53 ModelView#8 cdd5 93b 0 982######################################################
2 53 ModelView#9 d710 9a2 0 982######################################################
2 53 ModelView#37 e0b2 751 0 982#####################################################
2 53 DispDataColor e803 57c 0 982####################################################
2 53 DispDataTable ed7f 6aa6 0 982###################################################
2 53 AssMrgPrt 15825 29 0 982########################################################
2 53 ################################################################################
2 53 ################################################################################
2 53 ################################################################################
2 53 ################################################################################
2 53 ################################################################################
2 53 ################################################################################
2 53 ################################################################################
2 53 ################################################################################
2 53 ################################################################################
2 53 ################################################################################
2 53 ################################################################################
2 53 ################################################################################
2 53 ################################################################################
2 53 ################################################################################
2 53 ################################################################################
2 53 ################################################################################
2 53 ################################################################################
2 53 ################################################################################
2 53 ################################################################################
2 53 ################################################################################
2 53 ################################################################################
2 53 ################################################################################
2 53 ################################################################################
2 53 ################################################################################
2 53 ################################################################################
2 53 ################################################################################
2 53 ################################################################################
2 53 ################################################################################
2 53 ################################################################################
2 53 ################################################################################
2 53 ################################################################################
2 53 ################################################################################
2 53 ################################################################################
2 53 ################################################################################
2 53 ################################################################################
2 53 ################################################################################
2 53 ################################################################################
2 53 ################################################################################
2 53 ################################################################################
2 53 ################################################################################
2 53 ################################################################################
2 53 ################################################################################
2 53 ################################################################################
2 53 ################################################################################
2 53 ################################################################################
2 53 ################################################################################
2 53 ################################################################################
2 53 ################################################################################
2 53 ################################################################################
2 53 ################################################################################
2 53 ################################################################################
2 53 ################################################################################
2 53 ################################################################################
2 53 ################################################################################
2 53 ################################################################################
2 53 ################################################################################
2 53 ################################################################################
2 53 ################################################################################
2 53 ################################################################################
2 53 ################################################################################
2 53 ################################################################################
2 53 ################################################################################
2 53 ################################################################################
2 53 ################################################################################
2 53 ################################################################################
2 53 ################################################################################
2 53 ################################################################################
2 53 ################################################################################
2 53 ################################################################################
2 53 ################################################################################
2 53 ################################################################################
2 53 ################################################################################
2 53 ################################################################################
2 53 ################################################################################
2 53 ################################################################################
2 53 ################################################################################
2 53 ################################################################################
2 53 ################################################################################
2 53 ################################################################################
2 53 ################################################################################
2 53 ################################################################################
2 53 ################################################################################
2 53 ################################################################################
2 53 ################################################################################
2 53 ################################################################################
2 53 ################################################################################
2 53 ################################################################################
2 53 ################################################################################
2 53 ################################################################################
2 53 ################################################################################
2 53 ################################################################################
2 53 ################################################################################
2 53 ################################################################################
2 53 ################################################################################
2 53 ################################################################################
2 53 ################################################################################
2 53 ################################################################################
2 53 ################################################################################
2 53 ################################################################################
2 53 ################################################################################
2 53 ################################################################################
2 53 ################################################################################
2 53 ################################################################################
2 53 ################################################################################
#BasicData
@Sld_BasicData 1 0
0 1 ->
@tab_key 2 1
1 2 0
@tab_key_struct 3 0
1 3 ->
@type 4 4
2 4 H
@tab_key_ptr 5 0
2 5 [38]
@cmprs_tabkey 6 0
2 6 NULL
@type 7 1
1 7 1
@revnum_ptr 8 0
1 8 ->
@geom_revnum 9 1
2 9 213
@cosm_revnum 10 1
2 10 44
@tol_default_ptr 11 0
1 11 ->
@type 12 1
2 12 10
@value 13 2
2 13 [7]
$0,3FB9R,3F847AE147AE147B,3F50624DD2F1A9FC,3F1A36E2EB1C432D,
$3EE4F8B588E368F1,3EB0C6F7A0B5ED8E
@ang_value 14 2
2 14 [7]
$0,6*3FE
@standard 15 1
2 15 0
@iso_tol_tbls_ptr 16 0
2 16 NULL
@datum_count 17 1
1 17 0
@axis_count 18 1
1 18 0
@insert_layer_id 19 1
1 19 -1
@layer_count 20 1
1 20 1
@rel_part_eps 21 2
1 21 3F53A92A30553261
@model_eps 22 2
1 22 0
@fixed_model_eps 23 1
1 23 0
@assembled_count 24 1
1 24 0
@part_type 25 1
1 25 2
@first_ent_id 26 1
1 26 517574
@first_view_id 27 1
1 27 0
@outline 28 2
1 28 [2][3]
$C00A,C00A0471AEB822B8,C013DC28F5C28F5C
$2*400A,3FCE557CA81168C6
@dim_num 29 1
1 29 4
@geom_lib_ptr 30 0
1 30 NULL
@attrib_array 31 1
1 31 [3]
$1032,2*0
@max_part_size 32 2
1 32 0
@model_name 33 10
1 33 TURN
@disp_outl_info 34 0
1 34 
@disp_outline 35 2
2 35 [2][3]
$C00A6078078B207,C00F190294FC5102,C013F7A094AF1FCA
$400A6078078B207,400F15AD51F236F8,3FD0E23842D1BB3F
@sel_outl_info 36 0
1 36 ->
@outline 37 2
2 37 [2][3]
$C00A6078078B207,C00F190294FC5102,C013F7A094AF1FCA
$400A6078078B207,400F15AD51F236F8,3FD0E23842D1BB3F
#BasicText
@Sld_BasicText 1 0
0 1 ->
@assem_mass_prop_ptr 2 0
1 2 NULL
@mass_prop_ptr 3 0
1 3 ->
@type 4 1
2 4 0
@density 5 2
2 5 0
@init_dens 6 5
2 6 0
@rel_density 7 2
2 7 0
@init_rel_dens 8 5
2 8 0
@aver_density 9 2
2 9 0
@vrevnum 10 1
2 10 -1
@volume 11 2
2 11 0
@cg 12 2
2 12 [3]
$3*0
@inertia 13 2
2 13 [3][3]
$3*0
$3*0
$3*0
@eps 14 2
2 14 0
@surfarea 15 2
2 15 0
@assign_mp_ptr 16 0
1 16 NULL
@mat_name_ptr 17 10
1 17 NULL
@unit_arr 18 0
1 18 [3]
2 18 
@type 19 1
3 19 1
@factor 20 2
3 20 3FF
@name 21 10
3 21 INCH
@unit_type 22 1
3 22 0
2 18 
3 19 2
3 20 3FF
3 21 POUND
3 22 1
2 18 
3 19 11
3 20 3FF
3 21 HOURS
3 22 2
@p_unit_info 23 0
1 23 ->
@custom_unit_arr 24 0
2 24 [6]
3 24 
3 24 
3 24 
3 24 
3 24 
3 24 
@principal_sys_units 25 10
2 25 Inch lbm Second (Pro/E Default)
@history_scale 26 2
2 26 [6][2]
$3FF,0
$3FF,0
$3FF,0
$3FF,0
$3FF,0
$3FF,0
#GeomDepen
@Sld_GeomDepend 1 0
0 1 ->
@frst_geom_ptr 2 1
1 2 0
@fem_data 3 0
1 3 NULL
@first_quilt_ptr 4 1
1 4 0
#DispCntrl
@Sld_DispCntrl 1 0
0 1 ->
@color_prop_ptr 2 0
1 2 NULL
@layer_array 3 0
1 3 [4]
2 3 ->
@id 4 1
3 4 10
@type 5 1
3 5 117
@user_id 6 1
3 6 0
@weird_wline_ptr 7 0
3 7 ->
@weird_wline 8 10
4 8 7_ALL_FEATURES
@layer_objects 9 0
3 9 [4]
4 9 
@type 10 1
5 10 3
@ids 11 1
5 11 [1]
6 11 20
@lay_solid 12 0
5 12 NULL
4 9 
5 10 8
5 12 NULL
4 9 
5 10 34
5 12 NULL
4 9 
5 10 144
5 12 NULL
@saved_operation 13 1
3 13 1
2 3 ->
3 4 31
3 5 117
3 6 0
3 7 ->
4 8 5_ALL_CURVES
3 9 [3]
4 9 
5 10 3
5 12 NULL
4 9 
5 10 8
5 12 NULL
4 9 
5 10 144
5 12 NULL
3 13 3
2 3 ->
3 4 32
3 5 117
3 6 0
3 7 ->
4 8 4_ALL_POINTS
3 9 [3]
4 9 
5 10 3
5 12 NULL
4 9 
5 10 8
5 12 NULL
4 9 
5 10 144
5 12 NULL
3 13 1
2 3 ->
3 4 33
3 5 117
3 6 0
3 7 ->
4 8 3_ALL_AXES
3 9 [3]
4 9 
5 10 3
5 12 NULL
4 9 
5 10 8
5 12 NULL
4 9 
5 10 144
5 12 NULL
3 13 1
#DisplData
@Sld_DispData 1 0
0 1 ->
@disp_data 2 0
1 2 
#LargeText
@Sld_LargeText 1 0
0 1 ->
@names_table 2 0
1 2 [2]
2 2 ->
@id 3 1
3 3 20
@type 4 1
3 4 3
@name 5 10
3 5 FSETP2
2 2 ->
3 3 36
3 4 309
3 5 VIS0001
@relpar_sets 6 0
1 6 [2]
2 6 
@id 7 1
3 7 -1
@type 8 1
3 8 1
@ext_ref_id 9 1
3 9 -1
@relatnum 10 1
3 10 1
@relation 11 10
3 11 [1]
4 11 d3:1 = diam:FID_4139:2 + .075
@bak_relation 12 10
3 12 [1]
4 12 d3:1 = diam:FID_4139:2 + .075
2 6 
3 7 20
3 8 3
3 9 -1
3 10 0
@cfg_states 13 0
1 13 ->
@sld_configs 14 0
2 14 [1]
3 14 ->
@id 15 1
4 15 36
@type 16 1
4 16 309
@state_type 17 1
4 17 8
@conf_data 18 0
4 18 ->
@comp_incr_arr 19 0
5 19 [6]
6 19 
@memb_id_tab 20 1
7 20 [1]
8 20 1
@status 21 1
7 21 4
@simpl_rep 22 0
7 22 NULL
6 19 
7 20 [1]
8 20 2
7 21 1
7 22 NULL
6 19 
7 20 [1]
8 20 21
7 21 4
7 22 NULL
6 19 
7 20 [1]
8 20 27
7 21 4
7 22 NULL
6 19 
7 20 [1]
8 20 28
7 21 4
7 22 NULL
6 19 
7 20 [1]
8 20 30
7 21 4
7 22 NULL
@state_ft 23 0
5 23 NULL
@active_state 24 1
2 24 -1
@current_state 25 1
2 25 -1
#FamilyInf
@Sld_FamilyInfo 1 0
0 1 ->
@drv_tbl_ptr 2 0
1 2 NULL
#VisibGeom
@Sld_VisGeom 1 0
0 1 ->
@active_geom 2 0
1 2 
#NovisGeom
@Sld_NonVisGeom 1 0
0 1 ->
@inactive_geom 2 0
1 2 
@srf_array 3 0
2 3 [1]
3 3 ->
@geom_type 4 1
4 4 34
@geom_id 5 1
4 5 35
@feat_id 6 1
4 6 34
@boundary_type 7 1
4 7 -1
@envlp 8 2
4 8 [2][2]
$2*BFDA1FF2E48E8A73
$3FDA1FF2E48E8A73,3FE3E90FF9724746
@srf_prim_ptr(plane) 9 0
4 9 ->
@local_sys 10 2
5 10 [4][3]
$0,3FF,0
$3FF,2*0
$2*0,BFF
$2*0,C0055C28F5C28F5C
@frst_cntr_ptr 11 0
4 11 NULL
@next_geom_ptr 12 1
4 12 0
@orient 13 1
4 13 1
@outline 14 2
4 14 [2][3]
$2*BFDA1FF2E48E8A73,C0055C28F5C28F5C
$3FE3E90FF9724746,3FDA1FF2E48E8A73,C0055C28F5C28F5C
@external_geom 15 0
1 15 
#ActEntity
@Sld_Entities 1 0
0 1 ->
#AllFeatur
@Sld_Features 1 0
0 1 ->
@first_feat_ptr 2 0
1 2 ->
@id 3 1
2 3 1
@indep_attributes 4 1
2 4 4097
@feat_type_ptr 5 0
2 5 ->
@table_id 6 1
3 6 -1
@type 7 1
3 7 1000
@feattype_key 8 10
3 8 NULL
@form 9 1
3 9 0
@attributes 10 1
3 10 [3]
$3*0
@placement 11 1
3 11 0
@intersection 12 1
3 12 -1
@internal_udf_type 13 1
3 13 -1
@param_choice_ptr 14 0
3 14 ->
@blend_choice 15 1
4 15 0
@depth_choice 16 1
4 16 0
@angle_choice 17 1
4 17 -1
@pat_choice 18 1
4 18 -1
@round_choice 19 1
4 19 -1
@subsec_choice 20 1
4 20 -1
@sweep_choice 21 1
4 21 0
@dome_choice 22 1
4 22 0
@draft_choice 23 1
4 23 0
@misc_choice 24 1
4 24 [2]
$32,0
@assoc_type 25 1
3 25 0
@symbol_key 26 1
2 26 -1
@sect_name 27 10
2 27 no_name
@model_type 28 1
2 28 1
@idtab_ptr 29 0
2 29 ->
@save_geoms 30 0
3 30 NULL
@cr_flags_xar 31 1
3 31 [31]
$3*-1,-2049,2*-1,-16777217,3*-1,-536870913,-1,-1126176897,-2,-2097185,
$-2097665,-1,-1073741843,-1,-1073741825,-257,-261121,-1,-32769,-1,-4194305,
$-1,16777215,3*0
@cvt_feat_dat 32 0
3 32 NULL
@feat_dates_ptr 33 0
3 33 ->
@creat_date 34 1
4 34 180025
@regen_date 35 1
4 35 190019
@group_info_ptr 36 0
2 36 NULL
@intrs_pairs_ptr 37 0
2 37 ->
@place_rec_ptr 38 0
2 38 ->
@local_sys 39 2
3 39 [4][3]
$3FF,2*0
$0,3FF,0
$2*0,3FF
$3*0
@own_ref_id 40 1
3 40 0
@orient 41 1
3 41 0
@trf_arr 42 0
3 42 [1]
4 42 
@type 43 1
5 43 19
@idx 44 1
5 44 0
@transf 45 2
5 45 [4][3]
$3FF,2*0
$0,3FF,0
$2*0,3FF
$3*0
@next_prop 46 0
2 46 NULL
@first_geom_id 47 1
2 47 -1
@cond_tbl_idx 48 1
2 48 -1
@comment 49 10
2 49 NULL
@merge_info_ptr 50 0
2 50 NULL
@dat_ptr(comp_data) 51 0
2 51 ->
@type 52 1
3 52 123
@model_ptr 53 0
3 53 
@object_type 54 1
4 54 2
@name 55 10
4 55 FT_FITTING
@simpl_rep 56 0
4 56 NULL
@placed_flag 57 1
3 57 1
@subst_asm_ref_id 58 1
3 58 -1
@instance 59 3
3 59 NULL
@stamp 60 0
3 60 
@major_vers 61 0
4 61 
@vers 62 1
5 62 0
@alias_name 63 10
5 63 
@minor_vers 64 0
4 64 
@vers 65 1
5 65 0
@dep_id 66 1
3 66 0
@interchange_info 67 0
3 67 NULL
@topology_increment 68 0
2 68 ->
@first_geom 69 1
3 69 0
@first_quilt 70 1
3 70 0
@outline 71 2
3 71 [2][3]
$3*0
$3*0
@max_part_size 72 2
3 72 0
@xform_increment 73 0
3 73 NULL
@roll_back_id 74 1
3 74 -1
@state_ind 75 1
2 75 -1
@alumni_info 76 0
2 76 NULL
@revnum 77 1
2 77 18
@rev_rec 78 0
2 78 ->
@revnums 79 0
3 79 [1]
4 79 ->
@owner_type 80 1
5 80 3
@owner_ind 81 1
5 81 -1
@ref_id 82 1
5 82 -1
@ref_revnum 83 1
5 83 -1
@num_plins 84 1
3 84 0
@expl_state_ref 85 0
2 85 NULL
@feat_outl_info 86 0
2 86 NULL
@next_feat_ptr 87 0
1 87 ->
2 3 2
2 4 4097
2 5 ->
3 6 -1
3 7 1000
3 8 NULL
3 9 0
3 10 [3]
$3*0
3 11 0
3 12 -1
3 13 -1
3 14 ->
4 15 0
4 16 0
4 17 -1
4 18 -1
4 19 -1
4 20 -1
4 21 0
4 22 0
4 23 0
4 24 [2]
$64,0
3 25 0
2 26 -1
2 27 no_name
2 28 1
2 29 ->
3 30 NULL
3 31 [31]
$3*-1,-2049,2*-1,-16777217,3*-1,-536870913,-1,-1126176897,-2,-2097185,
$-2097665,-1,-1073741843,-1,-1073741825,-257,-261121,-1,-32769,-1,-4194305,
$-1,16777215,3*0
3 32 NULL
3 33 ->
4 34 180025
4 35 190019
2 36 NULL
2 37 ->
2 38 ->
3 39 [4][3]
$3FF,2*0
$0,3FF,0
$2*0,3FF
$3*0
@place_instruction_ptrs 88 0
3 88 [1]
4 88 ->
@type 89 1
5 89 81
@offset 90 2
5 90 0
@dim_id 91 1
5 91 0
@ref_id 92 1
5 92 0
@geometry1_id 93 1
5 93 101
@geometry2_id 94 1
5 94 4
@memb_num1 95 1
5 95 1
@memb_num2 96 1
5 96 1
@memb_id_tab1 97 1
5 97 [1]
6 97 1
@memb_id_tab2 98 1
5 98 [1]
6 98 2
@attr 99 1
5 99 512
@plin_info_arr 100 0
5 100 [2]
6 100 ->
@type 101 1
7 101 1
@data(plin_info_ref) 102 0
7 102 ->
@id_type1 103 1
8 103 25
@id_type2 104 1
8 104 25
@offset2 105 2
8 105 0
6 100 ->
7 101 6
@data(plin_info_ui_step) 106 0
7 106 ->
@step_ids 107 1
8 107 [1]
9 107 -100
3 40 0
3 41 0
3 42 [1]
4 42 
5 43 19
5 44 0
5 45 [4][3]
$3FF,2*0
$0,3FF,0
$2*0,3FF
$3*0
2 46 NULL
2 47 -1
2 48 -1
2 49 NULL
2 50 NULL
2 51 ->
3 52 123
3 53 
4 54 2
4 55 750_STK
4 56 NULL
3 57 1
3 58 -1
3 59 NULL
3 60 
4 61 
5 62 0
5 63 
4 64 
5 65 0
3 66 1
3 67 NULL
@parent_table 108 1
2 108 [1]
3 108 1
2 68 ->
3 69 0
3 70 0
3 71 [2][3]
$2*BFD7B3A57A544001,C0015C28F5C28F5C
$2*3FD7B3A57A544001,0
3 72 0
3 73 NULL
3 74 -1
2 75 -1
2 76 NULL
2 77 18
2 78 ->
3 79 [3]
4 79 ->
5 80 3
5 81 -1
5 82 -1
5 83 -1
4 79 ->
5 80 1
5 81 -1
5 82 0
5 83 -1
@memb_tab_revnums 109 1
5 109 [1]
6 109 18
4 79 ->
5 80 2
5 81 -1
5 82 0
5 83 0
5 109 [1]
6 109 18
3 84 1
2 85 NULL
2 86 NULL
1 87 ->
2 3 34
2 4 4097
2 5 ->
3 6 -1
3 7 923
3 8 NULL
3 9 0
3 10 [3]
$259,2*0
3 11 0
3 12 -1
3 13 -1
3 14 ->
4 15 0
4 16 0
4 17 -1
4 18 970
4 19 -1
4 20 -1
4 21 0
4 22 0
4 23 0
4 24 [2]
$2*0
3 25 0
2 26 -1
2 27 no_name
2 28 1
2 29 ->
@srf_id_arr 110 1
3 110 [1][4]
$35,3*0
3 30 NULL
3 31 [31]
$3*-1,-2049,2*-1,-16777217,3*-1,-536870913,-1,-1126176897,-2,-2097185,
$-2097665,-1,-1073741843,-1,-1073741825,-257,-261121,-1,-32769,-1,-4194305,
$-1,16777215,3*0
3 32 NULL
3 33 ->
4 34 180025
4 35 190019
2 36 NULL
2 37 ->
2 38 ->
3 39 [4][3]
$0,3FF,0
$3FF,2*0
$2*0,BFF
$2*0,C0055C28F5C28F5C
3 88 [1]
4 88 ->
5 89 503
5 90 3FE
5 91 3
5 92 0
5 93 415
5 94 35
5 95 1
5 96 0
5 97 [1]
6 97 1
5 99 33280
5 100 [2]
6 100 ->
7 101 1
7 102 ->
8 103 -4
8 104 5
8 105 0
6 100 ->
7 101 6
7 106 ->
8 107 [1]
9 107 -100
3 40 0
3 41 1
3 42 [1]
4 42 
5 43 11
5 44 0
5 45 [4][3]
$0,3FF,0
$3FF,2*0
$2*0,BFF
$2*0,C0055C28F5C28F5C
2 46 NULL
2 47 35
2 48 -1
2 49 NULL
2 50 NULL
2 108 [1]
3 108 1
2 68 ->
3 69 0
3 70 0
3 71 [2][3]
$2*BFDA0C49BA5E3541,C013DC28F5C28F5C
$3FE3DF3B645A1CAD,3FDA0C49BA5E3541,3FCE557CA81168C6
3 72 0
3 73 NULL
3 74 -1
2 75 -1
2 76 NULL
2 77 27
2 78 ->
3 79 [2]
4 79 ->
5 80 3
5 81 -1
5 82 -1
5 83 -1
4 79 ->
5 80 1
5 81 -1
5 82 0
5 83 9
5 109 [1]
6 109 18
3 84 1
2 85 NULL
2 86 NULL
1 87 ->
2 3 21
2 4 4097
2 5 ->
3 6 -1
3 7 1000
3 8 NULL
3 9 0
3 10 [3]
$3*0
3 11 0
3 12 -1
3 13 -1
3 14 ->
4 15 0
4 16 0
4 17 -1
4 18 -1
4 19 -1
4 20 -1
4 21 0
4 22 0
4 23 0
4 24 [2]
$128,0
3 25 0
2 26 -1
2 27 no_name
2 28 1
2 29 ->
@dtm_id_tab 111 0
3 111 [2]
4 111 
@dtm_id 112 1
5 112 -1
@dim_id 113 1
5 113 -1
4 111 
5 112 35
5 113 3
3 30 NULL
3 31 [31]
$3*-1,-2049,2*-1,-16777217,3*-1,-536870913,-1,-1126176897,-2,-2097185,
$-2097665,-1,-1073741843,-1,-1073741825,-257,-261121,-1,-32769,-1,-4194305,
$-1,16777215,3*0
3 32 NULL
3 33 ->
4 34 180025
4 35 190019
2 36 NULL
2 37 ->
2 38 ->
3 39 [4][3]
$BFF,2*0
$2*0,3FF
$0,3FF,0
$2*0,C0055C28F5C28F5C
3 88 [2]
4 88 ->
5 89 7
5 90 0
5 91 6
5 92 0
5 93 21
5 94 26
5 95 1
5 96 1
5 97 [1]
6 97 2
5 98 [1]
6 98 21
5 99 512
5 100 [2]
6 100 ->
7 101 1
7 102 ->
8 103 5
8 104 5
8 105 0
6 100 ->
7 101 6
7 106 ->
8 107 [1]
9 107 -100
4 88 ->
5 89 5
5 90 0
5 91 30
5 92 1
5 93 35
5 94 10
5 95 0
5 96 1
5 98 [1]
6 98 21
5 99 0
5 100 [2]
6 100 ->
7 101 1
7 102 ->
8 103 5
8 104 5
8 105 0
6 100 ->
7 101 6
7 106 ->
8 107 [1]
9 107 -100
3 40 0
3 41 0
3 42 [1]
4 42 
5 43 19
5 44 0
5 45 [4][3]
$BFF,2*0
$2*0,3FF
$0,3FF,0
$2*0,C0055C28F5C28F5C
2 46 NULL
2 47 -1
2 48 -1
2 49 NULL
2 50 NULL
2 51 ->
3 52 123
3 53 
4 54 2
4 55 HCH6<HCH>
4 56 NULL
3 57 1
3 58 -1
3 59 NULL
3 60 
4 61 
5 62 0
5 63 
4 64 
5 65 0
3 66 5
3 67 NULL
2 108 [2]
$2,34
2 68 ->
3 69 0
3 70 0
3 71 [2][3]
$2*BFDA0C49BA5E3541,C013DC28F5C28F5C
$3FE3DF3B645A1CAD,3FDA0C49BA5E3541,3FCE557CA81168C6
3 72 0
3 73 NULL
3 74 -1
2 75 -1
2 76 NULL
2 77 67
2 78 ->
3 79 [5]
4 79 ->
5 80 3
5 81 -1
5 82 -1
5 83 -1
4 79 ->
5 80 1
5 81 -1
5 82 0
5 83 20
5 109 [1]
6 109 18
4 79 ->
5 80 2
5 81 -1
5 82 0
5 83 -1
5 109 [1]
6 109 67
4 79 ->
5 80 1
5 81 -1
5 82 1
5 83 27
4 79 ->
5 80 2
5 81 -1
5 82 1
5 83 -1
5 109 [1]
6 109 67
3 84 2
2 85 NULL
2 86 NULL
1 87 ->
2 3 27
2 4 4097
2 5 ->
3 6 -1
3 7 1000
3 8 NULL
3 9 0
3 10 [3]
$3*0
3 11 0
3 12 -1
3 13 -1
3 14 ->
4 15 0
4 16 0
4 17 -1
4 18 -1
4 19 -1
4 20 -1
4 21 0
4 22 0
4 23 0
4 24 [2]
$128,0
3 25 0
2 26 -1
2 27 no_name
2 28 1
2 29 ->
3 30 NULL
3 31 [31]
$3*-1,-2049,2*-1,-16777217,3*-1,-536870913,-1,-1126176897,-2,-2097185,
$-2097665,-1,-1073741843,-1,-1073741825,-257,-261121,-1,-32769,-1,-4194305,
$-1,16777215,3*0
3 32 NULL
3 33 ->
4 34 180025
4 35 190019
2 36 NULL
2 37 ->
2 38 ->
3 39 [4][3]
$2*0,BFF
$BFF,2*0
$0,3FF,0
$0,BFD33665C6F5F2CF,C002CR
3 88 [3]
4 88 ->
5 89 5
5 90 0
5 91 17
5 92 0
5 93 1856
5 94 58
5 95 1
5 96 1
5 97 [1]
6 97 21
5 98 [1]
6 98 27
5 99 512
5 100 [2]
6 100 ->
7 101 1
7 102 ->
8 103 5
8 104 5
8 105 0
6 100 ->
7 101 6
7 106 ->
8 107 [1]
9 107 -100
4 88 ->
5 89 5
5 90 0
5 91 18
5 92 1
5 93 1858
5 94 60
5 95 1
5 96 1
5 97 [1]
6 97 21
5 98 [1]
6 98 27
5 99 512
5 100 [2]
6 100 ->
7 101 1
7 102 ->
8 103 5
8 104 5
8 105 0
6 100 ->
7 101 6
7 106 ->
8 107 [1]
9 107 -100
4 88 ->
5 89 1450
5 90 0
5 91 20
5 92 2
5 93 21
5 94 158
5 95 1
5 96 1
5 97 [1]
6 97 2
5 98 [1]
6 98 27
5 99 512
5 100 [2]
6 100 ->
7 101 1
7 102 ->
8 103 5
8 104 5
8 105 0
6 100 ->
7 101 6
7 106 ->
8 107 [1]
9 107 -100
3 40 0
3 41 0
3 42 [2]
4 42 
5 43 6
5 44 0
5 45 [4][3]
$4096A8,4,BFD33665C6F5F2CF
$BFF,2*0
$BFD33665C6F5F2CF,BFE2740DA740DA74,3FD7E4B17E4B17E5
$BFE6A157C0AA1408,BFF7D70A3D70A3D8,0
4 42 
5 43 19
5 44 0
5 45 [4][3]
$2*0,BFF
$BFF,2*0
$0,3FF,0
$0,BFD33665C6F5F2CF,C002CR
2 46 NULL
2 47 -1
2 48 -1
2 49 NULL
2 50 NULL
2 51 ->
3 52 123
3 53 
4 54 2
4 55 HMJ6<HMJ>
4 56 NULL
3 57 1
3 58 -1
3 59 NULL
3 60 
4 61 
5 62 0
5 63 
4 64 
5 65 0
3 66 6
3 67 NULL
2 108 [2]
$2,21
2 68 ->
3 69 0
3 70 0
3 71 [2][3]
$C00A,C00A0471AEB822B8,C013DC28F5C28F5C
$2*400A,3FCE557CA81168C6
3 72 0
3 73 NULL
3 74 -1
2 75 -1
2 76 NULL
2 77 70
2 78 ->
3 79 [7]
4 79 ->
5 80 3
5 81 -1
5 82 -1
5 83 -1
4 79 ->
5 80 1
5 81 -1
5 82 0
5 83 -1
5 109 [1]
6 109 67
4 79 ->
5 80 2
5 81 -1
5 82 0
5 83 0
5 109 [1]
6 109 70
4 79 ->
5 80 1
5 81 -1
5 82 1
5 83 -1
5 109 [1]
6 109 67
4 79 ->
5 80 2
5 81 -1
5 82 1
5 83 0
5 109 [1]
6 109 70
4 79 ->
5 80 1
5 81 -1
5 82 2
5 83 20
5 109 [1]
6 109 18
4 79 ->
5 80 2
5 81 -1
5 82 2
5 83 0
5 109 [1]
6 109 70
3 84 3
2 85 NULL
2 86 NULL
1 87 ->
2 3 28
2 4 4097
2 5 ->
3 6 -1
3 7 1000
3 8 NULL
3 9 0
3 10 [3]
$3*0
3 11 0
3 12 -1
3 13 -1
3 14 ->
4 15 0
4 16 0
4 17 -1
4 18 -1
4 19 -1
4 20 -1
4 21 0
4 22 0
4 23 0
4 24 [2]
$128,0
3 25 0
2 26 -1
2 27 no_name
2 28 1
2 29 ->
3 30 NULL
3 31 [31]
$3*-1,-2049,2*-1,-16777217,3*-1,-536870913,-1,-1126176897,-2,-2097185,
$-2097665,-1,-1073741843,-1,-1073741825,-257,-261121,-1,-32769,-1,-4194305,
$-1,16777215,3*0
3 32 NULL
3 33 ->
4 34 180025
4 35 190019
2 36 NULL
2 37 ->
2 38 ->
3 39 [4][3]
$BFEBB67AE8584CAB,0,3FE
$3FE,0,3FEBB67AE8584CAB
$0,3FF,0
$BFD0A3750D9E87BE,3FC33665C6F5F2D5,C002CR
3 88 [3]
4 88 ->
5 89 5
5 90 0
5 91 21
5 92 0
5 93 73
5 94 58
5 95 1
5 96 1
5 97 [1]
6 97 21
5 98 [1]
6 98 28
5 99 512
5 100 [2]
6 100 ->
7 101 1
7 102 ->
8 103 5
8 104 5
8 105 0
6 100 ->
7 101 6
7 106 ->
8 107 [1]
9 107 -100
4 88 ->
5 89 5
5 90 0
5 91 22
5 92 1
5 93 75
5 94 60
5 95 1
5 96 1
5 97 [1]
6 97 21
5 98 [1]
6 98 28
5 99 512
5 100 [2]
6 100 ->
7 101 1
7 102 ->
8 103 5
8 104 5
8 105 0
6 100 ->
7 101 6
7 106 ->
8 107 [1]
9 107 -100
4 88 ->
5 89 1450
5 90 0
5 91 23
5 92 2
5 93 23
5 94 158
5 95 1
5 96 1
5 97 [1]
6 97 2
5 98 [1]
6 98 28
5 99 512
5 100 [2]
6 100 ->
7 101 1
7 102 ->
8 103 5
8 104 5
8 105 0
6 100 ->
7 101 6
7 106 ->
8 107 [1]
9 107 -100
3 40 0
3 41 0
3 42 [2]
4 42 
5 43 6
5 44 0
5 45 [4][3]
$4096A8,4,BFD33665C6F5F2CF
$BFF,2*0
$BFD33665C6F5F2D,BFE2740DA740DA74,3FD7E4B17E4B17E6
$BFE6A157C0AA1409,BFBD70A3D70A3D6,0
4 42 
5 43 19
5 44 0
5 45 [4][3]
$BFEBB67AE8584CAB,0,3FE
$3FE,0,3FEBB67AE8584CAB
$0,3FF,0
$BFD0A3750D9E87BE,3FC33665C6F5F2D5,C002CR
2 46 NULL
2 47 -1
2 48 -1
2 49 NULL
2 50 NULL
2 51 ->
3 52 123
3 53 
4 54 2
4 55 HMJ6<HMJ>
4 56 NULL
3 57 1
3 58 -1
3 59 NULL
3 60 
4 61 
5 62 0
5 63 
4 64 
5 65 0
3 66 2
3 67 NULL
2 108 [2]
$2,21
2 68 ->
3 69 0
3 70 0
3 71 [2][3]
$C00A,C00A0471AEB822B8,C013DC28F5C28F5C
$2*400A,3FCE557CA81168C6
3 72 0
3 73 NULL
3 74 -1
2 75 -1
2 76 NULL
2 77 70
2 78 ->
3 79 [7]
4 79 ->
5 80 3
5 81 -1
5 82 -1
5 83 -1
4 79 ->
5 80 1
5 81 -1
5 82 0
5 83 -1
5 109 [1]
6 109 67
4 79 ->
5 80 2
5 81 -1
5 82 0
5 83 0
5 109 [1]
6 109 70
4 79 ->
5 80 1
5 81 -1
5 82 1
5 83 -1
5 109 [1]
6 109 67
4 79 ->
5 80 2
5 81 -1
5 82 1
5 83 0
5 109 [1]
6 109 70
4 79 ->
5 80 1
5 81 -1
5 82 2
5 83 20
5 109 [1]
6 109 18
4 79 ->
5 80 2
5 81 -1
5 82 2
5 83 0
5 109 [1]
6 109 70
3 84 3
2 85 NULL
2 86 NULL
1 87 ->
2 3 29
2 4 4097
2 5 ->
3 6 -1
3 7 1000
3 8 NULL
3 9 0
3 10 [3]
$3*0
3 11 0
3 12 -1
3 13 -1
3 14 ->
4 15 0
4 16 0
4 17 -1
4 18 -1
4 19 -1
4 20 -1
4 21 0
4 22 0
4 23 0
4 24 [2]
$128,0
3 25 0
2 26 -1
2 27 no_name
2 28 1
2 29 ->
3 30 NULL
3 31 [31]
$3*-1,-2049,2*-1,-16777217,3*-1,-536870913,-1,-1126176897,-2,-2097185,
$-2097665,-1,-1073741843,-1,-1073741825,-257,-261121,-1,-32769,-1,-4194305,
$-1,16777215,3*0
3 32 NULL
3 33 ->
4 34 180025
4 35 190019
2 36 NULL
2 37 ->
2 38 ->
3 39 [4][3]
$3FEBB67AE8584CAB,0,3FE
$3FE,0,BFEBB67AE8584CAB
$0,3FF,0
$3FEDFD9CB037219C,3FE150ABE0550A0A,C001CR
3 88 [3]
4 88 ->
5 89 5
5 90 0
5 91 24
5 92 0
5 93 1761
5 94 58
5 95 1
5 96 1
5 97 [1]
6 97 21
5 98 [1]
6 98 29
5 99 512
5 100 [2]
6 100 ->
7 101 1
7 102 ->
8 103 5
8 104 5
8 105 0
6 100 ->
7 101 6
7 106 ->
8 107 [1]
9 107 -100
4 88 ->
5 89 5
5 90 0
5 91 25
5 92 1
5 93 1763
5 94 60
5 95 1
5 96 1
5 97 [1]
6 97 21
5 98 [1]
6 98 29
5 99 512
5 100 [2]
6 100 ->
7 101 1
7 102 ->
8 103 5
8 104 5
8 105 0
6 100 ->
7 101 6
7 106 ->
8 107 [1]
9 107 -100
4 88 ->
5 89 1450
5 90 0
5 91 26
5 92 2
5 93 21
5 94 158
5 95 1
5 96 1
5 97 [1]
6 97 2
5 98 [1]
6 98 29
5 99 512
5 100 [2]
6 100 ->
7 101 1
7 102 ->
8 103 5
8 104 5
8 105 0
6 100 ->
7 101 6
7 106 ->
8 107 [1]
9 107 -100
3 40 0
3 41 0
3 42 [2]
4 42 
5 43 6
5 44 0
5 45 [4][3]
$4096A8,4,BFF150ABE0550A04
$BFF,2*0
$BFF150ABE0550A04,BFE2740DA740DA74,3FD7E4B17E4B17E7
$BFE6A157C0AA1408,BFF7D70A3D70A3D8,0
4 42 
5 43 19
5 44 0
5 45 [4][3]
$3FEBB67AE8584CAB,0,3FE
$3FE,0,BFEBB67AE8584CAB
$0,3FF,0
$3FEDFD9CB037219C,3FE150ABE0550A0A,C001CR
2 46 NULL
2 47 -1
2 48 -1
2 49 NULL
2 50 NULL
2 51 ->
3 52 123
3 53 
4 54 2
4 55 HMJ6<HMJ>
4 56 NULL
3 57 0
3 58 -1
3 59 NULL
3 60 
4 61 
5 62 0
5 63 
4 64 
5 65 0
3 66 3
3 67 NULL
2 108 [2]
$2,21
2 68 ->
3 69 0
3 70 0
3 71 [2][3]
$C00A,C00A0471AEB822B8,C013DC28F5C28F5C
$2*400A,3FCE557CA81168C6
3 72 0
3 73 NULL
3 74 -1
2 75 -1
2 76 NULL
2 77 148
2 78 ->
3 79 [7]
4 79 ->
5 80 3
5 81 -1
5 82 -1
5 83 -1
4 79 ->
5 80 1
5 81 -1
5 82 0
5 83 -1
5 109 [1]
6 109 67
4 79 ->
5 80 2
5 81 -1
5 82 0
5 83 0
5 109 [1]
6 109 148
4 79 ->
5 80 1
5 81 -1
5 82 1
5 83 -1
5 109 [1]
6 109 67
4 79 ->
5 80 2
5 81 -1
5 82 1
5 83 0
5 109 [1]
6 109 148
4 79 ->
5 80 1
5 81 -1
5 82 2
5 83 20
5 109 [1]
6 109 18
4 79 ->
5 80 2
5 81 -1
5 82 2
5 83 0
5 109 [1]
6 109 148
3 84 3
2 85 NULL
2 86 NULL
1 87 ->
2 3 30
2 4 4097
2 5 ->
3 6 -1
3 7 1000
3 8 NULL
3 9 0
3 10 [3]
$3*0
3 11 0
3 12 -1
3 13 -1
3 14 ->
4 15 0
4 16 0
4 17 -1
4 18 -1
4 19 -1
4 20 -1
4 21 0
4 22 0
4 23 0
4 24 [2]
$128,0
3 25 0
2 26 -1
2 27 no_name
2 28 1
2 29 ->
3 30 NULL
3 31 [31]
$3*-1,-2049,2*-1,-16777217,3*-1,-536870913,-1,-1126176897,-2,-2097185,
$-2097665,-1,-1073741843,-1,-1073741825,-257,-261121,-1,-32769,-1,-4194305,
$-1,16777215,3*0
3 32 NULL
3 33 ->
4 34 180025
4 35 190019
2 36 NULL
2 37 ->
2 38 ->
3 39 [4][3]
$3FEBB67AE8584CAB,0,3FE
$3FE,0,BFEBB67AE8584CAB
$0,3FF,0
$3FD0A3750D9E87B8,3FC33665C6F5F2E4,C002CR
3 88 [3]
4 88 ->
5 89 5
5 90 0
5 91 27
5 92 0
5 93 1761
5 94 58
5 95 1
5 96 1
5 97 [1]
6 97 21
5 98 [1]
6 98 30
5 99 512
5 100 [2]
6 100 ->
7 101 1
7 102 ->
8 103 5
8 104 5
8 105 0
6 100 ->
7 101 6
7 106 ->
8 107 [1]
9 107 -100
4 88 ->
5 89 5
5 90 0
5 91 28
5 92 1
5 93 1763
5 94 60
5 95 1
5 96 1
5 97 [1]
6 97 21
5 98 [1]
6 98 30
5 99 512
5 100 [2]
6 100 ->
7 101 1
7 102 ->
8 103 5
8 104 5
8 105 0
6 100 ->
7 101 6
7 106 ->
8 107 [1]
9 107 -100
4 88 ->
5 89 1450
5 90 0
5 91 29
5 92 2
5 93 23
5 94 158
5 95 1
5 96 1
5 97 [1]
6 97 2
5 98 [1]
6 98 30
5 99 512
5 100 [2]
6 100 ->
7 101 1
7 102 ->
8 103 5
8 104 5
8 105 0
6 100 ->
7 101 6
7 106 ->
8 107 [1]
9 107 -100
3 40 0
3 41 0
3 42 [2]
4 42 
5 43 6
5 44 0
5 45 [4][3]
$4096A8,4,BFD33665C6F5F2CE
$BFF,2*0
$BFD33665C6F5F2CE,BFE2740DA740DA74,3FD7E4B17E4B17E6
$BFE6A157C0AA1408,BFBD70A3D70A3D6,3CDE
4 42 
5 43 19
5 44 0
5 45 [4][3]
$3FEBB67AE8584CAB,0,3FE
$3FE,0,BFEBB67AE8584CAB
$0,3FF,0
$3FD0A3750D9E87B8,3FC33665C6F5F2E4,C002CR
2 46 NULL
2 47 -1
2 48 -1
2 49 NULL
2 50 NULL
2 51 ->
3 52 123
3 53 
4 54 2
4 55 HMJ6<HMJ>
4 56 NULL
3 57 1
3 58 -1
3 59 NULL
3 60 
4 61 
5 62 0
5 63 
4 64 
5 65 0
3 66 4
3 67 NULL
2 108 [2]
$2,21
2 68 ->
3 69 0
3 70 0
3 71 [2][3]
$C00A,C00A0471AEB822B8,C013DC28F5C28F5C
$2*400A,3FCE557CA81168C6
3 72 0
3 73 NULL
3 74 -1
2 75 -1
2 76 NULL
2 77 70
2 78 ->
3 79 [7]
4 79 ->
5 80 3
5 81 -1
5 82 -1
5 83 -1
4 79 ->
5 80 1
5 81 -1
5 82 0
5 83 -1
5 109 [1]
6 109 67
4 79 ->
5 80 2
5 81 -1
5 82 0
5 83 0
5 109 [1]
6 109 70
4 79 ->
5 80 1
5 81 -1
5 82 1
5 83 -1
5 109 [1]
6 109 67
4 79 ->
5 80 2
5 81 -1
5 82 1
5 83 0
5 109 [1]
6 109 70
4 79 ->
5 80 1
5 81 -1
5 82 2
5 83 20
5 109 [1]
6 109 18
4 79 ->
5 80 2
5 81 -1
5 82 2
5 83 0
5 109 [1]
6 109 70
3 84 3
2 85 NULL
2 86 NULL
1 87 ->
2 3 20
2 4 4097
2 5 ->
3 6 -1
3 7 1002
3 8 NULL
3 9 0
3 10 [3]
$3*0
3 11 0
3 12 -1
3 13 -1
3 14 ->
4 15 0
4 16 0
4 17 -1
4 18 -1
4 19 -1
4 20 -1
4 21 0
4 22 0
4 23 0
4 24 [2]
$6,0
3 25 0
2 26 -1
2 27 no_name
2 28 1
2 29 ->
3 30 NULL
3 31 [31]
$3*-1,-2049,2*-1,-16777217,3*-1,-536870913,-1,-1126176897,-2,-2097185,
$-2097665,-1,-1073741843,-1,-1073741825,-257,-261121,-1,-32769,-1,-4194305,
$-1,16777215,3*0
3 32 NULL
3 33 ->
4 34 180025
4 35 190019
2 36 NULL
2 37 ->
2 38 ->
3 39 [4][3]
$3FF,2*0
$0,3FF,0
$2*0,3FF
$3*0
3 88 [4]
4 88 ->
5 89 213
5 90 0
5 91 -1
5 92 -1
5 93 21
5 94 -1
5 95 0
5 96 0
5 99 0
5 100 [1]
6 100 ->
7 101 6
7 106 ->
8 107 [1]
9 107 -100
4 88 ->
5 89 213
5 90 0
5 91 -1
5 92 -1
5 93 27
5 94 -1
5 95 0
5 96 0
5 99 0
5 100 [1]
6 100 ->
7 101 6
7 106 ->
8 107 [1]
9 107 -100
4 88 ->
5 89 213
5 90 0
5 91 -1
5 92 -1
5 93 28
5 94 -1
5 95 0
5 96 0
5 99 0
5 100 [1]
6 100 ->
7 101 6
7 106 ->
8 107 [1]
9 107 -100
4 88 ->
5 89 213
5 90 0
5 91 -1
5 92 -1
5 93 30
5 94 -1
5 95 0
5 96 0
5 99 0
5 100 [1]
6 100 ->
7 101 6
7 106 ->
8 107 [1]
9 107 -100
3 40 -1
3 41 0
2 46 NULL
2 47 -1
2 48 -1
2 49 NULL
2 50 NULL
2 108 [4]
$21,27,28,30
2 68 ->
3 69 0
3 70 0
3 71 [2][3]
$C00A,C00A0471AEB822B8,C013DC28F5C28F5C
$2*400A,3FCE557CA81168C6
3 72 0
3 73 NULL
3 74 -1
2 75 -1
2 76 NULL
2 77 156
2 78 ->
3 84 4
2 85 NULL
2 86 NULL
1 87 NULL
@layer_list 114 0
1 114 [9]
2 114 
@feat_id 115 1
3 115 1
@layer_id 116 1
3 116 0
@back_layer_id 117 1
3 117 0
2 114 
3 115 2
3 116 0
3 117 0
2 114 
3 115 34
3 116 0
3 117 0
2 114 
3 115 21
3 116 0
3 117 0
2 114 
3 115 27
3 116 0
3 117 0
2 114 
3 115 28
3 116 0
3 117 0
2 114 
3 115 29
3 116 0
3 117 0
2 114 
3 115 30
3 116 0
3 117 0
2 114 
3 115 20
3 116 0
3 117 0
#FullMData
@Sld_FullData 1 0
0 1 ->
@first_member_ptr 2 0
1 2 NULL
@alumni_members 3 0
1 3 NULL
@ref_part_table 4 0
1 4 [3]
2 4 ->
@name 5 10
3 5 TURN
@id 6 1
3 6 -1
@type 7 1
3 7 1
@revnum 8 1
3 8 -1
@dep_id 9 1
3 9 7
@attributes 10 1
3 10 0
@simpl_rep 11 0
3 11 NULL
2 4 ->
3 5 750_STK
3 6 5
3 7 2
3 8 19012
3 9 8
3 10 0
3 11 NULL
2 4 ->
3 5 FT_FITTING
3 6 2097156
3 7 2
3 8 4773
3 9 9
3 10 0
3 11 NULL
@first_xsec_ptr 12 0
1 12 NULL
@lang_ptr 13 0
1 13 ->
@interact_on 14 1
2 14 -1
@first_csys_ptr 15 0
1 15 NULL
@offset 16 2
1 16 [31]
$3FF5B9BE5D52A9DA,7*4012D771792C55D1,22*3FF95818EAC38BF1,4012D771792C55D1
@dim_array 17 0
1 17 [4]
2 17 NULL
2 17 NULL
2 17 NULL
2 17 ->
@type 18 1
3 18 8
@dim_type 19 1
3 19 204
@feat_id 20 1
3 20 21
@attributes 21 1
3 21 257
@dim_dat_ptr 22 0
3 22 ->
@value 23 2
4 23 3FE
@bck_value 24 2
4 24 3FE
@tol_ptr 25 0
4 25 ->
@type 26 1
5 26 9
@tol_type 27 1
5 27 4
@dual_digits_diff 28 1
5 28 999
@value 29 2
5 29 [2]
$2*3F50624DD2F1A9FC
@nominal_value 30 2
4 30 3FE
@bound 31 1
4 31 20
@bck_bound 32 1
4 32 -1
@bck_tol_ptr 33 0
4 33 ->
@value 34 2
5 34 [2]
$2*3F50624DD2F1A9FC
@datum_def_id 35 1
4 35 -1
@places_denom 36 1
4 36 3
@bck_places_denom 37 1
4 37 3
@dim_data_attrib 38 1
4 38 0
@dim_cosm_ptr 39 0
3 39 ->
@d0 40 2
4 40 0
@d1 41 2
4 41 0
@d2 42 2
4 42 0
@d3 43 2
4 43 0
@ord_info 44 0
4 44 NULL
@attach_ptr 45 0
3 45 NULL
@dim_text_ptr 46 0
3 46 ->
@symbol 47 10
4 47 d3
@parent_dim_id 48 1
3 48 -1
@ipar_num 49 1
1 49 0
@smt_info_ptr 50 0
1 50 NULL
@cable_info_ptr 51 0
1 51 ->
@id 52 1
2 52 -1
@type 53 1
2 53 94
@ref_harness_id 54 1
2 54 -1
@cable_assem_id 55 1
2 55 -1
@work_subharn_id 56 1
2 56 -3253
@parent_ext_ref_id 57 1
2 57 -1
@p_frbn_info 58 0
2 58 NULL
@log_info_src_name 59 10
2 59 NULL
@log_info_src_type 60 1
2 60 0
@comp_info_ptr 61 0
1 61 NULL
@prt_misc_ptr 62 0
1 62 ->
@shrink_data_ptr 63 0
2 63 NULL
@expld_mv_info 64 0
1 64 ->
@act_expl_state 65 1
2 65 -1
@default_state 66 0
2 66 ->
@id 67 1
3 67 -1
@type 68 1
3 68 500
@state_type 69 1
3 69 0
@cur_stage_ind 70 1
3 70 -1
@stage_info 71 0
3 71 [1]
4 71 
@unexpl_subass_info 72 0
3 72 ->
@expld_comp_ref 73 0
3 73 ->
@comp_id 74 1
4 74 -1
@gen_info 75 0
3 75 
@font 76 1
4 76 5
@color 77 1
4 77 10
@state_info_ptr 78 0
1 78 NULL
@alumni_feats 79 0
1 79 NULL
@p_mdl_grid 80 0
1 80 NULL
@mdl_status_ptr 81 0
1 81 NULL
@appl_info_arr 82 0
1 82 [3]
2 82 
@id 83 1
3 83 -1
@type 84 1
3 84 13
2 82 
3 83 -1
3 84 14
2 82 
3 83 0
3 84 12
@ribbon_info_ptr 85 0
1 85 NULL
@p_xref_data 86 0
1 86 ->
@first_analysis_feat 87 0
1 87 NULL
#ModelView#0
@View 1 0
0 1 ->
@id 2 1
1 2 0
@viewattr 3 0
1 3 
@attr_arr 4 1
2 4 [4]
$1,3*0
@mpoint 5 0
1 5 
@id 6 1
2 6 0
@coord 7 2
2 7 [3]
$0,BF4AAA1850D05,C002E97D10820416
@first_instr_ptr 8 0
2 8 NULL
@attach_ptr 9 0
2 9 NULL
@vpoint 10 0
1 10 
2 6 0
2 7 [3]
$407F4,407A5E,0
2 8 NULL
2 9 NULL
@orient 11 2
1 11 [4][4]
$BFD8825A5419FD86,3FED2D519BDF31DF,3FC2FC10D972119R,0
$BFCC5D2B26D0F0A9,BFCF8EA96AFC761A,3FEE30CFCA03CD62,0
$3FECB28B27E652FB,3FD5051CBF296248,3FD2F9302818499C,0
$3*0,3FF
@local_sys 12 2
1 12 [4][4]
$C03CE30D8F9C9A48,405131BAC0C90FED,40266026CE05183C,0
$C030B7109DBD04BF,C03298D1FA6071BR,4051CAA697671456,0
$4050E96088ECCA7D,4038C643EBEA34AF,40365CC286DEA3R,0
$40849F39FAF4DDD1,407E06D4AD8E44B,C09A34DCF690195A,3FF
@world_matrix_ptr 13 0
1 13 ->
@world_matrix 14 2
2 14 [4][4]
$0,4052DBB37F4F4F0B,2*0
$2*0,4052DBB37F4F4F0B,0
$4052DBB37F4F4F0B,3*0
$408532972F419BF6,407A5E,C072519C352DA52,3FF
@first_instr_ptr 15 0
1 15 ->
@type 16 1
2 16 100
@geom_id 17 1
2 17 -1
@view_id 18 1
2 18 -1
@memb_num 19 1
2 19 0
@offset 20 2
2 20 0
@matrix 21 0
2 21 NULL
@next_instr_ptr 22 0
1 22 ->
2 16 301
2 17 -1
2 18 -1
2 19 0
2 20 4052DB9C810D6A82
2 21 NULL
1 22 ->
2 16 125
2 17 -1
2 18 -1
2 19 0
2 20 0
2 21 ->
@matrix 23 2
3 23 [4][4]
$BFE012243AFC5F92,3FEABC7CD7D1C4B7,BFCC898D0439F56E,0
$BFEAE32622AFB221,BFDA460EF406CC0B,3FD6ABD8BB574394,0
$3FCA2B35E1CAB15F,3FD75FF0DDB8C9AC,3FED0FE4B29A8F2F,0
$3*0,3FF
1 22 NULL
@outer_xsec_index 24 1
1 24 -1
@next_view_id 25 1
1 25 3
@simp_rep_id 26 1
1 26 0
@name 27 10
1 27 no name
@fit_outline 28 2
1 28 [2][3]
$4059,405518,C08743B83A0B1336
$408C2,4087BB,0
@det_info_ptr 29 0
1 29 NULL
@named_view_pzmatr 30 0
1 30 NULL
@page_id 31 1
1 31 0
@model_name 32 10
1 32 NULL
@unrep_model_name 33 10
1 33 NULL
@saved_pro_dls 34 0
1 34 ->
@pro_dls 35 0
2 35 [14]
3 35 
@pro_dl_data 36 0
4 36 ->
@appl_type 37 1
5 37 1
@dl_type 38 1
5 38 5
@dl_id 39 1
5 39 0
@dl_hdr 40 0
5 40 
@disp_list_version 41 1
6 41 0
@visibility 42 1
6 42 33554436
@status_mask 43 1
6 43 3
@creation_scale 44 2
6 44 0
@view_matrix 45 2
6 45 [4][4]
$3FF,3*0
$0,3FF,2*0
$2*0,3FF,0
$3*0,3FF
@outline 46 2
6 46 [2][3]
$C00A,C00A0471C,C013DC29
$2*400A,3FA1EB88
@dl_block_mem_size 47 0
6 47 
@dl_block_mem_size 48 1
7 48 32768
@list 49 0
6 49 NULL
@token_contents 50 5
6 50 21
@render_attribs 51 5
6 51 1
@wire_colors 52 1
6 52 [6]
$537074191,537346598,541211167,543581798,547721807,553648127
@children 53 0
6 53 [1]
7 53 
@dl_data 54 0
8 54 
9 36 ->
10 37 46
10 38 5
10 39 1
@o_data 55 0
6 55 
@disp_data 56 0
7 56 NULL
3 35 
4 36 ->
5 37 10
5 38 7
5 39 0
3 35 
4 36 ->
5 37 21
5 38 5
5 39 39
3 35 
4 36 ->
5 37 46
5 38 5
5 39 1
5 40 
6 41 0
6 42 16
6 43 19
6 44 0
6 45 [4][4]
$3FF,3*0
$0,3FF,2*0
$2*0,3FF,0
$3*0,3FF
6 46 [2][3]
$C00A,C00A0471C,C013DC29
$2*400A,3FA1EB88
6 47 
7 48 1024
6 49 NULL
6 50 21
6 51 0
6 52 [6]
$537074191,537346598,541211167,543581798,547721807,553648127
6 53 [6]
7 53 
8 54 
9 36 ->
10 37 46
10 38 5
10 39 1
@key_list 57 1
10 57 [1]
11 57 1
7 53 
8 54 
9 36 ->
10 37 46
10 38 5
10 39 1
10 57 [1]
11 57 2
7 53 
8 54 
9 36 ->
10 37 46
10 38 5
10 39 1
10 57 [1]
11 57 21
7 53 
8 54 
9 36 ->
10 37 46
10 38 5
10 39 1
10 57 [1]
11 57 27
7 53 
8 54 
9 36 ->
10 37 46
10 38 5
10 39 1
10 57 [1]
11 57 28
7 53 
8 54 
9 36 ->
10 37 46
10 38 5
10 39 1
10 57 [1]
11 57 30
6 55 
7 56 ->
@model_type 58 1
8 58 1
@generic_name 59 10
8 59 NULL
3 35 
4 36 ->
5 37 46
5 38 5
5 39 1
5 57 [1]
6 57 1
5 40 
6 41 0
6 42 16
6 43 19
6 44 0
6 45 [4][4]
$3FF,3*0
$0,3FF,2*0
$2*0,3FF,0
$3*0,3FF
6 46 [2][3]
$2*BFD7B3A58,C0015C29
$2*3FD7B3A58,0
6 47 
7 48 1024
6 49 NULL
6 50 5
6 51 0
6 52 [2]
$541211167,547721807
6 55 
7 56 ->
8 58 2
@model_name 60 10
8 60 FT_FITTING
8 59 NULL
3 35 
4 36 ->
5 37 46
5 38 5
5 39 1
5 57 [1]
6 57 2
5 40 
6 41 0
6 42 16
6 43 19
6 44 0
6 45 [4][4]
$3FF,3*0
$0,3FF,2*0
$2*0,3FF,0
$3*0,3FF
6 46 [2][3]
$2*BFDA0C49C,C013DC29
$2*3FDA0C49C,3FA1EB88
6 47 
7 48 1024
6 49 NULL
6 50 5
6 51 0
6 52 [2]
$543581798,553648127
6 55 
7 56 ->
8 58 2
8 60 750_STK
8 59 NULL
3 35 
4 36 ->
5 37 46
5 38 5
5 39 1
5 57 [1]
6 57 21
5 40 
6 41 0
6 42 16
6 43 19
6 44 0
6 45 [4][4]
$BFF,3*0
$2*0,3FF,0
$0,3FF,2*0
$2*0,C0055C28F5C28F5C,3FF
6 46 [2][3]
$C00A,C00070A3E,C00A0471B38
$400A,0,400A
6 47 
7 48 1024
6 49 NULL
6 50 5
6 51 0
6 52 [2]
$543581798,553648127
6 55 
7 56 ->
8 58 2
8 60 HCH6
8 59 HCH
3 35 
4 36 ->
5 37 46
5 38 5
5 39 1
5 57 [1]
6 57 27
5 40 
6 41 0
6 42 16
6 43 19
6 44 0
6 45 [4][4]
$0,BFF,2*0
$2*0,3FF,0
$BFF,3*0
$0,BFD33665C6F5F2CF,C002CR,3FF
6 46 [2][3]
$C00A034A3,BFF7D70A4,BFE1EB852
$BFE6147AC,0,3FE1EB852
6 47 
7 48 1024
6 49 NULL
6 50 5
6 51 0
6 52 [2]
$543581798,553648127
6 55 
7 56 ->
8 58 2
8 60 HMJ6
8 59 HMJ
3 35 
4 36 ->
5 37 46
5 38 5
5 39 1
5 57 [1]
6 57 28
5 40 
6 41 0
6 42 16
6 43 19
6 44 0
6 45 [4][4]
$BFEBB67AE8584CAB,3FE,2*0
$2*0,3FF,0
$3FE,3FEBB67AE8584CAB,2*0
$BFD0A3750D9E87BE,3FC33665C6F5F2D5,C002CR,3FF
6 46 [2][3]
$C00A034A3,BFF7D70A4,BFE1EB852
$BFE6147AC,0,3FE1EB852
6 47 
7 48 1024
6 49 NULL
6 50 5
6 51 0
6 52 [2]
$543581798,553648127
6 55 
7 56 ->
8 58 2
8 60 HMJ6
8 59 HMJ
3 35 
4 36 ->
5 37 46
5 38 5
5 39 1
5 57 [1]
6 57 30
5 40 
6 41 0
6 42 16
6 43 19
6 44 0
6 45 [4][4]
$3FEBB67AE8584CAB,3FE,2*0
$2*0,3FF,0
$3FE,BFEBB67AE8584CAB,2*0
$3FD0A3750D9E87B8,3FC33665C6F5F2E4,C002CR,3FF
6 46 [2][3]
$C00A034A3,BFF7D70A4,BFE1EB852
$BFE6147AC,0,3FE1EB852
6 47 
7 48 1024
6 49 NULL
6 50 5
6 51 0
6 52 [2]
$543581798,553648127
6 55 
7 56 ->
8 58 2
8 60 HMJ6
8 59 HMJ
3 35 
4 36 ->
5 37 47
5 38 7
5 39 0
3 35 
4 36 ->
5 37 48
5 38 8
5 39 0
3 35 
4 36 ->
5 37 49
5 38 7
5 39 0
3 35 
4 36 ->
5 37 64
5 38 7
5 39 0
@explode_state 61 0
1 61 NULL
#ModelView#3
@View 1 0
0 1 ->
@id 2 1
1 2 3
@viewattr 3 0
1 3 
@attr_arr 4 1
2 4 [4]
$1,3*0
@mpoint 5 0
1 5 
@id 6 1
2 6 0
@coord 7 2
2 7 [3]
$0,BF4AAA1850D05,C002E97D10820416
@first_instr_ptr 8 0
2 8 NULL
@attach_ptr 9 0
2 9 NULL
@vpoint 10 0
1 10 
2 6 0
2 7 [3]
$407F4,407A5E,0
2 8 NULL
2 9 NULL
@orient 11 2
1 11 [4][4]
$BFC0CE81592E19F,3FE9C1DD0223367B,3FE2848DFF2AE381,0
$BFE3A3B5AF777132,BFE0C808FA325198,3FE2E2C7428C6EF4,0
$3FE8E99E86369F32,BFD1C53F5EC8EE13,3FE202F4F7D1554D,0
$3*0,3FF
@local_sys 12 2
1 12 [4][4]
$C023CF0073C4B43B,404E5BA2156052F6,4045D34B386992AF,0
$C04725BD46CBE19R,C043C7603A0B8E91,40464258EDA7E45D,0
$404D5CC3AF848D1R,C034F1D0F0827BB2,40453A8C3DE6E2CA,0
$4083F64DEA7530E,407745461FFB1F0C,C09976EE29B16DCR,3FF
@world_matrix_ptr 13 0
1 13 ->
@world_matrix 14 2
2 14 [4][4]
$C023CF0073C4B43B,404E5BA2156052F6,4045D34B386992AF,0
$C04725BD46CBE19R,C043C7603A0B8E91,40464258EDA7E45D,0
$404D5CC3AF848D1R,C034F1D0F0827BB2,40453A8C3DE6E2CA,0
$4083F64DEA7530E,407745461FFB1F0C,405919F9D66C5272,3FF
@first_instr_ptr 15 0
1 15 ->
@type 16 1
2 16 100
@geom_id 17 1
2 17 -1
@view_id 18 1
2 18 -1
@memb_num 19 1
2 19 0
@offset 20 2
2 20 0
@matrix 21 0
2 21 NULL
@next_instr_ptr 22 0
1 22 ->
2 16 301
2 17 -1
2 18 -1
2 19 0
2 20 4052DB9C810D6A82
2 21 NULL
1 22 ->
2 16 125
2 17 -1
2 18 -1
2 19 0
2 20 0
2 21 ->
@matrix 23 2
3 23 [4][4]
$BFBF46E60D85B059,3FEEFE6E4039B7C4,3FCBBD7DBF365B1D,0
$BFEFB909056B6686,BFBBC579451318D8,BFB2F452552415EC,0
$BFA8ADFAB2892736,BFCCA86409DEA50A,3FEF2645CCD716E8,0
$3*0,3FF
1 22 NULL
@outer_xsec_index 24 1
1 24 -1
@next_view_id 25 1
1 25 4
@simp_rep_id 26 1
1 26 0
@name 27 10
1 27 ISO
@fit_outline 28 2
1 28 [2][3]
$4059,405518,C08AC81D93413434
$408C2,4087BB,0
@det_info_ptr 29 0
1 29 NULL
@named_view_pzmatr 30 0
1 30 ->
2 23 [4][4]
$3FF9805289FDED5R,3*0
$0,3FF9805289FDED5R,2*0
$2*0,3FF9805289FDED5R,0
$C0659A23AB1214A8,C0721C178C19D0A9,0,3FF
@page_id 31 1
1 31 0
@model_name 32 10
1 32 NULL
@unrep_model_name 33 10
1 33 NULL
@saved_pro_dls 34 0
1 34 ->
@explode_state 35 0
1 35 NULL
#ModelView#4
@View 1 0
0 1 ->
@id 2 1
1 2 4
@viewattr 3 0
1 3 
@attr_arr 4 1
2 4 [4]
$1,3*0
@mpoint 5 0
1 5 
@id 6 1
2 6 0
@coord 7 2
2 7 [3]
$0,BF4AAA1850D05,C00559F1607B84FA
@first_instr_ptr 8 0
2 8 NULL
@attach_ptr 9 0
2 9 NULL
@vpoint 10 0
1 10 
2 6 0
2 7 [3]
$407F4,407A5E,0
2 8 NULL
2 9 NULL
@orient 11 2
1 11 [4][4]
$0,3FF,2*0
$2*0,3FF,0
$3FF,3*0
$3*0,3FF
@local_sys 12 2
1 12 [4][4]
$0,4051E69CFDB608C9,2*0
$2*0,4051E69CFDB608C9,0
$4051E69CFDB608C9,3*0
$408598D3B8F42F4C,407A5E,C09A509D502B4B87,3FF
@world_matrix_ptr 13 0
1 13 ->
@world_matrix 14 2
2 14 [4][4]
$0,4051E69CFDB608C9,2*0
$2*0,4051E69CFDB608C9,0
$4051E69CFDB608C9,3*0
$408598D3B8F42F4C,407A5E,3FADD50C94A51964,3FF
@first_instr_ptr 15 0
1 15 ->
@type 16 1
2 16 100
@geom_id 17 1
2 17 -1
@view_id 18 1
2 18 -1
@memb_num 19 1
2 19 0
@offset 20 2
2 20 0
@matrix 21 0
2 21 NULL
@next_instr_ptr 22 0
1 22 ->
2 16 301
2 17 -1
2 18 -1
2 19 0
2 20 4051E69CFDB608C9
2 21 NULL
1 22 ->
2 16 125
2 17 -1
2 18 -1
2 19 0
2 20 0
2 21 ->
@matrix 23 2
3 23 [4][4]
$BFBF46E60D85B059,3FEEFE6E4039B7C4,3FCBBD7DBF365B1D,0
$BFEFB909056B6686,BFBBC579451318D8,BFB2F452552415EC,0
$BFA8ADFAB2892736,BFCCA86409DEA50A,3FEF2645CCD716E8,0
$3*0,3FF
1 22 ->
2 16 201
2 17 9
2 18 -1
2 19 1
@memb_id_tab 24 1
2 24 [1]
3 24 2
2 20 0
2 21 NULL
1 22 ->
2 16 202
2 17 5
2 18 -1
2 19 1
2 24 [1]
3 24 2
2 20 0
2 21 NULL
1 22 NULL
@outer_xsec_index 25 1
1 25 -1
@next_view_id 26 1
1 26 5
@simp_rep_id 27 1
1 27 0
@name 28 10
1 28 FRONT
@fit_outline 29 2
1 29 [2][3]
$4059,405518,C081647709CB74E6
$408C2,4087BB,0
@det_info_ptr 30 0
1 30 NULL
@named_view_pzmatr 31 0
1 31 ->
2 23 [4][4]
$3FF37D6A9078FBE5,3*0
$0,3FF37D6A9078FBE5,2*0
$2*0,3FF37D6A9078FBE5,0
$C0634A7517C920BC,C05C832EE7F852A,0,3FF
@page_id 32 1
1 32 0
@model_name 33 10
1 33 NULL
@unrep_model_name 34 10
1 34 NULL
@saved_pro_dls 35 0
1 35 ->
@explode_state 36 0
1 36 NULL
#ModelView#5
@View 1 0
0 1 ->
@id 2 1
1 2 5
@viewattr 3 0
1 3 
@attr_arr 4 1
2 4 [4]
$1,3*0
@mpoint 5 0
1 5 
@id 6 1
2 6 0
@coord 7 2
2 7 [3]
$0,BF4AAA1850D05,C002E97D10820416
@first_instr_ptr 8 0
2 8 NULL
@attach_ptr 9 0
2 9 NULL
@vpoint 10 0
1 10 
2 6 0
2 7 [3]
$407F4,407A5E,0
2 8 NULL
2 9 NULL
@orient 11 2
1 11 [4][4]
$0,3FF,2*0
$BFF,3*0
$2*0,3FF,0
$3*0,3FF
@local_sys 12 2
1 12 [4][4]
$0,4052DBB37F4F4F0B,2*0
$C052DBB37F4F4F0B,0,3CF4CD161D8D1AD,0
$3CF4CD161D8D1AD,0,4052DBB37F4F4F0B,0
$407F3F04940AA94A,407A5E,C0983F5419B58B96,3FF
@world_matrix_ptr 13 0
1 13 ->
@world_matrix 14 2
2 14 [4][4]
$0,4052DBB37F4F4F0B,2*0
$C052DBB37F4F4F0B,0,3CF4CD161D8D1AD,0
$3CF4CD161D8D1AD,0,4052DBB37F4F4F0B,0
$407F3F04940AA94A,407A5E,40664A5CBD066FDA,3FF
@first_instr_ptr 15 0
1 15 ->
@type 16 1
2 16 100
@geom_id 17 1
2 17 -1
@view_id 18 1
2 18 -1
@memb_num 19 1
2 19 0
@offset 20 2
2 20 0
@matrix 21 0
2 21 NULL
@next_instr_ptr 22 0
1 22 ->
2 16 301
2 17 -1
2 18 -1
2 19 0
2 20 4052DBB37F4F4F0B
2 21 NULL
1 22 ->
2 16 125
2 17 -1
2 18 -1
2 19 0
2 20 0
2 21 ->
@matrix 23 2
3 23 [4][4]
$BFBF46E60D85B059,3FEEFE6E4039B7C4,3FCBBD7DBF365B1D,0
$BFEFB909056B6686,BFBBC579451318D8,BFB2F452552415EC,0
$BFA8ADFAB2892736,BFCCA86409DEA50A,3FEF2645CCD716E8,0
$3*0,3FF
1 22 ->
2 16 201
2 17 9
2 18 -1
2 19 1
@memb_id_tab 24 1
2 24 [1]
3 24 2
2 20 0
2 21 NULL
1 22 ->
2 16 202
2 17 5
2 18 -1
2 19 1
2 24 [1]
3 24 2
2 20 0
2 21 NULL
1 22 ->
2 16 102
2 17 -1
2 18 -1
2 19 0
2 20 C0568
2 21 NULL
1 22 NULL
@outer_xsec_index 25 1
1 25 -1
@next_view_id 26 1
1 26 6
@simp_rep_id 27 1
1 27 0
@name 28 10
1 28 RIGHT
@fit_outline 29 2
1 29 [2][3]
$4059,405518,C078C6E5B50E338
$408C2,4087BB,0
@det_info_ptr 30 0
1 30 NULL
@named_view_pzmatr 31 0
1 31 ->
2 23 [4][4]
$3FF37D6A9078FBE5,3*0
$0,3FF37D6A9078FBE5,2*0
$2*0,3FF37D6A9078FBE5,0
$C0634A7517C920BC,C05C832EE7F852A,0,3FF
@page_id 32 1
1 32 0
@model_name 33 10
1 33 NULL
@unrep_model_name 34 10
1 34 NULL
@saved_pro_dls 35 0
1 35 ->
@explode_state 36 0
1 36 NULL
#ModelView#6
@View 1 0
0 1 ->
@id 2 1
1 2 6
@viewattr 3 0
1 3 
@attr_arr 4 1
2 4 [4]
$1,3*0
@mpoint 5 0
1 5 
@id 6 1
2 6 0
@coord 7 2
2 7 [3]
$0,BF4AAA1850D05,C002E97D10820416
@first_instr_ptr 8 0
2 8 NULL
@attach_ptr 9 0
2 9 NULL
@vpoint 10 0
1 10 
2 6 0
2 7 [3]
$407F4,407A5E,0
2 8 NULL
2 9 NULL
@orient 11 2
1 11 [4][4]
$2*0,3FF,0
$0,3FF,2*0
$BFF,3*0
$3*0,3FF
@local_sys 12 2
1 12 [4][4]
$0,3CF4CD161D8D1AD,4052DBB37F4F4F0B,0
$0,4052DBB37F4F4F0B,BCF4CD161D8D1AD,0
$C052DBB37F4F4F0B,3*0
$40741AD1A17CC813,407A5EFB6BF556B7,C09B089FB1565991,3FF
@world_matrix_ptr 13 0
1 13 ->
@world_matrix 14 2
2 14 [4][4]
$0,3CF4CD161D8D1AD,4052DBB37F4F4F0B,0
$0,4052DBB37F4F4F0B,BCF4CD161D8D1AD,0
$C052DBB37F4F4F0B,3*0
$40741AD1A17CC813,407A5EFB6BF556B7,0,3FF
@first_instr_ptr 15 0
1 15 ->
@type 16 1
2 16 100
@geom_id 17 1
2 17 -1
@view_id 18 1
2 18 -1
@memb_num 19 1
2 19 0
@offset 20 2
2 20 0
@matrix 21 0
2 21 NULL
@next_instr_ptr 22 0
1 22 ->
2 16 301
2 17 -1
2 18 -1
2 19 0
2 20 4052DBB37F4F4F0B
2 21 NULL
1 22 ->
2 16 125
2 17 -1
2 18 -1
2 19 0
2 20 0
2 21 ->
@matrix 23 2
3 23 [4][4]
$BFBF46E60D85B059,3FEEFE6E4039B7C4,3FCBBD7DBF365B1D,0
$BFEFB909056B6686,BFBBC579451318D8,BFB2F452552415EC,0
$BFA8ADFAB2892736,BFCCA86409DEA50A,3FEF2645CCD716E8,0
$3*0,3FF
1 22 ->
2 16 201
2 17 9
2 18 -1
2 19 1
@memb_id_tab 24 1
2 24 [1]
3 24 2
2 20 0
2 21 NULL
1 22 ->
2 16 202
2 17 5
2 18 -1
2 19 1
2 24 [1]
3 24 2
2 20 0
2 21 NULL
1 22 ->
2 16 102
2 17 -1
2 18 -1
2 19 0
2 20 0
2 21 NULL
1 22 ->
2 16 101
2 17 -1
2 18 -1
2 19 0
2 20 40568
2 21 NULL
1 22 NULL
@outer_xsec_index 25 1
1 25 -1
@next_view_id 26 1
1 26 7
@simp_rep_id 27 1
1 27 0
@name 28 10
1 28 TOP
@fit_outline 29 2
1 29 [2][3]
$4059,405518,C07F16B75C83108R
$408C2,4087BB,0
@det_info_ptr 30 0
1 30 NULL
@named_view_pzmatr 31 0
1 31 ->
2 23 [4][4]
$3FF37D6A9078FBE5,3*0
$0,3FF37D6A9078FBE5,2*0
$2*0,3FF37D6A9078FBE5,0
$C0634A7517C920BC,C05C832EE7F852A,0,3FF
@page_id 32 1
1 32 0
@model_name 33 10
1 33 NULL
@unrep_model_name 34 10
1 34 NULL
@saved_pro_dls 35 0
1 35 ->
@explode_state 36 0
1 36 NULL
#ModelView#7
@View 1 0
0 1 ->
@id 2 1
1 2 7
@viewattr 3 0
1 3 
@attr_arr 4 1
2 4 [4]
$1,3*0
@mpoint 5 0
1 5 
@id 6 1
2 6 0
@coord 7 2
2 7 [3]
$0,BF4AAA1850D05,C002E97D10820416
@first_instr_ptr 8 0
2 8 NULL
@attach_ptr 9 0
2 9 NULL
@vpoint 10 0
1 10 
2 6 0
2 7 [3]
$407F4,407A5E,0
2 8 NULL
2 9 NULL
@orient 11 2
1 11 [4][4]
$0,3FF,2*0
$3FF,3*0
$2*0,BFF,0
$3*0,3FF
@local_sys 12 2
1 12 [4][4]
$0,4052DBB37F4F4F0B,3CF4CD43238BB46A,0
$4052DBB37F4F4F0B,3*0
$0,3CF4CD43238BB46A,C052DBB37F4F4F0B,0
$407F40FB6BF556B7,407A5E,C09DD1EB57A0CDFB,3FF
@world_matrix_ptr 13 0
1 13 ->
@world_matrix 14 2
2 14 [4][4]
$0,4052DBB37F4F4F0B,3CF4CD43238BB46A,0
$4052DBB37F4F4F0B,3*0
$0,3CF4CD43238BB46A,C052DBB37F4F4F0B,0
$407F40FB6BF556B7,407A5E,C0664A5CBD066FDA,3FF
@first_instr_ptr 15 0
1 15 ->
@type 16 1
2 16 100
@geom_id 17 1
2 17 -1
@view_id 18 1
2 18 -1
@memb_num 19 1
2 19 0
@offset 20 2
2 20 0
@matrix 21 0
2 21 NULL
@next_instr_ptr 22 0
1 22 ->
2 16 301
2 17 -1
2 18 -1
2 19 0
2 20 4052DBB37F4F4F0B
2 21 NULL
1 22 ->
2 16 125
2 17 -1
2 18 -1
2 19 0
2 20 0
2 21 ->
@matrix 23 2
3 23 [4][4]
$BFBF46E60D85B059,3FEEFE6E4039B7C4,3FCBBD7DBF365B1D,0
$BFEFB909056B6686,BFBBC579451318D8,BFB2F452552415EC,0
$BFA8ADFAB2892736,BFCCA86409DEA50A,3FEF2645CCD716E8,0
$3*0,3FF
1 22 ->
2 16 201
2 17 9
2 18 -1
2 19 1
@memb_id_tab 24 1
2 24 [1]
3 24 2
2 20 0
2 21 NULL
1 22 ->
2 16 202
2 17 5
2 18 -1
2 19 1
2 24 [1]
3 24 2
2 20 0
2 21 NULL
1 22 ->
2 16 102
2 17 -1
2 18 -1
2 19 0
2 20 0
2 21 NULL
1 22 ->
2 16 101
2 17 -1
2 18 -1
2 19 0
2 20 40568
2 21 NULL
1 22 ->
2 16 102
2 17 -1
2 18 -1
2 19 0
2 20 40568
2 21 NULL
1 22 ->
2 16 103
2 17 -1
2 18 -1
2 19 0
2 20 40568
2 21 NULL
1 22 NULL
@outer_xsec_index 25 1
1 25 -1
@next_view_id 26 1
1 26 8
@simp_rep_id 27 1
1 27 0
@name 28 10
1 28 LEFT
@fit_outline 29 2
1 29 [2][3]
$4059,405518,C078C6E5B50E338
$408C2,4087BB,0
@det_info_ptr 30 0
1 30 NULL
@named_view_pzmatr 31 0
1 31 ->
2 23 [4][4]
$3FF37D6A9078FBE5,3*0
$0,3FF37D6A9078FBE5,2*0
$2*0,3FF37D6A9078FBE5,0
$C0634A7517C920BC,C05C832EE7F852A,0,3FF
@page_id 32 1
1 32 0
@model_name 33 10
1 33 NULL
@unrep_model_name 34 10
1 34 NULL
@saved_pro_dls 35 0
1 35 ->
@explode_state 36 0
1 36 NULL
#ModelView#8
@View 1 0
0 1 ->
@id 2 1
1 2 8
@viewattr 3 0
1 3 
@attr_arr 4 1
2 4 [4]
$1,3*0
@mpoint 5 0
1 5 
@id 6 1
2 6 0
@coord 7 2
2 7 [3]
$0,BF4AAA1850D05,C002E97D10820416
@first_instr_ptr 8 0
2 8 NULL
@attach_ptr 9 0
2 9 NULL
@vpoint 10 0
1 10 
2 6 0
2 7 [3]
$407F4,407A5E,0
2 8 NULL
2 9 NULL
@orient 11 2
1 11 [4][4]
$2*0,BFF,0
$0,3FF,2*0
$3FF,3*0
$3*0,3FF
@local_sys 12 2
1 12 [4][4]
$BD04CD161D8D1AD,0,C052DBB37F4F4F0B,0
$3CF4CD161D8D1AD,4052DBB37F4F4F0B,2*0
$4052DBB37F4F4F0B,BCF4CD161D8D1AD,BD04CD161D8D1AD,0
$408532972F419BF6,407A5EFB6BF556B6,C09B089FB1565991,3FF
@world_matrix_ptr 13 0
1 13 ->
@world_matrix 14 2
2 14 [4][4]
$BD04CD161D8D1AD,0,C052DBB37F4F4F0B,0
$3CF4CD161D8D1AD,4052DBB37F4F4F0B,2*0
$4052DBB37F4F4F0B,BCF4CD161D8D1AD,BD04CD161D8D1AD,0
$408532972F419BF6,407A5EFB6BF556B6,BD1896460AFFF9A,3FF
@first_instr_ptr 15 0
1 15 ->
@type 16 1
2 16 100
@geom_id 17 1
2 17 -1
@view_id 18 1
2 18 -1
@memb_num 19 1
2 19 0
@offset 20 2
2 20 0
@matrix 21 0
2 21 NULL
@next_instr_ptr 22 0
1 22 ->
2 16 301
2 17 -1
2 18 -1
2 19 0
2 20 4052DBB37F4F4F0B
2 21 NULL
1 22 ->
2 16 125
2 17 -1
2 18 -1
2 19 0
2 20 0
2 21 ->
@matrix 23 2
3 23 [4][4]
$BFBF46E60D85B059,3FEEFE6E4039B7C4,3FCBBD7DBF365B1D,0
$BFEFB909056B6686,BFBBC579451318D8,BFB2F452552415EC,0
$BFA8ADFAB2892736,BFCCA86409DEA50A,3FEF2645CCD716E8,0
$3*0,3FF
1 22 ->
2 16 201
2 17 9
2 18 -1
2 19 1
@memb_id_tab 24 1
2 24 [1]
3 24 2
2 20 0
2 21 NULL
1 22 ->
2 16 202
2 17 5
2 18 -1
2 19 1
2 24 [1]
3 24 2
2 20 0
2 21 NULL
1 22 ->
2 16 102
2 17 -1
2 18 -1
2 19 0
2 20 0
2 21 NULL
1 22 ->
2 16 101
2 17 -1
2 18 -1
2 19 0
2 20 40568
2 21 NULL
1 22 ->
2 16 102
2 17 -1
2 18 -1
2 19 0
2 20 40568
2 21 NULL
1 22 ->
2 16 103
2 17 -1
2 18 -1
2 19 0
2 20 40568
2 21 NULL
1 22 ->
2 16 101
2 17 -1
2 18 -1
2 19 0
2 20 C0568
2 21 NULL
1 22 ->
2 16 103
2 17 -1
2 18 -1
2 19 0
2 20 40568
2 21 NULL
1 22 NULL
@outer_xsec_index 25 1
1 25 -1
@next_view_id 26 1
1 26 9
@simp_rep_id 27 1
1 27 0
@name 28 10
1 28 BOTTOM
@fit_outline 29 2
1 29 [2][3]
$4059,405518,C07F16B75C83108R
$408C2,4087BB,0
@det_info_ptr 30 0
1 30 NULL
@named_view_pzmatr 31 0
1 31 ->
2 23 [4][4]
$3FF37D6A9078FBE5,3*0
$0,3FF37D6A9078FBE5,2*0
$2*0,3FF37D6A9078FBE5,0
$C0634A7517C920BC,C05C832EE7F852A,0,3FF
@page_id 32 1
1 32 0
@model_name 33 10
1 33 NULL
@unrep_model_name 34 10
1 34 NULL
@saved_pro_dls 35 0
1 35 ->
@explode_state 36 0
1 36 NULL
#ModelView#9
@View 1 0
0 1 ->
@id 2 1
1 2 9
@viewattr 3 0
1 3 
@attr_arr 4 1
2 4 [4]
$1,3*0
@mpoint 5 0
1 5 
@id 6 1
2 6 0
@coord 7 2
2 7 [3]
$0,BF4AAA1850D05,C002E97D10820416
@first_instr_ptr 8 0
2 8 NULL
@attach_ptr 9 0
2 9 NULL
@vpoint 10 0
1 10 
2 6 0
2 7 [3]
$407F4,407A5E,0
2 8 NULL
2 9 NULL
@orient 11 2
1 11 [4][4]
$0,3FF,2*0
$2*0,BFF,0
$BFF,3*0
$3*0,3FF
@local_sys 12 2
1 12 [4][4]
$3D04CD161D8D1AD,4052DBB37F4F4F0B,BCF4CD161D8D1AD2,0
$BD0F33A12C53A838,BCF4CD161D8D1AD,C052DBB37F4F4F0B,0
$C052DBB37F4F4F0B,3D04CD161D8D1AD,3D0F33A12C53A838,0
$40741AD1A17CC813,407A5E,C09B08DE8C53AF3E,3FF
@world_matrix_ptr 13 0
1 13 ->
@world_matrix 14 2
2 14 [4][4]
$3D04CD161D8D1AD,4052DBB37F4F4F0B,BCF4CD161D8D1AD2,0
$BD0F33A12C53A838,BCF4CD161D8D1AD,C052DBB37F4F4F0B,0
$C052DBB37F4F4F0B,3D04CD161D8D1AD,3D0F33A12C53A838,0
$40741AD1A17CC813,407A5E,BFAF6D7EAAD6BF84,3FF
@first_instr_ptr 15 0
1 15 ->
@type 16 1
2 16 100
@geom_id 17 1
2 17 -1
@view_id 18 1
2 18 -1
@memb_num 19 1
2 19 0
@offset 20 2
2 20 0
@matrix 21 0
2 21 NULL
@next_instr_ptr 22 0
1 22 ->
2 16 301
2 17 -1
2 18 -1
2 19 0
2 20 4052DBB37F4F4F0B
2 21 NULL
1 22 ->
2 16 125
2 17 -1
2 18 -1
2 19 0
2 20 0
2 21 ->
@matrix 23 2
3 23 [4][4]
$BFBF46E60D85B059,3FEEFE6E4039B7C4,3FCBBD7DBF365B1D,0
$BFEFB909056B6686,BFBBC579451318D8,BFB2F452552415EC,0
$BFA8ADFAB2892736,BFCCA86409DEA50A,3FEF2645CCD716E8,0
$3*0,3FF
1 22 ->
2 16 201
2 17 9
2 18 -1
2 19 1
@memb_id_tab 24 1
2 24 [1]
3 24 2
2 20 0
2 21 NULL
1 22 ->
2 16 202
2 17 5
2 18 -1
2 19 1
2 24 [1]
3 24 2
2 20 0
2 21 NULL
1 22 ->
2 16 102
2 17 -1
2 18 -1
2 19 0
2 20 0
2 21 NULL
1 22 ->
2 16 101
2 17 -1
2 18 -1
2 19 0
2 20 40568
2 21 NULL
1 22 ->
2 16 102
2 17 -1
2 18 -1
2 19 0
2 20 40568
2 21 NULL
1 22 ->
2 16 103
2 17 -1
2 18 -1
2 19 0
2 20 40568
2 21 NULL
1 22 ->
2 16 101
2 17 -1
2 18 -1
2 19 0
2 20 C0568
2 21 NULL
1 22 ->
2 16 103
2 17 -1
2 18 -1
2 19 0
2 20 4070E
2 21 NULL
1 22 ->
2 16 101
2 17 -1
2 18 -1
2 19 0
2 20 40568
2 21 NULL
1 22 NULL
@outer_xsec_index 25 1
1 25 -1
@next_view_id 26 1
1 26 37
@simp_rep_id 27 1
1 27 0
@name 28 10
1 28 BACK
@fit_outline 29 2
1 29 [2][3]
$4059,405518,C0825297A122FBD6
$408C2,4087BB,0
@det_info_ptr 30 0
1 30 NULL
@named_view_pzmatr 31 0
1 31 ->
2 23 [4][4]
$3FF37D6A9078FBE5,3*0
$0,3FF37D6A9078FBE5,2*0
$2*0,3FF37D6A9078FBE5,0
$C0634A7517C920BC,C05C832EE7F852A,0,3FF
@page_id 32 1
1 32 0
@model_name 33 10
1 33 NULL
@unrep_model_name 34 10
1 34 NULL
@saved_pro_dls 35 0
1 35 ->
@explode_state 36 0
1 36 NULL
#ModelView#37
@View 1 0
0 1 ->
@id 2 1
1 2 37
@viewattr 3 0
1 3 
@attr_arr 4 1
2 4 [4]
$1,3*0
@mpoint 5 0
1 5 
@id 6 1
2 6 0
@coord 7 2
2 7 [3]
$0,BF4AAA1850D05,C0055A0B4B868AD9
@first_instr_ptr 8 0
2 8 NULL
@attach_ptr 9 0
2 9 NULL
@vpoint 10 0
1 10 
2 6 0
2 7 [3]
$407F4,407A5E,0
2 8 NULL
2 9 NULL
@orient 11 2
1 11 [4][4]
$0,3FF,2*0
$2*0,3FF,0
$3FF,3*0
$3*0,3FF
@local_sys 12 2
1 12 [4][4]
$0,405997342F42B1E5,2*0
$2*0,405997342F42B1E5,0
$405997342F42B1E5,3*0
$4088299E45144D8A,407A5E,C0A2CF3D02425A31,3FF
@world_matrix_ptr 13 0
1 13 ->
@world_matrix 14 2
2 14 [4][4]
$0,405997342F42B1E5,2*0
$2*0,405997342F42B1E5,0
$405997342F42B1E5,3*0
$4088299E45144D8A,407A5E,3FB552E11DA8FF91,3FF
@first_instr_ptr 15 0
1 15 ->
@type 16 1
2 16 100
@geom_id 17 1
2 17 -1
@view_id 18 1
2 18 -1
@memb_num 19 1
2 19 0
@offset 20 2
2 20 0
@matrix 21 0
2 21 NULL
@next_instr_ptr 22 0
1 22 ->
2 16 125
2 17 -1
2 18 -1
2 19 0
2 20 0
2 21 ->
@matrix 23 2
3 23 [4][4]
$BFBF46E60D85B059,3FEEFE6E4039B7C4,3FCBBD7DBF365B1D,0
$BFEFB909056B6686,BFBBC579451318D8,BFB2F452552415EC,0
$BFA8ADFAB2892736,BFCCA86409DEA50A,3FEF2645CCD716E8,0
$3*0,3FF
1 22 ->
2 16 201
2 17 9
2 18 -1
2 19 1
@memb_id_tab 24 1
2 24 [1]
3 24 2
2 20 0
2 21 NULL
1 22 ->
2 16 202
2 17 5
2 18 -1
2 19 1
2 24 [1]
3 24 2
2 20 0
2 21 NULL
1 22 ->
2 16 301
2 17 -1
2 18 -1
2 19 0
2 20 405997342F42B1E5
2 21 NULL
1 22 NULL
@outer_xsec_index 25 1
1 25 -1
@next_view_id 26 1
1 26 -2
@simp_rep_id 27 1
1 27 0
@name 28 10
1 28 TURN_VIEW
@fit_outline 29 2
1 29 [2][3]
$4059,405518,C088DD25911409B2
$408C2,4087BB,0
@det_info_ptr 30 0
1 30 NULL
@named_view_pzmatr 31 0
1 31 ->
2 23 [4][4]
$4008C73CCED29D85,3*0
$0,4008C73CCED29D85,2*0
$2*0,4008C73CCED29D85,0
$C096271C71C71C72,C08BED71C71C71C6,0,3FF
@page_id 32 1
1 32 0
@model_name 33 10
1 33 NULL
@unrep_model_name 34 10
1 34 NULL
@saved_pro_dls 35 0
1 35 ->
@explode_state 36 0
1 36 NULL
#DispDataColor
@ref_color_table 1 0
0 1 
@ref_color_arr 2 0
1 2 [6]
2 2 
@maximum 3 2
3 3 [3]
$3*3FF
@ambient 4 2
3 4 3FECR
@diffuse 5 2
3 5 3FECR
@specular 6 2
3 6 3FE9R
@spec_coef 7 2
3 7 3FE
@transmission 8 2
3 8 0
@threshold 9 1
3 9 90
@gl_ind 10 1
3 10 17
@highlight 11 2
3 11 [3]
$3*3FF
@reflection 12 2
3 12 3FECR
@bump_height 13 2
3 13 3FF
@bump 14 3
3 14 NULL
@decal_intensity 15 2
3 15 4059
@decal 16 3
3 16 NULL
@texture 17 3
3 17 NULL
2 2 
3 3 [3]
$0,3FF,0
3 4 3FECR
3 5 3FECR
3 6 3FE9R
3 7 3FE
3 8 0
3 9 90
3 10 1
3 11 [3]
$3*3FF
3 12 3FD
3 13 3FE
3 14 NULL
3 15 3FF
3 16 NULL
3 17 NULL
2 2 
3 3 [3]
$3FE19R,3FE051EB851EB852,3FE0F5C28F5C28F6
3 4 3FE6B851EB851EB8
3 5 3FE9R
3 6 3FE9R
3 7 3FE8A3D70A3D70A4
3 8 0
3 9 90
3 10 19
3 11 [3]
$3*3FF
3 12 3FECR
3 13 3FF
3 14 NULL
3 15 4059
3 16 NULL
3 17 NULL
2 2 
3 3 [3]
$3FCEB851EB851EB8,3FD0A3D70A3D70A4,3FDA3D70A3D70A3D
3 4 3FECR
3 5 3FECR
3 6 3FE9R
3 7 3FE
3 8 0
3 9 90
3 10 3
3 11 [3]
$3*3FF
3 12 3FECR
3 13 3FF
3 14 NULL
3 15 4059
3 16 NULL
3 17 NULL
2 2 
3 3 [3]
$3F9EB851EB851EB8,3FD0A3D70A3D70A4,3FC3R
3 4 3FECR
3 5 3FECR
3 6 3FE9R
3 7 3FE
3 8 0
3 9 90
3 10 18
3 11 [3]
$3*3FF
3 12 3FECR
3 13 3FF
3 14 NULL
3 15 4059
3 16 NULL
3 17 NULL
2 2 
3 3 [3]
$3FE4CR,3FE26BA493C89F41,3FD3F7CED916872B
3 4 3FECR
3 5 3FECR
3 6 3FE9R
3 7 3FEA8F5C28F5C29
3 8 0
3 9 90
3 10 20
3 11 [3]
$3*3FF
3 12 3FECR
3 13 3FF
3 14 NULL
3 15 4059
3 16 NULL
3 17 NULL
#DispDataTable
@disp_data_table 1 0
0 1 
@disp_data_arr 2 0
1 2 [1]
2 2 
@disp_data 3 0
3 3 ->
@wire 4 0
4 4 
@disp_list_version 5 1
5 5 213
@visibility 6 1
5 6 16
@status_mask 7 1
5 7 3
@creation_scale 8 2
5 8 0
@view_matrix 9 2
5 9 [4][4]
$3FF,3*0
$0,3FF,2*0
$2*0,3FF,0
$3*0,3FF
@outline 10 2
5 10 [2][3]
$3*41CDCD64FR
$3*C1CDCD64FR
@dl_block_mem_size 11 0
5 11 
@dl_block_mem_size 12 1
6 12 32768
@list 13 0
5 13 NULL
@token_contents 14 5
5 14 0
@render_attribs 15 5
5 15 0
@part_color 16 1
4 16 4
@color_prop_ptr 17 0
4 17 ->
@color_refs 18 0
5 18 [5]
6 18 
@ref_color 19 0
7 19 ->
@maximum 20 2
8 20 [3]
$3*3FF
@ambient 21 2
8 21 3FECR
@diffuse 22 2
8 22 3FECR
@specular 23 2
8 23 3FE9R
@spec_coef 24 2
8 24 3FE
@transmission 25 2
8 25 0
@threshold 26 1
8 26 90
@gl_ind 27 1
8 27 17
@highlight 28 2
8 28 [3]
$3*3FF
@reflection 29 2
8 29 3FECR
@bump_height 30 2
8 30 3FF
@bump 31 3
8 31 NULL
@decal_intensity 32 2
8 32 4059
@decal 33 3
8 33 NULL
@texture 34 3
8 34 NULL
6 18 
7 19 ->
8 20 [3]
$3F9EB851EB851EB8,3FD0A3D70A3D70A4,3FC3R
8 21 3FECR
8 22 3FECR
8 23 3FE9R
8 24 3FE
8 25 0
8 26 90
8 27 18
8 28 [3]
$3*3FF
8 29 3FECR
8 30 3FF
8 31 NULL
8 32 4059
8 33 NULL
8 34 NULL
6 18 
7 19 ->
8 20 [3]
$3FE19R,3FE051EB851EB852,3FE0F5C28F5C28F6
8 21 3FE6B851EB851EB8
8 22 3FE9R
8 23 3FE9R
8 24 3FE8A3D70A3D70A4
8 25 0
8 26 90
8 27 19
8 28 [3]
$3*3FF
8 29 3FECR
8 30 3FF
8 31 NULL
8 32 4059
8 33 NULL
8 34 NULL
6 18 
7 19 ->
8 20 [3]
$3FCEB851EB851EB8,3FD0A3D70A3D70A4,3FDA3D70A3D70A3D
8 21 3FECR
8 22 3FECR
8 23 3FE9R
8 24 3FE
8 25 0
8 26 90
8 27 3
8 28 [3]
$3*3FF
8 29 3FECR
8 30 3FF
8 31 NULL
8 32 4059
8 33 NULL
8 34 NULL
6 18 
7 19 ->
8 20 [3]
$0,3FF,0
8 21 3FECR
8 22 3FECR
8 23 3FE9R
8 24 3FE
8 25 0
8 26 90
8 27 1
8 28 [3]
$3*3FF
8 29 3FD
8 30 3FE
8 31 NULL
8 32 3FF
8 33 NULL
8 34 NULL
@surf_ind_tab 35 0
5 35 [10]
6 35 
@surf_id 36 1
7 36 1
@surf_color_inds 37 1
7 37 [2]
$0,-1
@surf_pl 38 0
7 38 [2]
8 38 
@placement_ptr 39 0
9 39 NULL
8 38 
9 39 NULL
6 35 
7 36 27
7 37 [2]
$3,-1
7 38 [2]
8 38 
9 39 NULL
8 38 
9 39 NULL
6 35 
7 36 13
7 37 [2]
$0,-1
7 38 [2]
8 38 
9 39 NULL
8 38 
9 39 NULL
6 35 
7 36 17
7 37 [2]
$0,-1
7 38 [2]
8 38 
9 39 NULL
8 38 
9 39 NULL
6 35 
7 36 -1
7 37 [2]
$1,-1
7 38 [2]
8 38 
9 39 NULL
8 38 
9 39 NULL
6 35 
7 36 29
7 37 [2]
$0,-1
7 38 [2]
8 38 
9 39 NULL
8 38 
9 39 NULL
6 35 
7 36 30
7 37 [2]
$3,-1
7 38 [2]
8 38 
9 39 NULL
8 38 
9 39 NULL
6 35 
7 36 28
7 37 [2]
$3,-1
7 38 [2]
8 38 
9 39 NULL
8 38 
9 39 NULL
6 35 
7 36 21
7 37 [2]
$2,-1
7 38 [2]
8 38 
9 39 NULL
8 38 
9 39 NULL
6 35 
7 36 2
7 37 [2]
$4,-1
7 38 [2]
8 38 
9 39 NULL
8 38 
9 39 NULL
@model_type 40 1
4 40 1
@flags 41 1
4 41 0
@generic_name 42 10
4 42 NULL
@label 43 10
4 43 NULL
@components 44 0
4 44 
@comp_arr 45 0
5 45 [6]
6 45 
@comp 46 0
7 46 ->
@id 47 1
8 47 1
@type 48 1
8 48 -1
@memb2model 49 2
8 49 [4][3]
$3FF,2*0
$0,3FF,0
$2*0,3FF
$3*0
@solid_dd 50 0
8 50 ->
9 16 5
9 40 2
9 41 2
@model_name 51 10
9 51 FT_FITTING
9 42 NULL
9 43 NULL
6 45 
7 46 ->
8 47 2
8 48 -1
8 49 [4][3]
$3FF,2*0
$0,3FF,0
$2*0,3FF
$3*0
8 50 ->
9 16 -1
9 40 2
9 41 2
9 51 750_STK
9 42 NULL
9 43 NULL
6 45 
7 46 ->
8 47 21
8 48 -1
8 49 [4][3]
$BFF,2*0
$2*0,3FF
$0,3FF,0
$2*0,C0055C28F5C28F5C
8 50 ->
9 4 
10 5 418
10 6 16
10 7 3
10 8 0
10 9 [4][4]
$3FF,3*0
$0,3FF,2*0
$2*0,3FF,0
$3*0,3FF
10 10 [2][3]
$C00A,C00070A3E,C00A
$400A,0,400A
10 11 
11 12 32768
10 13 ->
@ptr 52 0
11 52 [48]
12 52 
@data(dl_gc) 53 0
13 53 ->
@header 54 0
14 54 
@header 55 0
15 55 
@type 56 5
16 56 53
@count 57 5
16 57 1
@size 58 1
16 58 36
@int_data 59 1
14 59 [5]
$2*2,0,1,0
@linewidth 60 6
14 60 0
12 52 
@data(dl_arc3) 61 0
13 61 ->
@dl_header 62 0
14 62 
15 55 
16 56 43
16 57 1
16 58 140
@array 63 6
14 63 [15]
$3F4,4*0,3ED10F81,0,3F8,0,3E1BB55C,0,BF3C033,BE1BB55C,0,BF3C033
@matrix 64 6
14 64 [4][4]
$3F8,3*0
$0,3F8,2*0
$2*0,3F8,0
$4*0
12 52 
13 61 ->
14 62 
15 55 
16 56 43
16 57 1
16 58 140
14 63 [15]
$405,4*0,3FDFC025,0,BF8,0,C01F84E1,0,C0057B9B,401F84E1,0,C0057B9B
14 64 [4][4]
$3F8,3*0
$0,3F8,2*0
$2*0,3F8,0
$4*0
12 52 
13 61 ->
14 62 
15 55 
16 56 43
16 57 1
16 58 140
14 63 [15]
$3F4,4*0,3ED10F81,0,3F8,0,3F0F5C29,0,3EFF6FA9,3F36498,0,3E712D6C
14 64 [4][4]
$3F8,3*0
$0,3F8,2*0
$2*0,3F8,0
$4*0
12 52 
13 61 ->
14 62 
15 55 
16 56 43
16 57 1
16 58 140
14 63 [15]
$405,4*0,3EB36B26,0,BF8,0,40435BEC,0,BF8ECFF2,405,2*0
14 64 [4][4]
$3F8,3*0
$0,3F8,2*0
$2*0,3F8,0
$4*0
12 52 
13 61 ->
14 62 
15 55 
16 56 43
16 57 1
16 58 140
14 63 [15]
$405,4*0,3FB2E55B,0,BF8,0,405,2*0,3F0F5C29,0,404CE394
14 64 [4][4]
$3F8,3*0
$0,3F8,2*0
$2*0,3F8,0
$4*0
12 52 
13 61 ->
14 62 
15 55 
16 56 43
16 57 1
16 58 140
14 63 [15]
$405,4*0,3FB2E55B,0,BF8,0,BF0F5C29,0,404CE394,C05,2*0
14 64 [4][4]
$3F8,3*0
$0,3F8,2*0
$2*0,3F8,0
$4*0
12 52 
13 61 ->
14 62 
15 55 
16 56 43
16 57 1
16 58 140
14 63 [15]
$405,4*0,3EB36B26,0,BF8,0,C05,2*0,C0435BEC,0,BF8ECFF2
14 64 [4][4]
$3F8,3*0
$0,3F8,2*0
$2*0,3F8,0
$4*0
12 52 
13 61 ->
14 62 
15 55 
16 56 43
16 57 1
16 58 140
14 63 [15]
$3F4,4*0,3ED10F81,0,3F8,0,BF36498,0,3E712D6C,BF0F5C29,0,3EFF6FA9
14 64 [4][4]
$3F8,3*0
$0,3F8,2*0
$2*0,3F8,0
$4*0
12 52 
13 61 ->
14 62 
15 55 
16 56 43
16 57 1
16 58 140
14 63 [15]
$405,0,C003851F,2*0,40490FDB,0,BF8,0,C05,C003851F,0,405,C003851F,0
14 64 [4][4]
$3F8,3*0
$0,3F8,2*0
$2*0,3F8,0
$4*0
12 52 
13 61 ->
14 62 
15 55 
16 56 43
16 57 1
16 58 140
14 63 [15]
$405,0,C003851F,2*0,40490FDB,0,BF8,0,405,C003851F,0,C05,C003851F,0
14 64 [4][4]
$3F8,3*0
$0,3F8,2*0
$2*0,3F8,0
$4*0
12 52 
13 61 ->
14 62 
15 55 
16 56 43
16 57 1
16 58 140
14 63 [15]
$3F4,0,C003851F,2*0,40490FDB,0,3F8,0,BF4,C003851F,0,3F4,C003851F,0
14 64 [4][4]
$3F8,3*0
$0,3F8,2*0
$2*0,3F8,0
$4*0
12 52 
13 61 ->
14 62 
15 55 
16 56 43
16 57 1
16 58 140
14 63 [15]
$3F4,0,C003851F,2*0,40490FDB,0,3F8,0,3F4,C003851F,0,BF4,C003851F,0
14 64 [4][4]
$3F8,3*0
$0,3F8,2*0
$2*0,3F8,0
$4*0
12 52 
13 61 ->
14 62 
15 55 
16 56 43
16 57 1
16 58 140
14 63 [15]
$3F4,0,BE8369D,2*0,3EA4DD78,0,BF8,0,BF36498,BE8369D,3E712D6C,BF3FFFD7,
$BE8369D,BAFC0FC5
14 64 [4][4]
$3F8,3*0
$0,3F8,2*0
$2*0,3F8,0
$4*0
12 52 
13 61 ->
14 62 
15 55 
16 56 43
16 57 1
16 58 140
14 63 [15]
$3F4,0,BF369D03,2*0,3EA4DD78,0,3F8,0,BF3FFFD7,BF369D03,BAFC0FC5,BF36498,
$BF369D03,3E712D6C
14 64 [4][4]
$3F8,3*0
$0,3F8,2*0
$2*0,3F8,0
$4*0
12 52 
13 61 ->
14 62 
15 55 
16 56 43
16 57 1
16 58 140
14 63 [15]
$3F4,0,BF369D03,2*0,3EA4DD78,0,3F8,0,3F36498,BF369D03,3E712D6C,3F3FFFD7,
$BF369D03,BAFC0FC5
14 64 [4][4]
$3F8,3*0
$0,3F8,2*0
$2*0,3F8,0
$4*0
12 52 
13 61 ->
14 62 
15 55 
16 56 43
16 57 1
16 58 140
14 63 [15]
$3F4,0,BE8369D,2*0,3EA4DD78,0,BF8,0,3F3FFFD7,BE8369D,BAFC0FC5,3F36498,
$BE8369D,3E712D6C
14 64 [4][4]
$3F8,3*0
$0,3F8,2*0
$2*0,3F8,0
$4*0
12 52 
13 61 ->
14 62 
15 55 
16 56 43
16 57 1
16 58 140
14 63 [15]
$405,0,BE8369D,2*0,3D6DC1A,0,BF8,0,C0435BEC,BE8369D,BF8ECFF2,C03EE335,
$BE8369D,BFA53D18
14 64 [4][4]
$3F8,3*0
$0,3F8,2*0
$2*0,3F8,0
$4*0
12 52 
13 61 ->
14 62 
15 55 
16 56 43
16 57 1
16 58 140
14 63 [15]
$405,0,BF369D03,2*0,3D6DC1A,0,BF8,0,C0435BEC,BF369D03,BF8ECFF2,C03EE335,
$BF369D03,BFA53D18
14 64 [4][4]
$3F8,3*0
$0,3F8,2*0
$2*0,3F8,0
$4*0
12 52 
13 61 ->
14 62 
15 55 
16 56 43
16 57 1
16 58 140
14 63 [15]
$405,0,BF95C28F,2*0,3EB153FB,0,BF8,0,C0435BEC,BF95C28F,BF8ECFF2,C01F84E1,
$BF95C28F,C0057B9B
14 64 [4][4]
$3F8,3*0
$0,3F8,2*0
$2*0,3F8,0
$4*0
12 52 
13 61 ->
14 62 
15 55 
16 56 43
16 57 1
16 58 140
14 63 [15]
$3F4,0,BF95C28F,2*0,3FAEEDEB,0,BF8,0,BF4,BF95C28F,26,BE1BB55C,BF95C28F,
$BF3C033
14 64 [4][4]
$3F8,3*0
$0,3F8,2*0
$2*0,3F8,0
$4*0
12 52 
13 61 ->
14 62 
15 55 
16 56 43
16 57 1
16 58 140
14 63 [15]
$3F4,0,BF95C28F,2*0,3EA38D63,0,BF8,0,BF36498,BF95C28F,3E712D6C,BF4,
$BF95C28F,26
14 64 [4][4]
$3F8,3*0
$0,3F8,2*0
$2*0,3F8,0
$4*0
12 52 
13 61 ->
14 62 
15 55 
16 56 43
16 57 1
16 58 140
14 63 [15]
$405,0,BF369D03,2*0,3D6DC1A,0,BF8,0,C026FE83,BF369D03,BFF801F,C01F84E1,
$BF369D03,C0057B9B
14 64 [4][4]
$3F8,3*0
$0,3F8,2*0
$2*0,3F8,0
$4*0
12 52 
13 61 ->
14 62 
15 55 
16 56 43
16 57 1
16 58 140
14 63 [15]
$3F4,0,BF369D03,2*0,3EA4DD78,0,BF8,0,BEC0DA21,BF369D03,BF2607BA,BE1BB55C,
$BF369D03,BF3C033
14 64 [4][4]
$3F8,3*0
$0,3F8,2*0
$2*0,3F8,0
$4*0
12 52 
13 61 ->
14 62 
15 55 
16 56 43
16 57 1
16 58 140
14 63 [15]
$405,0,BE8369D,2*0,3D6DC1A,0,BF8,0,C026FE83,BE8369D,BFF801F,C01F84E1,
$BE8369D,C0057B9B
14 64 [4][4]
$3F8,3*0
$0,3F8,2*0
$2*0,3F8,0
$4*0
12 52 
13 61 ->
14 62 
15 55 
16 56 43
16 57 1
16 58 140
14 63 [15]
$3F4,0,BE8369D,2*0,3EA4DD78,0,BF8,0,BEC0DA21,BE8369D,BF2607BA,BE1BB55C,
$BE8369D,BF3C033
14 64 [4][4]
$3F8,3*0
$0,3F8,2*0
$2*0,3F8,0
$4*0
12 52 
13 61 ->
14 62 
15 55 
16 56 43
16 57 1
16 58 140
14 63 [15]
$405,0,BE8369D,2*0,3D6DC1A,0,BF8,0,401F84E1,BE8369D,C0057B9B,4026FE83,
$BE8369D,BFF801F
14 64 [4][4]
$3F8,3*0
$0,3F8,2*0
$2*0,3F8,0
$4*0
12 52 
13 61 ->
14 62 
15 55 
16 56 43
16 57 1
16 58 140
14 63 [15]
$3F4,0,BE8369D,2*0,3EA4DD78,0,BF8,0,3E1BB55C,BE8369D,BF3C033,3EC0DA21,
$BE8369D,BF2607BA
14 64 [4][4]
$3F8,3*0
$0,3F8,2*0
$2*0,3F8,0
$4*0
12 52 
13 61 ->
14 62 
15 55 
16 56 43
16 57 1
16 58 140
14 63 [15]
$405,0,BF369D03,2*0,3D6DC1A,0,BF8,0,401F84E1,BF369D03,C0057B9B,4026FE83,
$BF369D03,BFF801F
14 64 [4][4]
$3F8,3*0
$0,3F8,2*0
$2*0,3F8,0
$4*0
12 52 
13 61 ->
14 62 
15 55 
16 56 43
16 57 1
16 58 140
14 63 [15]
$3F4,0,BF369D03,2*0,3EA4DD78,0,BF8,0,3E1BB55C,BF369D03,BF3C033,3EC0DA21,
$BF369D03,BF2607BA
14 64 [4][4]
$3F8,3*0
$0,3F8,2*0
$2*0,3F8,0
$4*0
12 52 
13 61 ->
14 62 
15 55 
16 56 43
16 57 1
16 58 140
14 63 [15]
$405,0,BF95C28F,2*0,3EB153FB,0,BF8,0,401F84E1,BF95C28F,C0057B9B,40435BEC,
$BF95C28F,BF8ECFF2
14 64 [4][4]
$3F8,3*0
$0,3F8,2*0
$2*0,3F8,0
$4*0
12 52 
13 61 ->
14 62 
15 55 
16 56 43
16 57 1
16 58 140
14 63 [15]
$3F4,0,BF95C28F,2*0,3EA38D63,0,BF8,0,3F4,BF95C28F,A79,3F36498,BF95C28F,
$3E712D6C
14 64 [4][4]
$3F8,3*0
$0,3F8,2*0
$2*0,3F8,0
$4*0
12 52 
13 61 ->
14 62 
15 55 
16 56 43
16 57 1
16 58 140
14 63 [15]
$3F4,0,BF95C28F,2*0,3FAEEDEB,0,BF8,0,3E1BB55C,BF95C28F,BF3C033,3F4,
$BF95C28F,A79
14 64 [4][4]
$3F8,3*0
$0,3F8,2*0
$2*0,3F8,0
$4*0
12 52 
13 61 ->
14 62 
15 55 
16 56 43
16 57 1
16 58 140
14 63 [15]
$405,0,BF369D03,2*0,3D6DC1A,0,BF8,0,403EE335,BF369D03,BFA53D18,40435BEC,
$BF369D03,BF8ECFF2
14 64 [4][4]
$3F8,3*0
$0,3F8,2*0
$2*0,3F8,0
$4*0
12 52 
13 61 ->
14 62 
15 55 
16 56 43
16 57 1
16 58 140
14 63 [15]
$405,0,BE8369D,2*0,3D6DC1A,0,BF8,0,403EE335,BE8369D,BFA53D18,40435BEC,
$BE8369D,BF8ECFF2
14 64 [4][4]
$3F8,3*0
$0,3F8,2*0
$2*0,3F8,0
$4*0
12 52 
13 61 ->
14 62 
15 55 
16 56 43
16 57 1
16 58 140
14 63 [15]
$405,0,BE8369D,2*0,3D6DC1A,0,BF8,0,3F0F5C29,BE8369D,404CE394,3EBF258C,
$BE8369D,404E9F84
14 64 [4][4]
$3F8,3*0
$0,3F8,2*0
$2*0,3F8,0
$4*0
12 52 
13 61 ->
14 62 
15 55 
16 56 43
16 57 1
16 58 140
14 63 [15]
$3F4,0,BE8369D,2*0,3EA4DD78,0,BF8,0,3F0F5C29,BE8369D,3EFF6FA9,3EBF258C,
$BE8369D,3F2685C2
14 64 [4][4]
$3F8,3*0
$0,3F8,2*0
$2*0,3F8,0
$4*0
12 52 
13 61 ->
14 62 
15 55 
16 56 43
16 57 1
16 58 140
14 63 [15]
$405,0,BF369D03,2*0,3D6DC1A,0,BF8,0,3F0F5C29,BF369D03,404CE394,3EBF258C,
$BF369D03,404E9F84
14 64 [4][4]
$3F8,3*0
$0,3F8,2*0
$2*0,3F8,0
$4*0
12 52 
13 61 ->
14 62 
15 55 
16 56 43
16 57 1
16 58 140
14 63 [15]
$3F4,0,BF369D03,2*0,3EA4DD78,0,BF8,0,3F0F5C29,BF369D03,3EFF6FA9,3EBF258C,
$BF369D03,3F2685C2
14 64 [4][4]
$3F8,3*0
$0,3F8,2*0
$2*0,3F8,0
$4*0
12 52 
13 61 ->
14 62 
15 55 
16 56 43
16 57 1
16 58 140
14 63 [15]
$405,0,BF95C28F,2*0,3EB153FB,0,BF8,0,3F0F5C29,BF95C28F,404CE394,BF0F5C29,
$BF95C28F,404CE394
14 64 [4][4]
$3F8,3*0
$0,3F8,2*0
$2*0,3F8,0
$4*0
12 52 
13 61 ->
14 62 
15 55 
16 56 43
16 57 1
16 58 140
14 63 [15]
$3F4,0,BF95C28F,2*0,3FD7D143,0,BF8,0,3F0F5C29,BF95C28F,3EFF6FA9,BF0F5C29,
$BF95C28F,3EFF6FA9
14 64 [4][4]
$3F8,3*0
$0,3F8,2*0
$2*0,3F8,0
$4*0
12 52 
13 61 ->
14 62 
15 55 
16 56 43
16 57 1
16 58 140
14 63 [15]
$405,0,BF369D03,2*0,3D6DC1A,0,BF8,0,BEBF258C,BF369D03,404E9F84,BF0F5C29,
$BF369D03,404CE394
14 64 [4][4]
$3F8,3*0
$0,3F8,2*0
$2*0,3F8,0
$4*0
12 52 
13 61 ->
14 62 
15 55 
16 56 43
16 57 1
16 58 140
14 63 [15]
$3F4,0,BF369D03,2*0,3EA4DD78,0,BF8,0,BEBF258C,BF369D03,3F2685C2,BF0F5C29,
$BF369D03,3EFF6FA9
14 64 [4][4]
$3F8,3*0
$0,3F8,2*0
$2*0,3F8,0
$4*0
12 52 
13 61 ->
14 62 
15 55 
16 56 43
16 57 1
16 58 140
14 63 [15]
$405,0,BE8369D,2*0,3D6DC1A,0,BF8,0,BEBF258C,BE8369D,404E9F84,BF0F5C29,
$BE8369D,404CE394
14 64 [4][4]
$3F8,3*0
$0,3F8,2*0
$2*0,3F8,0
$4*0
12 52 
13 61 ->
14 62 
15 55 
16 56 43
16 57 1
16 58 140
14 63 [15]
$3F4,0,BE8369D,2*0,3EA4DD78,0,BF8,0,BEBF258C,BE8369D,3F2685C2,BF0F5C29,
$BE8369D,3EFF6FA9
14 64 [4][4]
$3F8,3*0
$0,3F8,2*0
$2*0,3F8,0
$4*0
12 52 
@data(dl_header) 65 0
13 65 ->
14 55 
15 56 1024
15 57 1756
15 58 12
12 52 
@data(dl_multi_line) 66 0
13 66 ->
@dl_multi_line 67 0
14 67 
@dl_header 68 0
15 68 
16 55 
17 56 26
17 57 144
17 58 1756
@midpnt 69 6
15 69 [4]
$4082D91F,0,BF15C28F,3F1247D2
@points 70 6
15 70 [432]
$401F84E1,0,C0057B9B,3E1BB55C,0,BF3C033,C01F84E1,0,C0057B9B,BE1BB55C,0,
$BF3C033,3F0F5C29,0,404CE394,3F0F5C29,0,3EFF6FA9,40435BEC,0,BF8ECFF2,3F36498,
$0,3E712D6C,BF0F5C29,0,404CE394,BF0F5C29,0,3EFF6FA9,C0435BEC,0,BF8ECFF2,
$BF36498,0,3E712D6C,C0435BEC,0,BF8ECFF2,C0435BEC,BE8369D,BF8ECFF2,BF36498,0,
$3E712D6C,BF36498,BE8369D,3E712D6C,C0435BEC,BE8369D,BF8ECFF2,BF36498,BE8369D,
$3E712D6C,C03EE335,BE8369D,BFA53D18,C03EE335,BF369D03,BFA53D18,BF3FFFD7,
$BE8369D,BAFC0FC5,BF3FFFD7,BF369D03,BAFC0FC5,C03EE335,BE8369D,BFA53D18,
$BF3FFFD7,BE8369D,BAFC0FC5,C03EE335,BF369D03,BFA53D18,BF3FFFD7,BF369D03,
$BAFC0FC5,C0435BEC,BF369D03,BF8ECFF2,C0435BEC,BF95C28F,BF8ECFF2,BF36498,
$BF369D03,3E712D6C,BF36498,BF95C28F,3E712D6C,C0435BEC,BF369D03,BF8ECFF2,
$BF36498,BF369D03,3E712D6C,C0435BEC,BF95C28F,BF8ECFF2,BF36498,BF95C28F,
$3E712D6C,C01F84E1,BF369D03,C0057B9B,C01F84E1,BF95C28F,C0057B9B,BE1BB55C,
$BF369D03,BF3C033,BE1BB55C,BF95C28F,BF3C033,C01F84E1,BF95C28F,C0057B9B,
$BE1BB55C,BF95C28F,BF3C033,C01F84E1,BF369D03,C0057B9B,BE1BB55C,BF369D03,
$BF3C033,C026FE83,BE8369D,BFF801F,C026FE83,BF369D03,BFF801F,BEC0DA21,BE8369D,
$BF2607BA,BEC0DA21,BF369D03,BF2607BA,C026FE83,BF369D03,BFF801F,BEC0DA21,
$BF369D03,BF2607BA,C026FE83,BE8369D,BFF801F,BEC0DA21,BE8369D,BF2607BA,
$BE1BB55C,0,BF3C033,BE1BB55C,BE8369D,BF3C033,C01F84E1,BE8369D,C0057B9B,
$BE1BB55C,BE8369D,BF3C033,C01F84E1,0,C0057B9B,C01F84E1,BE8369D,C0057B9B,
$401F84E1,0,C0057B9B,401F84E1,BE8369D,C0057B9B,3E1BB55C,0,BF3C033,3E1BB55C,
$BE8369D,BF3C033,401F84E1,BE8369D,C0057B9B,3E1BB55C,BE8369D,BF3C033,4026FE83,
$BE8369D,BFF801F,4026FE83,BF369D03,BFF801F,3EC0DA21,BE8369D,BF2607BA,
$3EC0DA21,BF369D03,BF2607BA,4026FE83,BE8369D,BFF801F,3EC0DA21,BE8369D,
$BF2607BA,4026FE83,BF369D03,BFF801F,3EC0DA21,BF369D03,BF2607BA,401F84E1,
$BF369D03,C0057B9B,401F84E1,BF95C28F,C0057B9B,3E1BB55C,BF369D03,BF3C033,
$3E1BB55C,BF95C28F,BF3C033,401F84E1,BF369D03,C0057B9B,3E1BB55C,BF369D03,
$BF3C033,401F84E1,BF95C28F,C0057B9B,3E1BB55C,BF95C28F,BF3C033,40435BEC,
$BF369D03,BF8ECFF2,40435BEC,BF95C28F,BF8ECFF2,3F36498,BF369D03,3E712D6C,
$3F36498,BF95C28F,3E712D6C,40435BEC,BF95C28F,BF8ECFF2,3F36498,BF95C28F,
$3E712D6C,40435BEC,BF369D03,BF8ECFF2,3F36498,BF369D03,3E712D6C,403EE335,
$BE8369D,BFA53D18,403EE335,BF369D03,BFA53D18,3F3FFFD7,BE8369D,BAFC0FC5,
$3F3FFFD7,BF369D03,BAFC0FC5,403EE335,BF369D03,BFA53D18,3F3FFFD7,BF369D03,
$BAFC0FC5,403EE335,BE8369D,BFA53D18,3F3FFFD7,BE8369D,BAFC0FC5,3F36498,0,
$3E712D6C,3F36498,BE8369D,3E712D6C,40435BEC,BE8369D,BF8ECFF2,3F36498,BE8369D,
$3E712D6C,40435BEC,0,BF8ECFF2,40435BEC,BE8369D,BF8ECFF2,3F0F5C29,0,404CE394,
$3F0F5C29,BE8369D,404CE394,3F0F5C29,0,3EFF6FA9,3F0F5C29,BE8369D,3EFF6FA9,
$3F0F5C29,BE8369D,404CE394,3F0F5C29,BE8369D,3EFF6FA9,3EBF258C,BE8369D,
$404E9F84,3EBF258C,BF369D03,404E9F84,3EBF258C,BE8369D,3F2685C2,3EBF258C,
$BF369D03,3F2685C2,3EBF258C,BE8369D,404E9F84,3EBF258C,BE8369D,3F2685C2,
$3EBF258C,BF369D03,404E9F84,3EBF258C,BF369D03,3F2685C2,3F0F5C29,BF369D03,
$404CE394,3F0F5C29,BF95C28F,404CE394,3F0F5C29,BF369D03,3EFF6FA9,3F0F5C29,
$BF95C28F,3EFF6FA9,3F0F5C29,BF369D03,404CE394,3F0F5C29,BF369D03,3EFF6FA9,
$3F0F5C29,BF95C28F,404CE394,3F0F5C29,BF95C28F,3EFF6FA9,BF0F5C29,BF369D03,
$404CE394,BF0F5C29,BF95C28F,404CE394,BF0F5C29,BF369D03,3EFF6FA9,BF0F5C29,
$BF95C28F,3EFF6FA9,BF0F5C29,BF95C28F,404CE394,BF0F5C29,BF95C28F,3EFF6FA9,
$BF0F5C29,BF369D03,404CE394,BF0F5C29,BF369D03,3EFF6FA9,BEBF258C,BE8369D,
$404E9F84,BEBF258C,BF369D03,404E9F84,BEBF258C,BE8369D,3F2685C2,BEBF258C,
$BF369D03,3F2685C2,BEBF258C,BF369D03,404E9F84,BEBF258C,BF369D03,3F2685C2,
$BEBF258C,BE8369D,404E9F84,BEBF258C,BE8369D,3F2685C2,BF0F5C29,0,3EFF6FA9,
$BF0F5C29,BE8369D,3EFF6FA9,BF0F5C29,BE8369D,404CE394,BF0F5C29,BE8369D,
$3EFF6FA9,BF0F5C29,0,404CE394,BF0F5C29,BE8369D,404CE394
12 52 
13 65 ->
14 55 
15 56 0
15 57 0
15 58 0
10 14 2
10 15 0
9 16 -1
9 17 NULL
9 40 2
9 41 4
9 51 HCH6
9 42 HCH
9 43 NULL
9 44 
6 45 
7 46 ->
8 47 27
8 48 -1
8 49 [4][3]
$2*0,BFF
$BFF,2*0
$0,3FF,0
$0,BFD33665C6F5F2CF,C002CR
8 50 ->
9 4 
10 5 1136
10 6 16
10 7 3
10 8 0
10 9 [4][4]
$3FF,3*0
$0,3FF,2*0
$2*0,3FF,0
$3*0,3FF
10 10 [2][3]
$C009FFFC2,BFF7D70A4,BFE1EB852
$BFE6147AE,0,3FE1EB852
10 11 
11 12 32768
10 13 ->
11 52 [30]
12 52 
13 53 ->
14 54 
15 55 
16 56 53
16 57 1
16 58 36
14 59 [5]
$2*2,0,1,0
14 60 0
12 52 
13 61 ->
14 62 
15 55 
16 56 43
16 57 1
16 58 140
14 63 [15]
$3E6147AE,BFA8F5C3,25,2*0,3F4822E5,0,3F8,0,BFC51EB8,25,A4,BFBCF1AR,25,
$3E1EB852
14 64 [4][4]
$3F8,3*0
$0,3F8,2*0
$2*0,3F8,0
$4*0
12 52 
13 61 ->
14 62 
15 55 
16 56 43
16 57 1
16 58 140
14 63 [15]
$3E6147AE,BFA8F5C3,25,2*0,3F4822E5,0,3F8,0,BFBCF1AR,25,BE1EB852,BFC51EB8,
$25,A4
14 64 [4][4]
$3F8,3*0
$0,3F8,2*0
$2*0,3F8,0
$4*0
12 52 
13 61 ->
14 62 
15 55 
16 56 43
16 57 1
16 58 140
14 63 [15]
$3E6147AE,BFA8F5C3,25,2*0,3F4822E5,0,3F8,0,BF94F9DC,25,3E1EB852,BF8CR,25,
$24
14 64 [4][4]
$3F8,3*0
$0,3F8,2*0
$2*0,3F8,0
$4*0
12 52 
13 61 ->
14 62 
15 55 
16 56 43
16 57 1
16 58 140
14 63 [15]
$3E6147AE,BFA8F5C3,25,2*0,3F4822E5,0,3F8,0,BF8CR,25,24,BF94F9DC,25,
$BE1EB852
14 64 [4][4]
$3F8,3*0
$0,3F8,2*0
$2*0,3F8,0
$4*0
12 52 
13 61 ->
14 62 
15 55 
16 56 43
16 57 1
16 58 140
14 63 [15]
$3F350ABE,2*0,1DE75254,0,3EE245D8,0,3F8,0,BF30A3D7,0,BE1EB852,BF30A3D7,0,
$3E1EB852
14 64 [4][4]
$3F8,3*0
$0,3F8,2*0
$2*0,3F8,0
$4*0
12 52 
13 61 ->
14 62 
15 55 
16 56 43
16 57 1
16 58 140
14 63 [15]
$3E6147AE,C0347AE1,25,2*0,3F4822E5,0,3F8,0,C0428F5C,25,A4,C03E78D5,25,
$3E1EB852
14 64 [4][4]
$3F8,3*0
$0,3F8,2*0
$2*0,3F8,0
$4*0
12 52 
13 61 ->
14 62 
15 55 
16 56 43
16 57 1
16 58 140
14 63 [15]
$405,2*0,1DE75254,0,3DC36BFD,0,3F8,0,C04FC368,0,BE1EB852,C04FC368,0,
$3E1EB852
14 64 [4][4]
$3F8,3*0
$0,3F8,2*0
$2*0,3F8,0
$4*0
12 52 
13 61 ->
14 62 
15 55 
16 56 43
16 57 1
16 58 140
14 63 [15]
$3E6147AE,C0347AE1,25,2*0,3F4822E5,0,3F8,0,C03E78D5,25,BE1EB852,C0428F5C,
$25,A4
14 64 [4][4]
$3F8,3*0
$0,3F8,2*0
$2*0,3F8,0
$4*0
12 52 
13 61 ->
14 62 
15 55 
16 56 43
16 57 1
16 58 140
14 63 [15]
$3E6147AE,C0347AE1,25,2*0,3F4822E5,0,3F8,0,C02A7CER,25,3E1EB852,C026R,25,
$24
14 64 [4][4]
$3F8,3*0
$0,3F8,2*0
$2*0,3F8,0
$4*0
12 52 
13 61 ->
14 62 
15 55 
16 56 43
16 57 1
16 58 140
14 63 [15]
$3E6147AE,C0347AE1,25,2*0,3F4822E5,0,3F8,0,C026R,25,24,C02A7CER,25,
$BE1EB852
14 64 [4][4]
$3F8,3*0
$0,3F8,2*0
$2*0,3F8,0
$4*0
12 52 
13 61 ->
14 62 
15 55 
16 56 43
16 57 1
16 58 140
14 63 [15]
$3E6147AE,C0347AE1,BDF5C28F,2*0,3FC9FCD1,0,3F8,0,C03E78D5,BDF5C28F,
$3E1EB852,C02A7CER,BDF5C28F,3E1EB852
14 64 [4][4]
$3F8,3*0
$0,3F8,2*0
$2*0,3F8,0
$4*0
12 52 
13 61 ->
14 62 
15 55 
16 56 43
16 57 1
16 58 140
14 63 [15]
$405,0,BDF5C28F,1DE75254,0,3E0078FC,0,3F8,0,C04FC368,BDF5C28F,3E1EB852,
$C04CE394,BDF5C28F,3F0F5C29
14 64 [4][4]
$3F8,3*0
$0,3F8,2*0
$2*0,3F8,0
$4*0
12 52 
13 61 ->
14 62 
15 55 
16 56 43
16 57 1
16 58 140
14 63 [15]
$3E6147AE,BFA8F5C3,BDF5C28F,2*0,3FC9FCD1,0,3F8,0,BFBCF1AR,BDF5C28F,
$3E1EB852,BF94F9DC,BDF5C28F,3E1EB852
14 64 [4][4]
$3F8,3*0
$0,3F8,2*0
$2*0,3F8,0
$4*0
12 52 
13 61 ->
14 62 
15 55 
16 56 43
16 57 1
16 58 140
14 63 [15]
$405,0,BF13A06D,1DE75254,0,3D6DC1A,0,3F8,0,C04E9F84,BF13A06D,3EBF258C,
$C04CE394,BF13A06D,3F0F5C29
14 64 [4][4]
$3F8,3*0
$0,3F8,2*0
$2*0,3F8,0
$4*0
12 52 
13 61 ->
14 62 
15 55 
16 56 43
16 57 1
16 58 140
14 63 [15]
$405,0,BF84R,1DE75254,0,3D6DC1A,0,3F8,0,C04E9F84,BF84R,3EBF258C,C04CE394,
$BF84R,3F0F5C29
14 64 [4][4]
$3F8,3*0
$0,3F8,2*0
$2*0,3F8,0
$4*0
12 52 
13 61 ->
14 62 
15 55 
16 56 43
16 57 1
16 58 140
14 63 [15]
$405,0,BFBEB852,1DE75254,0,3EB153FB,0,3F8,0,C04CE394,BFBEB852,BF0F5C29,
$C04CE394,BFBEB852,3F0F5C29
14 64 [4][4]
$3F8,3*0
$0,3F8,2*0
$2*0,3F8,0
$4*0
12 52 
13 61 ->
14 62 
15 55 
16 56 43
16 57 1
16 58 140
14 63 [15]
$3F350ABE,0,BFBEB852,1DE75254,0,3EE245D8,0,3F8,0,BF30A3D7,BFBEB852,
$BE1EB852,BF30A3D7,BFBEB852,3E1EB852
14 64 [4][4]
$3F8,3*0
$0,3F8,2*0
$2*0,3F8,0
$4*0
12 52 
13 61 ->
14 62 
15 55 
16 56 43
16 57 1
16 58 140
14 63 [15]
$405,0,BF84R,1DE75254,0,3D6DC1A,0,3F8,0,C04CE394,BF84R,BF0F5C29,C04E9F84,
$BF84R,BEBF258C
14 64 [4][4]
$3F8,3*0
$0,3F8,2*0
$2*0,3F8,0
$4*0
12 52 
13 61 ->
14 62 
15 55 
16 56 43
16 57 1
16 58 140
14 63 [15]
$405,0,BF13A06D,1DE75254,0,3D6DC1A,0,3F8,0,C04CE394,BF13A06D,BF0F5C29,
$C04E9F84,BF13A06D,BEBF258C
14 64 [4][4]
$3F8,3*0
$0,3F8,2*0
$2*0,3F8,0
$4*0
12 52 
13 61 ->
14 62 
15 55 
16 56 43
16 57 1
16 58 140
14 63 [15]
$3E6147AE,C0347AE1,BDF5C28F,2*0,3FC9FCD1,0,3F8,0,C02A7CER,BDF5C28F,
$BE1EB852,C03E78D5,BDF5C28F,BE1EB852
14 64 [4][4]
$3F8,3*0
$0,3F8,2*0
$2*0,3F8,0
$4*0
12 52 
13 61 ->
14 62 
15 55 
16 56 43
16 57 1
16 58 140
14 63 [15]
$405,0,BDF5C28F,1DE75254,0,3E0078FC,0,3F8,0,C04CE394,BDF5C28F,BF0F5C29,
$C04FC368,BDF5C28F,BE1EB852
14 64 [4][4]
$3F8,3*0
$0,3F8,2*0
$2*0,3F8,0
$4*0
12 52 
13 61 ->
14 62 
15 55 
16 56 43
16 57 1
16 58 140
14 63 [15]
$3E6147AE,BFA8F5C3,BDF5C28F,2*0,3FC9FCD1,0,3F8,0,BF94F9DC,BDF5C28F,
$BE1EB852,BFBCF1AR,BDF5C28F,BE1EB852
14 64 [4][4]
$3F8,3*0
$0,3F8,2*0
$2*0,3F8,0
$4*0
12 52 
13 61 ->
14 62 
15 55 
16 56 43
16 57 1
16 58 140
14 63 [15]
$3E6147AE,BFA8F5C3,BF428F5C,2*0,40490FDB,0,3F8,0,BF8CR,BF428F5C,23F87D71,
$BFC51EB8,BF428F5C,A3F87D71
14 64 [4][4]
$3F8,3*0
$0,3F8,2*0
$2*0,3F8,0
$4*0
12 52 
13 61 ->
14 62 
15 55 
16 56 43
16 57 1
16 58 140
14 63 [15]
$3E6147AE,BFA8F5C3,BF428F5C,2*0,40490FDB,0,3F8,0,BFC51EB8,BF428F5C,
$A3F87D71,BF8CR,BF428F5C,23F87D71
14 64 [4][4]
$3F8,3*0
$0,3F8,2*0
$2*0,3F8,0
$4*0
12 52 
13 61 ->
14 62 
15 55 
16 56 43
16 57 1
16 58 140
14 63 [15]
$3E6147AE,C0347AE1,BF428F5C,2*0,40490FDB,0,3F8,0,C026R,BF428F5C,23F87D71,
$C0428F5C,BF428F5C,A3F87D71
14 64 [4][4]
$3F8,3*0
$0,3F8,2*0
$2*0,3F8,0
$4*0
12 52 
13 61 ->
14 62 
15 55 
16 56 43
16 57 1
16 58 140
14 63 [15]
$3E6147AE,C0347AE1,BF428F5C,2*0,40490FDB,0,3F8,0,C0428F5C,BF428F5C,
$A3F87D71,C026R,BF428F5C,23F87D71
14 64 [4][4]
$3F8,3*0
$0,3F8,2*0
$2*0,3F8,0
$4*0
12 52 
13 65 ->
14 55 
15 56 1024
15 57 1996
15 58 12
12 52 
13 66 ->
14 67 
15 68 
16 55 
17 56 26
17 57 164
17 58 1996
15 69 [4]
$3FCA7A87,BFFBEC5E,BF3EB852,0
15 70 [492]
$BFE8F5C3,0,BE1EB852,BFE8F5C3,0,3E1EB852,C0147AE1,0,BE1EB852,C0147AE1,0,
$3E1EB852,BFBCF1AR,BDF5C28F,3E1EB852,BFBCF1AR,0,3E1EB852,BFE8F5C3,0,3E1EB852,
$BFE8F5C3,BDF5C28F,3E1EB852,BFE8F5C3,0,3E1EB852,BFBCF1AR,0,3E1EB852,C03E78D5,
$BDF5C28F,3E1EB852,C03E78D5,0,3E1EB852,C04FC368,BDF5C28F,3E1EB852,C04FC368,0,
$3E1EB852,C04FC368,0,3E1EB852,C03E78D5,0,3E1EB852,C02A7CER,BDF5C28F,3E1EB852,
$C02A7CER,0,3E1EB852,C02A7CER,0,3E1EB852,C0147AE1,0,3E1EB852,C0147AE1,0,
$3E1EB852,C0147AE1,BDF5C28F,3E1EB852,BF30A3D7,BDF5C28F,3E1EB852,BF30A3D7,0,
$3E1EB852,BF94F9DC,BDF5C28F,3E1EB852,BF94F9DC,0,3E1EB852,BF94F9DC,0,3E1EB852,
$BF30A3D7,0,3E1EB852,C02A7CER,BDF5C28F,3E1EB852,C0147AE1,BDF5C28F,3E1EB852,
$C0147AE1,BDF5C28F,3E1EB852,C0147AE1,BDF5C28F,3F0F5C29,C04FC368,BDF5C28F,
$3E1EB852,C03E78D5,BDF5C28F,3E1EB852,BF30A3D7,BDF5C28F,3E1EB852,BF6C7FEB,
$BDF5C28F,3F0F5C29,BFE8F5C3,BDF5C28F,3E1EB852,BFE8F5C3,BDF5C28F,3F0F5C29,
$BFE8F5C3,BDF5C28F,3E1EB852,BFBCF1AR,BDF5C28F,3E1EB852,BF94F9DC,BDF5C28F,
$3E1EB852,BF30A3D7,BDF5C28F,3E1EB852,BF6C7FEB,BDF5C28F,3F0F5C29,BF6C7FEB,
$BF13A06D,3F0F5C29,C04CE394,BF13A06D,3F0F5C29,C04CE394,BDF5C28F,3F0F5C29,
$C04CE394,BDF5C28F,3F0F5C29,C0147AE1,BDF5C28F,3F0F5C29,C0147AE1,BDF5C28F,
$3F0F5C29,C0147AE1,BE947AE1,3F0F5C29,C0147AE1,BE947AE1,3F0F5C29,BFE8F5C3,
$BE947AE1,3F0F5C29,BFE8F5C3,BDF5C28F,3F0F5C29,BFE8F5C3,BE947AE1,3F0F5C29,
$BFE8F5C3,BDF5C28F,3F0F5C29,BF6C7FEB,BDF5C28F,3F0F5C29,BF50E8F8,BF13A06D,
$3EBF258C,BF6C7FEB,BF13A06D,3F0F5C29,C04CE394,BF13A06D,3F0F5C29,BF6C7FEB,
$BF13A06D,3F0F5C29,BF50E8F8,BF13A06D,3EBF258C,BF50E8F8,BF84R,3EBF258C,
$C04E9F84,BF84R,3EBF258C,C04E9F84,BF13A06D,3EBF258C,C04E9F84,BF13A06D,
$3EBF258C,BF50E8F8,BF13A06D,3EBF258C,BF50E8F8,BF84R,3EBF258C,BF6C7FEB,BF84R,
$3F0F5C29,C04E9F84,BF84R,3EBF258C,BF50E8F8,BF84R,3EBF258C,BF6C7FEB,BF84R,
$3F0F5C29,BF6C7FEB,BFBEB852,3F0F5C29,C04CE394,BFBEB852,3F0F5C29,C04CE394,
$BF84R,3F0F5C29,C04CE394,BF84R,3F0F5C29,BF6C7FEB,BF84R,3F0F5C29,BF6C7FEB,
$BFBEB852,BF0F5C29,BF30A3D7,BFBEB852,BE1EB852,C04CE394,BFBEB852,3F0F5C29,
$BF6C7FEB,BFBEB852,3F0F5C29,BF30A3D7,BFBEB852,3E1EB852,BF6C7FEB,BFBEB852,
$3F0F5C29,BF6C7FEB,BFBEB852,BF0F5C29,BF6C7FEB,BF84R,BF0F5C29,C04CE394,
$BFBEB852,BF0F5C29,C04CE394,BF84R,BF0F5C29,C04CE394,BFBEB852,BF0F5C29,
$BF6C7FEB,BFBEB852,BF0F5C29,BF50E8F8,BF84R,BEBF258C,BF6C7FEB,BF84R,BF0F5C29,
$C04CE394,BF84R,BF0F5C29,BF6C7FEB,BF84R,BF0F5C29,BF50E8F8,BF84R,BEBF258C,
$BF50E8F8,BF13A06D,BEBF258C,C04E9F84,BF84R,BEBF258C,C04E9F84,BF13A06D,
$BEBF258C,C04E9F84,BF84R,BEBF258C,BF50E8F8,BF84R,BEBF258C,BF50E8F8,BF13A06D,
$BEBF258C,BF6C7FEB,BF13A06D,BF0F5C29,C04E9F84,BF13A06D,BEBF258C,BF50E8F8,
$BF13A06D,BEBF258C,BF6C7FEB,BF13A06D,BF0F5C29,BF6C7FEB,BDF5C28F,BF0F5C29,
$BFE8F5C3,BDF5C28F,BF0F5C29,BFE8F5C3,BE947AE1,BF0F5C29,C0147AE1,BE947AE1,
$BF0F5C29,BFE8F5C3,BE947AE1,BF0F5C29,C0147AE1,BDF5C28F,BF0F5C29,C0147AE1,
$BE947AE1,BF0F5C29,C04CE394,BF13A06D,BF0F5C29,C04CE394,BDF5C28F,BF0F5C29,
$C04CE394,BF13A06D,BF0F5C29,BF6C7FEB,BF13A06D,BF0F5C29,C04CE394,BDF5C28F,
$BF0F5C29,C0147AE1,BDF5C28F,BF0F5C29,C0147AE1,BDF5C28F,BF0F5C29,C0147AE1,
$BDF5C28F,BE1EB852,BF6C7FEB,BDF5C28F,BF0F5C29,BF30A3D7,BDF5C28F,BE1EB852,
$BFE8F5C3,BDF5C28F,BF0F5C29,BFE8F5C3,BDF5C28F,BE1EB852,BFE8F5C3,BDF5C28F,
$BF0F5C29,BF6C7FEB,BDF5C28F,BF0F5C29,BFBCF1AR,BDF5C28F,BE1EB852,BFBCF1AR,0,
$BE1EB852,BFBCF1AR,0,BE1EB852,BFE8F5C3,0,BE1EB852,BFE8F5C3,BDF5C28F,BE1EB852,
$BFE8F5C3,0,BE1EB852,BFE8F5C3,BDF5C28F,BE1EB852,BFBCF1AR,BDF5C28F,BE1EB852,
$C02A7CER,BDF5C28F,BE1EB852,C02A7CER,0,BE1EB852,C02A7CER,BDF5C28F,BE1EB852,
$C0147AE1,BDF5C28F,BE1EB852,C0147AE1,BDF5C28F,BE1EB852,C0147AE1,0,BE1EB852,
$C0147AE1,0,BE1EB852,C02A7CER,0,BE1EB852,C03E78D5,BDF5C28F,BE1EB852,C03E78D5,
$0,BE1EB852,C03E78D5,0,BE1EB852,C04FC368,0,BE1EB852,C04FC368,BDF5C28F,
$BE1EB852,C04FC368,0,BE1EB852,C04FC368,BDF5C28F,BE1EB852,C03E78D5,BDF5C28F,
$BE1EB852,BF30A3D7,BDF5C28F,BE1EB852,BF30A3D7,0,BE1EB852,BF30A3D7,0,BE1EB852,
$BF94F9DC,0,BE1EB852,BF94F9DC,BDF5C28F,BE1EB852,BF94F9DC,0,BE1EB852,BF94F9DC,
$BDF5C28F,BE1EB852,BF30A3D7,BDF5C28F,BE1EB852,BF30A3D7,BFBEB852,BE1EB852,
$BF30A3D7,BDF5C28F,BE1EB852,BF30A3D7,BFBEB852,3E1EB852,BF30A3D7,BDF5C28F,
$3E1EB852,C0147AE1,BE947AE1,BF0F5C29,C0147AE1,BE947AE1,3F0F5C29,BFE8F5C3,
$BE947AE1,BF0F5C29,BFE8F5C3,BE947AE1,3F0F5C29
12 52 
13 65 ->
14 55 
15 56 0
15 57 0
15 58 0
10 14 2
10 15 0
9 16 -1
9 17 NULL
9 40 2
9 41 4
9 51 HMJ6
9 42 HMJ
9 43 NULL
9 44 
6 45 
7 46 ->
8 47 28
8 48 -1
8 49 [4][3]
$BFEBB67AE8584CAB,0,3FE
$3FE,0,3FEBB67AE8584CAB
$0,3FF,0
$BFD0A3750D9E87BE,3FC33665C6F5F2D5,C002CR
8 50 ->
9 16 -1
9 40 2
9 41 6
9 51 HMJ6
9 42 HMJ
9 43 NULL
6 45 
7 46 ->
8 47 30
8 48 -1
8 49 [4][3]
$3FEBB67AE8584CAB,0,3FE
$3FE,0,BFEBB67AE8584CAB
$0,3FF,0
$3FD0A3750D9E87B8,3FC33665C6F5F2E4,C002CR
8 50 ->
9 16 -1
9 40 2
9 41 6
9 51 HMJ6
9 42 HMJ
9 43 NULL
#AssMrgPrt
@assem_merge_parts 1 0
0 1 ->
#END_OF_UGC
