#UGC:2 ASSEMBLY 982 420 -1 1 1 15 1900 9733 00000957 \
#- VERS 0 0                                                          \
#- HOST                                                              \
#- LINK                                                              \
#- DBID                                                              \
#- REVS 0,                                                           \
#- RELL 0,                                                           \
#- UOBJ_ID 875554878 224873328 1762243128                            \
#- MACH SGI_IRIX_6.2_03131015                                        \
#-END_OF_UGC_HEADER
#P_OBJECT 6
@P_object 1 0
0 1 ->
@depend 2 0
1 2 [3]
2 2 
@model_name 3 10
3 3 TURN
@model_type 4 1
3 4 37
@revnum 5 1
3 5 96
@bom_count 6 1
3 6 1
@dep_type 7 1
3 7 64
@stamp 8 0
3 8 
@major_vers 9 0
4 9 
@vers 10 1
5 10 0
@alias_name 11 10
5 11 
@minor_vers 12 0
4 12 
@vers 13 1
5 13 0
@reason 14 10
3 14 
2 2 
3 3 TURN_RP
3 4 2
3 5 840
3 6 1
3 7 2
3 8 
4 9 
5 10 0
5 11 
4 12 
5 13 0
3 14 
@comp_ids 15 1
3 15 [1]
4 15 1
2 2 
3 3 TURN_STOCK
3 4 2
3 5 2373
3 6 1
3 7 2
3 8 
4 9 
5 10 0
5 11 
4 12 
5 13 0
3 14 
3 15 [1]
4 15 2
@dep_db 16 0
1 16 ->
@dep_db 17 0
2 17 [3]
3 17 ->
@to_model_id 18 1
4 18 0
@dep_type 19 1
4 19 2
@obj_id 20 1
4 20 1
@obj_type 21 1
4 21 3
3 17 ->
4 18 1
4 19 2
4 20 2
4 21 3
3 17 ->
4 18 -3
4 19 4
4 20 0
4 21 242
@model_db 22 0
2 22 [2]
3 22 ->
@model_t_type 23 1
4 23 2
@model_name 24 10
4 24 TURN_RP
@generic_name 25 10
4 25 
@stamp 26 0
4 26 
3 22 ->
4 23 2
4 24 TURN_STOCK
4 25 
4 26 
@usr_rev 27 0
1 27 [2]
2 27 
@name 28 10
3 28 RAMANA
@mod_time 29 0
3 29 
@tm_sec 30 1
4 30 12
@tm_min 31 1
4 31 39
@tm_hour 32 1
4 32 15
@tm_mday 33 1
4 33 30
@tm_mon 34 1
4 34 8
@tm_year 35 1
4 35 97
@action 36 1
3 36 1000
@comment 37 10
3 37 Hostname: 'fisher'
@rel_level 38 10
3 38 
@rev_string 39 10
3 39 
2 27 
3 28 USER
3 29 
4 30 21
4 31 53
4 32 18
4 33 8
4 34 9
4 35 97
3 36 1000
3 37 Hostname: 'platypus'
3 38 
3 39 
@revnum_std 40 1
1 40 104
@flag 41 1
1 41 0
@name 42 10
1 42 NULL
@inst_hidden 43 1
1 43 0
@old_name 44 10
1 44 NULL
@appl_data 45 0
1 45 ->
@bounding_box 46 2
2 46 [2][3]
$C011,C011541A789ED8D6,BFB5069E27B6358
$4011,4016541A789ED8D6,40246A0D3C4F6C6B
@ver_key 47 0
1 47 ->
@time 48 1
2 48 876336769
@random_num 49 1
2 49 150649078
@hostid 50 1
2 50 1762303632
@last_read 51 1
1 51 -1
#END_OF_P_OBJECT
#Pro/ENGINEER  TM  Release 19.0 Beta  (c) 1988-97 by Parametric Technology Corporation  All Rights Reserved. 9733
@Toc 52 0
0 52 ->
@entry 53 10
1 53 [128]
2 53 BasicData 2b9c 4f8 0 982########################################################
2 53 BasicText 3094 359 0 982########################################################
2 53 GeomDepen 33ed 71 0 982#########################################################
2 53 DispCntrl 345e 1fc 0 982########################################################
2 53 DisplData 365a 38 0 982#########################################################
2 53 LargeText 3692 fe 0 982#########################################################
2 53 FamilyInf 3790 40 0 982#########################################################
2 53 VisibGeom 37d0 21b 0 982########################################################
2 53 NovisGeom 39eb 1bf 0 982########################################################
2 53 ActEntity 3baa 464 0 982########################################################
2 53 AllFeatur 400e 1d65 0 982#######################################################
2 53 FullMData 5d73 dcc 0 982########################################################
2 53 ModelView#0 6b3f d0a 0 982######################################################
2 53 ModelView#4 7849 5fc 0 982######################################################
2 53 ModelView#6 7e45 606 0 982######################################################
2 53 ModelView#61 844b 6c4 0 982#####################################################
2 53 DispDataColor 8b0f 318 0 982####################################################
2 53 DispDataTable 8e27 6c7 0 982####################################################
2 53 AssMrgPrt 94ee 29 0 982#########################################################
2 53 ################################################################################
2 53 ################################################################################
2 53 ################################################################################
2 53 ################################################################################
2 53 ################################################################################
2 53 ################################################################################
2 53 ################################################################################
2 53 ################################################################################
2 53 ################################################################################
2 53 ################################################################################
2 53 ################################################################################
2 53 ################################################################################
2 53 ################################################################################
2 53 ################################################################################
2 53 ################################################################################
2 53 ################################################################################
2 53 ################################################################################
2 53 ################################################################################
2 53 ################################################################################
2 53 ################################################################################
2 53 ################################################################################
2 53 ################################################################################
2 53 ################################################################################
2 53 ################################################################################
2 53 ################################################################################
2 53 ################################################################################
2 53 ################################################################################
2 53 ################################################################################
2 53 ################################################################################
2 53 ################################################################################
2 53 ################################################################################
2 53 ################################################################################
2 53 ################################################################################
2 53 ################################################################################
2 53 ################################################################################
2 53 ################################################################################
2 53 ################################################################################
2 53 ################################################################################
2 53 ################################################################################
2 53 ################################################################################
2 53 ################################################################################
2 53 ################################################################################
2 53 ################################################################################
2 53 ################################################################################
2 53 ################################################################################
2 53 ################################################################################
2 53 ################################################################################
2 53 ################################################################################
2 53 ################################################################################
2 53 ################################################################################
2 53 ################################################################################
2 53 ################################################################################
2 53 ################################################################################
2 53 ################################################################################
2 53 ################################################################################
2 53 ################################################################################
2 53 ################################################################################
2 53 ################################################################################
2 53 ################################################################################
2 53 ################################################################################
2 53 ################################################################################
2 53 ################################################################################
2 53 ################################################################################
2 53 ################################################################################
2 53 ################################################################################
2 53 ################################################################################
2 53 ################################################################################
2 53 ################################################################################
2 53 ################################################################################
2 53 ################################################################################
2 53 ################################################################################
2 53 ################################################################################
2 53 ################################################################################
2 53 ################################################################################
2 53 ################################################################################
2 53 ################################################################################
2 53 ################################################################################
2 53 ################################################################################
2 53 ################################################################################
2 53 ################################################################################
2 53 ################################################################################
2 53 ################################################################################
2 53 ################################################################################
2 53 ################################################################################
2 53 ################################################################################
2 53 ################################################################################
2 53 ################################################################################
2 53 ################################################################################
2 53 ################################################################################
2 53 ################################################################################
2 53 ################################################################################
2 53 ################################################################################
2 53 ################################################################################
2 53 ################################################################################
2 53 ################################################################################
2 53 ################################################################################
2 53 ################################################################################
2 53 ################################################################################
2 53 ################################################################################
2 53 ################################################################################
2 53 ################################################################################
2 53 ################################################################################
2 53 ################################################################################
2 53 ################################################################################
2 53 ################################################################################
2 53 ################################################################################
2 53 ################################################################################
2 53 ################################################################################
2 53 ################################################################################
#BasicData
@Sld_BasicData 1 0
0 1 ->
@tab_key 2 1
1 2 0
@tab_key_struct 3 0
1 3 ->
@type 4 4
2 4 H
@tab_key_ptr 5 0
2 5 [62]
@cmprs_tabkey 6 0
2 6 NULL
@type 7 1
1 7 1
@revnum_ptr 8 0
1 8 ->
@geom_revnum 9 1
2 9 101
@cosm_revnum 10 1
2 10 5
@tol_default_ptr 11 0
1 11 ->
@type 12 1
2 12 10
@value 13 2
2 13 [7]
$0,3FB9R,3F847AE147AE147B,3F50624DD2F1A9FC,3F1A36E2EB1C432D,
$3EE4F8B588E368F1,3EB0C6F7A0B5ED8E
@ang_value 14 2
2 14 [7]
$0,6*3FE
@standard 15 1
2 15 0
@iso_tol_tbls_ptr 16 0
2 16 NULL
@datum_count 17 1
1 17 0
@axis_count 18 1
1 18 0
@insert_layer_id 19 1
1 19 -1
@layer_count 20 1
1 20 1
@rel_part_eps 21 2
1 21 3F53A92A30553261
@model_eps 22 2
1 22 0
@fixed_model_eps 23 1
1 23 0
@assembled_count 24 1
1 24 0
@part_type 25 1
1 25 2
@first_ent_id 26 1
1 26 513569
@first_view_id 27 1
1 27 0
@outline 28 2
1 28 [2][3]
$2*C011,0
$4011,4016,40244
@dim_num 29 1
1 29 0
@geom_lib_ptr 30 0
1 30 NULL
@attrib_array 31 1
1 31 [2]
$536871944,0
@max_part_size 32 2
1 32 0
@model_name 33 10
1 33 TURN
@disp_outl_info 34 0
1 34 
@disp_outline 35 2
2 35 [2][3]
$C011,C011541A789ED8D6,BFB5069E27B6358
$4011,4016541A789ED8D6,40246A0D3C4F6C6B
@sel_outl_info 36 0
1 36 ->
@outline 37 2
2 37 [2][3]
$C011,C011541A789ED8D6,BFB5069E27B6358
$4011,4016541A789ED8D6,40246A0D3C4F6C6B
#BasicText
@Sld_BasicText 1 0
0 1 ->
@assem_mass_prop_ptr 2 0
1 2 NULL
@mass_prop_ptr 3 0
1 3 ->
@type 4 1
2 4 0
@density 5 2
2 5 0
@init_dens 6 5
2 6 0
@rel_density 7 2
2 7 0
@init_rel_dens 8 5
2 8 0
@aver_density 9 2
2 9 0
@vrevnum 10 1
2 10 -1
@volume 11 2
2 11 0
@cg 12 2
2 12 [3]
$3*0
@inertia 13 2
2 13 [3][3]
$3*0
$3*0
$3*0
@eps 14 2
2 14 0
@surfarea 15 2
2 15 0
@assign_mp_ptr 16 0
1 16 NULL
@mat_name_ptr 17 10
1 17 NULL
@unit_arr 18 0
1 18 [3]
2 18 
@type 19 1
3 19 1
@factor 20 2
3 20 3FF
@name 21 10
3 21 INCH
@unit_type 22 1
3 22 0
2 18 
3 19 2
3 20 3FF
3 21 POUND
3 22 1
2 18 
3 19 11
3 20 3FF
3 21 HOURS
3 22 2
@p_unit_info 23 0
1 23 ->
@custom_unit_arr 24 0
2 24 [6]
3 24 
3 24 
3 24 
3 24 
3 24 
3 24 
@principal_sys_units 25 10
2 25 Inch lbm Second (Pro/E Default)
@history_scale 26 2
2 26 [6][2]
$3FF,0
$3FF,0
$3FF,0
$3FF,0
$3FF,0
$3FF,0
#GeomDepen
@Sld_GeomDepend 1 0
0 1 ->
@frst_geom_ptr 2 1
1 2 0
@fem_data 3 0
1 3 NULL
@first_quilt_ptr 4 1
1 4 0
#DispCntrl
@Sld_DispCntrl 1 0
0 1 ->
@color_prop_ptr 2 0
1 2 NULL
@layer_array 3 0
1 3 [3]
2 3 ->
@id 4 1
3 4 5
@type 5 1
3 5 117
@user_id 6 1
3 6 0
@weird_wline_ptr 7 0
3 7 ->
@weird_wline 8 10
4 8 7_ALL_FEATURES
@saved_operation 9 1
3 9 1
2 3 ->
3 4 7
3 5 117
3 6 0
3 7 ->
4 8 WORK_PIECE
@layer_objects 10 0
3 10 [1]
4 10 
@type 11 1
5 11 34
@ids 12 1
5 12 [1]
6 12 2
@lay_solid 13 0
5 13 NULL
3 9 1
2 3 ->
3 4 16
3 5 117
3 6 0
3 7 ->
4 8 XSEC_DATUMS
3 10 [1]
4 10 
5 11 3
5 12 [1]
6 12 14
5 13 NULL
3 9 3
#DisplData
@Sld_DispData 1 0
0 1 ->
@disp_data 2 0
1 2 
#LargeText
@Sld_LargeText 1 0
0 1 ->
@names_table 2 0
1 2 [1]
2 2 ->
@id 3 1
3 3 15
@type 4 1
3 4 5
@name 5 10
3 5 ADTM1
@relpar_sets 6 0
1 6 [1]
2 6 
@id 7 1
3 7 -1
@type 8 1
3 8 1
@ext_ref_id 9 1
3 9 -1
@relatnum 10 1
3 10 0
@cfg_states 11 0
1 11 NULL
#FamilyInf
@Sld_FamilyInfo 1 0
0 1 ->
@drv_tbl_ptr 2 0
1 2 NULL
#VisibGeom
@Sld_VisGeom 1 0
0 1 ->
@active_geom 2 0
1 2 
@srf_array 3 0
2 3 [1]
3 3 ->
@geom_type 4 1
4 4 34
@geom_id 5 1
4 5 15
@feat_id 6 1
4 6 14
@boundary_type 7 1
4 7 1
@envlp 8 2
4 8 [2][2]
$BFCA834F13DB1ACA,C011541A789ED8D6
$40242A0D3C4F6C6B,4016541A789ED8D6
@srf_prim_ptr(plane) 9 0
4 9 ->
@local_sys 10 2
5 10 [4][3]
$2*0,3FF
$0,3FF,0
$BFF,2*0
$2*0,4024
@frst_cntr_ptr 11 0
4 11 NULL
@next_geom_ptr 12 1
4 12 0
@orient 13 1
4 13 1
@outline 14 2
4 14 [2][3]
$0,C011541A789ED8D6,BFB5069E27B6358
$0,4016541A789ED8D6,40246A0D3C4F6C6B
#NovisGeom
@Sld_NonVisGeom 1 0
0 1 ->
@inactive_geom 2 0
1 2 
@srf_array 3 0
2 3 [1]
3 3 ->
@geom_type 4 1
4 4 34
@geom_id 5 1
4 5 11
@feat_id 6 1
4 6 10
@boundary_type 7 1
4 7 -1
@envlp 8 2
4 8 [2][2]
$2*0
$2*0
@srf_prim_ptr(plane) 9 0
4 9 ->
@local_sys 10 2
5 10 [4][3]
$2*0,3FF
$0,BFF,0
$3FF,2*0
$0,401,0
@frst_cntr_ptr 11 0
4 11 NULL
@next_geom_ptr 12 1
4 12 0
@orient 13 1
4 13 1
@outline 14 2
4 14 [2][3]
$3*0
$3*0
@external_geom 15 0
1 15 
#ActEntity
@Sld_Entities 1 0
0 1 ->
@act_feat_ents 2 0
1 2 [1]
2 2 
@feat_id 3 1
3 3 14
@datum_id 4 1
3 4 15
@entity_ptr(cosmetic) 5 0
3 5 ->
@type 6 1
4 6 50
@id 7 1
4 7 -1
@gen_info 8 0
4 8 
@owner_type 9 1
4 9 1
@owner_id 10 1
4 10 15
@text_ptr 11 0
4 11 ->
@text_type 12 1
5 12 14
@text_value 13 10
5 13 ADTM1
@txt_attrib 14 1
5 14 1
@owner_id 15 1
5 15 14
@height 16 2
5 16 BFF
@width_factor 17 2
5 17 BFF
@format_info 18 0
5 18 
@thickness 19 2
5 19 BFF
@cosm_disp_ents 20 0
4 20 ->
@first_disp_ent(line) 21 0
5 21 ->
@id 22 1
6 22 -1
@gen_info 23 0
6 23 
@flip 24 1
6 24 15
@end1 25 2
6 25 [3]
$BFCA834F13DB1ACA,C011541A789ED8D6,0
@end2 26 2
6 26 [3]
$BFCA834F13DB1ACA,4016541A789ED8D6,0
@entity(line) 27 0
5 27 ->
6 22 -1
6 23 
6 24 15
6 25 [3]
$BFCA834F13DB1ACA,4016541A789ED8D6,0
6 26 [3]
$40242A0D3C4F6C6B,4016541A789ED8D6,0
5 27 ->
6 22 -1
6 23 
6 24 15
6 25 [3]
$40242A0D3C4F6C6B,4016541A789ED8D6,0
6 26 [3]
$40242A0D3C4F6C6B,C011541A789ED8D6,0
5 27 ->
6 22 -1
6 23 
6 24 15
6 25 [3]
$40242A0D3C4F6C6B,C011541A789ED8D6,0
6 26 [3]
$BFCA834F13DB1ACA,C011541A789ED8D6,0
@plane_ptr 28 0
4 28 NULL
@attr 29 1
4 29 0
#AllFeatur
@Sld_Features 1 0
0 1 ->
@first_feat_ptr 2 0
1 2 ->
@id 3 1
2 3 1
@indep_attributes 4 1
2 4 4097
@feat_type_ptr 5 0
2 5 ->
@table_id 6 1
3 6 -1
@type 7 1
3 7 1000
@feattype_key 8 10
3 8 NULL
@form 9 1
3 9 0
@attributes 10 1
3 10 [3]
$3*0
@placement 11 1
3 11 0
@intersection 12 1
3 12 -1
@internal_udf_type 13 1
3 13 -1
@param_choice_ptr 14 0
3 14 ->
@blend_choice 15 1
4 15 0
@depth_choice 16 1
4 16 0
@angle_choice 17 1
4 17 0
@pat_choice 18 1
4 18 -1
@round_choice 19 1
4 19 -1
@subsec_choice 20 1
4 20 -1
@sweep_choice 21 1
4 21 0
@dome_choice 22 1
4 22 0
@draft_choice 23 1
4 23 0
@misc_choice 24 1
4 24 [2]
$32,0
@assoc_type 25 1
3 25 0
@symbol_key 26 1
2 26 -1
@sect_name 27 10
2 27 no_name
@model_type 28 1
2 28 1
@idtab_ptr 29 0
2 29 ->
@save_geoms 30 0
3 30 NULL
@cr_flags_xar 31 1
3 31 [31]
$3*-1,-2049,2*-1,-16777217,3*-1,-536870913,-1,-1126176897,-2,-2097185,
$-2097665,-1,-1073741843,2*-1,-257,-261249,-1,-32769,-1,-4194305,2*-1,
$-536871041,-67108865,1073741823
@cvt_feat_dat 32 0
3 32 NULL
@feat_dates_ptr 33 0
3 33 ->
@creat_date 34 1
4 34 190023
@regen_date 35 1
4 35 190019
@group_info_ptr 36 0
2 36 NULL
@intrs_pairs_ptr 37 0
2 37 ->
@place_rec_ptr 38 0
2 38 ->
@local_sys 39 2
3 39 [4][3]
$3FF,2*0
$0,3FF,0
$2*0,3FF
$3*0
@own_ref_id 40 1
3 40 0
@orient 41 1
3 41 0
@trf_arr 42 0
3 42 [1]
4 42 
@type 43 1
5 43 19
@idx 44 1
5 44 0
@transf 45 2
5 45 [4][3]
$3FF,2*0
$0,3FF,0
$2*0,3FF
$3*0
@next_prop 46 0
2 46 NULL
@first_geom_id 47 1
2 47 -1
@cond_tbl_idx 48 1
2 48 -1
@comment 49 10
2 49 NULL
@merge_info_ptr 50 0
2 50 NULL
@dat_ptr(comp_data) 51 0
2 51 ->
@type 52 1
3 52 123
@model_ptr 53 0
3 53 
@object_type 54 1
4 54 2
@name 55 10
4 55 TURN_RP
@simpl_rep 56 0
4 56 NULL
@placed_flag 57 1
3 57 1
@subst_asm_ref_id 58 1
3 58 -1
@instance 59 3
3 59 NULL
@stamp 60 0
3 60 
@major_vers 61 0
4 61 
@vers 62 1
5 62 0
@alias_name 63 10
5 63 
@minor_vers 64 0
4 64 
@vers 65 1
5 65 0
@dep_id 66 1
3 66 0
@interchange_info 67 0
3 67 NULL
@topology_increment 68 0
2 68 ->
@first_geom 69 1
3 69 0
@first_quilt 70 1
3 70 0
@outline 71 2
3 71 [2][3]
$3*0
$3*0
@max_part_size 72 2
3 72 0
@xform_increment 73 0
3 73 NULL
@roll_back_id 74 1
3 74 -1
@state_ind 75 1
2 75 -1
@alumni_info 76 0
2 76 NULL
@revnum 77 1
2 77 1
@rev_rec 78 0
2 78 ->
@revnums 79 0
3 79 [1]
4 79 ->
@owner_type 80 1
5 80 3
@owner_ind 81 1
5 81 -1
@ref_id 82 1
5 82 -1
@ref_revnum 83 1
5 83 -1
@num_plins 84 1
3 84 0
@expl_state_ref 85 0
2 85 NULL
@feat_outl_info 86 0
2 86 NULL
@next_feat_ptr 87 0
1 87 ->
2 3 2
2 4 4097
2 5 ->
3 6 -1
3 7 1000
3 8 NULL
3 9 0
3 10 [3]
$3*0
3 11 0
3 12 -1
3 13 -1
3 14 ->
4 15 0
4 16 0
4 17 0
4 18 -1
4 19 -1
4 20 -1
4 21 0
4 22 0
4 23 0
4 24 [2]
$64,0
3 25 0
2 26 -1
2 27 no_name
2 28 1
2 29 ->
3 30 NULL
3 31 [31]
$3*-1,-2049,2*-1,-16777217,3*-1,-536870913,-1,-1126176897,-2,-2097185,
$-2097665,-1,-1073741843,2*-1,-257,-261249,-1,-32769,-1,-4194305,2*-1,
$-536871041,-67108865,1073741823
3 32 NULL
3 33 ->
4 34 190023
4 35 190019
2 36 NULL
2 37 ->
2 38 ->
3 39 [4][3]
$3FF,2*0
$0,3FF,0
$2*0,3FF
$3*0
@place_instruction_ptrs 88 0
3 88 [2]
4 88 ->
@type 89 1
5 89 43
@offset 90 2
5 90 0
@dim_id 91 1
5 91 0
@ref_id 92 1
5 92 0
@geometry1_id 93 1
5 93 94
@geometry2_id 94 1
5 94 13
@memb_num1 95 1
5 95 1
@memb_num2 96 1
5 96 1
@memb_id_tab1 97 1
5 97 [1]
6 97 1
@memb_id_tab2 98 1
5 98 [1]
6 98 2
@attr 99 1
5 99 512
@plin_info_arr 100 0
5 100 [2]
6 100 ->
@type 101 1
7 101 1
@data(plin_info_ref) 102 0
7 102 ->
@id_type1 103 1
8 103 21
@id_type2 104 1
8 104 21
@offset2 105 2
8 105 0
6 100 ->
7 101 6
@data(plin_info_ui_step) 106 0
7 106 ->
@step_ids 107 1
8 107 [1]
9 107 -100
4 88 ->
5 89 26
5 90 0
5 91 1
5 92 1
5 93 2
5 94 2
5 95 1
5 96 1
5 97 [1]
6 97 1
5 98 [1]
6 98 2
5 99 512
5 100 [2]
6 100 ->
7 101 1
7 102 ->
8 103 5
8 104 5
8 105 0
6 100 ->
7 101 6
7 106 ->
8 107 [1]
9 107 -100
3 40 0
3 41 0
3 42 [1]
4 42 
5 43 19
5 44 0
5 45 [4][3]
$3FF,2*0
$0,3FF,0
$2*0,3FF
$3*0
2 46 NULL
2 47 -1
2 48 -1
2 49 NULL
2 50 NULL
2 51 ->
3 52 123
3 53 
4 54 2
4 55 TURN_STOCK
4 56 NULL
3 57 1
3 58 -1
3 59 NULL
3 60 
4 61 
5 62 0
5 63 
4 64 
5 65 0
3 66 1
3 67 NULL
@parent_table 108 1
2 108 [1]
3 108 1
2 68 ->
3 69 0
3 70 0
3 71 [2][3]
$2*C01,0
$401,401000000000010A,4024
3 72 0
3 73 NULL
3 74 -1
2 75 -1
2 76 NULL
2 77 1
2 78 ->
3 79 [5]
4 79 ->
5 80 3
5 81 -1
5 82 -1
5 83 -1
4 79 ->
5 80 1
5 81 -1
5 82 0
5 83 27
@memb_tab_revnums 109 1
5 109 [1]
6 109 1
4 79 ->
5 80 2
5 81 -1
5 82 0
5 83 11
5 109 [1]
6 109 1
4 79 ->
5 80 1
5 81 -1
5 82 1
5 83 3
5 109 [1]
6 109 1
4 79 ->
5 80 2
5 81 -1
5 82 1
5 83 11
5 109 [1]
6 109 1
3 84 2
2 85 NULL
2 86 NULL
1 87 ->
2 3 10
2 4 4097
2 5 ->
3 6 -1
3 7 923
3 8 NULL
3 9 0
3 10 [3]
$1,2*0
3 11 0
3 12 -1
3 13 -1
3 14 ->
4 15 0
4 16 0
4 17 0
4 18 970
4 19 -1
4 20 -1
4 21 0
4 22 0
4 23 0
4 24 [2]
$2*0
3 25 0
2 26 -1
2 27 no_name
2 28 1
2 29 ->
@srf_id_arr 110 1
3 110 [1][4]
$11,3*0
3 30 NULL
3 31 [31]
$3*-1,-2049,2*-1,-16777217,3*-1,-536870913,-1,-1126176897,-2,-2097185,
$-2097665,-1,-1073741843,2*-1,-257,-261249,-1,-32769,-1,-4194305,2*-1,
$-536871041,-67108865,15
3 32 NULL
3 33 ->
4 34 190019
4 35 190019
2 36 NULL
2 37 ->
2 38 ->
3 39 [4][3]
$2*0,3FF
$0,BFF,0
$3FF,2*0
$0,401,0
3 88 [1]
4 88 ->
5 89 512
5 90 0
5 91 -1
5 92 0
5 93 470
5 94 11
5 95 1
5 96 0
5 97 [1]
6 97 1
5 99 33280
5 100 [2]
6 100 ->
7 101 1
7 102 ->
8 103 -4
8 104 5
8 105 0
6 100 ->
7 101 6
7 106 ->
8 107 [1]
9 107 -100
3 40 0
3 41 1
3 42 [1]
4 42 
5 43 11
5 44 0
5 45 [4][3]
$2*0,3FF
$0,BFF,0
$3FF,2*0
$0,401,0
2 46 NULL
2 47 11
2 48 -1
2 49 NULL
2 50 NULL
2 108 [1]
3 108 1
2 68 ->
3 69 0
3 70 0
3 71 [2][3]
$2*C011,0
$4011,4016,40244
3 72 0
3 73 NULL
3 74 -1
2 75 -1
2 76 NULL
2 77 0
2 78 ->
3 79 [2]
4 79 ->
5 80 3
5 81 -1
5 82 -1
5 83 -1
4 79 ->
5 80 1
5 81 -1
5 82 0
5 83 1
5 109 [1]
6 109 1
3 84 1
2 85 NULL
2 86 NULL
1 87 ->
2 3 14
2 4 4097
2 5 ->
3 6 -1
3 7 923
3 8 NULL
3 9 0
3 10 [3]
$3*0
3 11 0
3 12 -1
3 13 -1
3 14 ->
4 15 0
4 16 0
4 17 0
4 18 970
4 19 -1
4 20 -1
4 21 0
4 22 0
4 23 0
4 24 [2]
$2*0
3 25 0
2 26 -1
2 27 ADTM1
2 28 1
2 29 ->
3 110 [1][4]
$15,3*0
3 30 NULL
3 31 [31]
$3*-1,-2049,2*-1,-16777217,3*-1,-536870913,-1,-1126176897,-2,-2097185,
$-2097665,-1,-1073741843,2*-1,-257,-261249,-1,-32769,-1,-4194305,2*-1,
$-536871041,-67108865,15
3 32 NULL
3 33 ->
4 34 190019
4 35 190019
2 36 NULL
2 37 ->
2 38 ->
3 39 [4][3]
$2*0,3FF
$0,3FF,0
$BFF,2*0
$2*0,4024
3 88 [2]
4 88 ->
5 89 505
5 90 3FF
5 91 -1
5 92 0
5 93 470
5 94 15
5 95 1
5 96 0
5 97 [1]
6 97 1
5 99 33280
5 100 [2]
6 100 ->
7 101 1
7 102 ->
8 103 -4
8 104 5
8 105 0
6 100 ->
7 101 6
7 106 ->
8 107 [1]
9 107 -100
4 88 ->
5 89 508
5 90 3FF
5 91 -1
5 92 1
5 93 94
5 94 15
5 95 1
5 96 0
5 97 [1]
6 97 1
5 99 33280
5 100 [2]
6 100 ->
7 101 1
7 102 ->
8 103 -4
8 104 5
8 105 0
6 100 ->
7 101 6
7 106 ->
8 107 [1]
9 107 -100
3 40 0
3 41 1
3 42 [1]
4 42 
5 43 11
5 44 0
5 45 [4][3]
$2*0,3FF
$0,3FF,0
$BFF,2*0
$2*0,4024
2 46 NULL
2 47 15
2 48 -1
2 49 NULL
2 50 NULL
2 108 [1]
3 108 1
2 68 ->
3 69 0
3 70 0
3 71 [2][3]
$2*C011,0
$4011,4016,40244
3 72 0
3 73 NULL
3 74 -1
2 75 -1
2 76 NULL
2 77 0
2 78 ->
3 79 [3]
4 79 ->
5 80 3
5 81 -1
5 82 -1
5 83 -1
4 79 ->
5 80 1
5 81 -1
5 82 0
5 83 1
5 109 [1]
6 109 1
4 79 ->
5 80 1
5 81 -1
5 82 1
5 83 27
5 109 [1]
6 109 1
3 84 2
2 85 NULL
2 86 ->
@ent_outl 111 2
3 111 [2][3]
$0,C011541A789ED8D6,BFB5069E27B6358
$0,4016541A789ED8D6,40246A0D3C4F6C6B
1 87 NULL
@layer_list 112 0
1 112 [4]
2 112 
@feat_id 113 1
3 113 1
@layer_id 114 1
3 114 0
@back_layer_id 115 1
3 115 0
2 112 
3 113 2
3 114 0
3 115 0
2 112 
3 113 10
3 114 0
3 115 0
2 112 
3 113 14
3 114 0
3 115 0
#FullMData
@Sld_FullData 1 0
0 1 ->
@first_member_ptr 2 0
1 2 NULL
@alumni_members 3 0
1 3 NULL
@ref_part_table 4 0
1 4 [1]
2 4 ->
@name 5 10
3 5 TURN
@id 6 1
3 6 -1
@type 7 1
3 7 1
@revnum 8 1
3 8 -1
@dep_id 9 1
3 9 2
@attributes 10 1
3 10 0
@simpl_rep 11 0
3 11 NULL
@first_xsec_ptr 12 0
1 12 ->
@id 13 1
2 13 13
@type 14 1
2 14 18
@revnum 15 1
2 15 96
@plane_id 16 1
2 16 15
@feat_id 17 1
2 17 -1
@quilt_id 18 1
2 18 -1
@name 19 10
2 19 CSCE
@idtab_ptr 20 0
2 20 ->
@srf_id_arr 21 1
3 21 [1][4]
$17,203,13,0
@edg_id_arr 22 1
3 22 [4][6]
$18,223,2,17,0,2
$19,223,5,17,0,17
$20,223,8,17,0,8
$21,223,10,17,0,17
@save_geoms 23 0
3 23 NULL
@cr_flags_xar 24 1
3 24 [31]
$3*-1,-2049,2*-1,-16777217,3*-1,-536870913,-1,-1126176897,-2,-2097185,
$-2097665,-1,-1073741843,2*-1,-257,-261249,-1,-32769,-1,-4194305,2*-1,
$-536871041,-67108865,15
@cvt_feat_dat 25 0
3 25 NULL
@feat_dates_ptr 26 0
3 26 ->
@creat_date 27 1
4 27 190019
@regen_date 28 1
4 28 190019
@assem_path 29 1
2 29 [1]
3 29 2
@xsec_xhatch_info 30 0
2 30 ->
@xsec_id 31 1
3 31 13
@type 32 1
3 32 1
@lines 33 0
3 33 [1]
4 33 
@angle 34 1
5 34 45
@offset 35 2
5 35 0
@spacing 36 2
5 36 3FD2CCE5E60A48E2
@style 37 0
5 37 
@font 38 1
6 38 1
@color 39 1
6 39 1
@xsec_type 40 1
2 40 0
@next_xsec_ptr 41 0
1 41 ->
2 13 12
2 14 18
2 15 -1
2 16 15
2 17 -1
2 18 -1
2 19 NULL
2 20 ->
3 21 [1][4]
$22,203,12,0
3 22 [38][6]
$23,223,2,22,0,2
$24,223,5,22,0,22
$25,223,8,22,0,8
$26,223,8,22,1,8
$27,223,8,22,2,8
$28,223,10,22,0,22
$29,223,10,22,1,22
$30,223,10,22,2,22
$31,223,43,22,0,43
$32,223,43,22,1,43
$33,223,45,22,0,45
$34,223,47,22,0,22
$35,223,47,22,1,22
$36,223,51,22,0,51
$37,223,51,22,1,51
$38,223,53,22,0,53
$39,223,55,22,0,55
$40,223,79,22,0,22
$41,223,87,22,0,22
$42,223,89,22,0,22
$43,223,257,22,0,257
$44,223,266,22,0,266
$45,223,272,22,0,272
$46,223,285,22,0,22
$47,223,294,22,0,22
$48,223,300,22,0,22
$49,223,330,22,0,330
$50,223,347,22,0,22
$51,223,363,22,0,363
$52,223,363,22,1,363
$53,223,365,22,0,365
$54,223,367,22,0,22
$55,223,367,22,1,22
$56,223,385,22,0,22
$57,223,445,22,0,22
$58,223,448,22,0,22
$59,223,458,22,0,458
$60,223,461,22,0,461
3 23 NULL
3 24 [31]
$3*-1,-2049,2*-1,-16777217,3*-1,-536870913,-1,-1126176897,-2,-2097185,
$-2097665,-1,-1073741843,2*-1,-257,-261249,-1,-32769,-1,-4194305,2*-1,
$-536871041,-67108865,15
3 25 NULL
3 26 ->
4 27 190019
4 28 190019
2 29 [1]
3 29 1
2 30 NULL
2 40 0
1 41 NULL
@lang_ptr 42 0
1 42 ->
@interact_on 43 1
2 43 -1
@first_csys_ptr 44 0
1 44 NULL
@offset 45 2
1 45 [2]
$2*40228C17B9337834
@ipar_num 46 1
1 46 0
@smt_info_ptr 47 0
1 47 NULL
@cable_info_ptr 48 0
1 48 ->
@id 49 1
2 49 -1
@type 50 1
2 50 94
@ref_harness_id 51 1
2 51 -1
@cable_assem_id 52 1
2 52 -1
@work_subharn_id 53 1
2 53 -3253
@parent_ext_ref_id 54 1
2 54 -1
@p_frbn_info 55 0
2 55 NULL
@log_info_src_name 56 10
2 56 NULL
@log_info_src_type 57 1
2 57 0
@comp_info_ptr 58 0
1 58 NULL
@prt_misc_ptr 59 0
1 59 ->
@shrink_data_ptr 60 0
2 60 NULL
@expld_mv_info 61 0
1 61 ->
@act_expl_state 62 1
2 62 -1
@default_state 63 0
2 63 ->
@id 64 1
3 64 -1
@type 65 1
3 65 500
@state_type 66 1
3 66 0
@cur_stage_ind 67 1
3 67 -1
@stage_info 68 0
3 68 [1]
4 68 
@unexpl_subass_info 69 0
3 69 ->
@expld_comp_ref 70 0
3 70 ->
@comp_id 71 1
4 71 -1
@gen_info 72 0
3 72 
4 38 5
4 39 10
@state_info_ptr 73 0
1 73 NULL
@alumni_feats 74 0
1 74 NULL
@p_mdl_grid 75 0
1 75 NULL
@mdl_status_ptr 76 0
1 76 NULL
@appl_info_arr 77 0
1 77 [1]
2 77 
@id 78 1
3 78 -1
@type 79 1
3 79 13
@ribbon_info_ptr 80 0
1 80 NULL
@p_xref_data 81 0
1 81 ->
@first_analysis_feat 82 0
1 82 NULL
#ModelView#0
@View 1 0
0 1 ->
@id 2 1
1 2 0
@viewattr 3 0
1 3 
@attr_arr 4 1
2 4 [4]
$1,3*0
@mpoint 5 0
1 5 
@id 6 1
2 6 0
@coord 7 2
2 7 [3]
$0,3FE4,40144
@first_instr_ptr 8 0
2 8 NULL
@attach_ptr 9 0
2 9 NULL
@vpoint 10 0
1 10 
2 6 0
2 7 [3]
$407F4,407A5E,0
2 8 NULL
2 9 NULL
@orient 11 2
1 11 [4][4]
$3FE822B66D7E8514,3FD163DBF3F0CD14,BFE320B1A8B800F,0
$3FC41049E36C8BEB,3FE9E79C21FE3675,3FE21AD7E6094471,0
$3FE4675D39EC90E4,BFE0A7508BBDAAD3,3FE22CE66B936C7F,0
$3*0,3FF
@local_sys 12 2
1 12 [4][4]
$4049ACF6F173E564,40327FEC875F0639,C04459248E9083CF,0
$402558068914B0DR,404B8EC2AB8963B1,404342957F98764F,0
$4045B4A83DDC8C07,C041B75944F9BC2B,404355CAF9761C56,0
$407118F5682D07EF,4081B66FA41FA6A5,C0A3676D03FA94E6,3FF
@world_matrix_ptr 13 0
1 13 NULL
@first_instr_ptr 14 0
1 14 ->
@type 15 1
2 15 100
@geom_id 16 1
2 16 -1
@view_id 17 1
2 17 -1
@memb_num 18 1
2 18 0
@offset 19 2
2 19 0
@matrix 20 0
2 20 NULL
@next_instr_ptr 21 0
1 21 ->
2 15 115
2 16 28
2 17 -1
2 18 1
@memb_id_tab 22 1
2 22 [1]
3 22 2
2 19 0
2 20 NULL
1 21 ->
2 15 301
2 16 -1
2 17 -1
2 18 0
2 19 4051055BA8D4F029
2 20 NULL
1 21 ->
2 15 125
2 16 -1
2 17 -1
2 18 0
2 19 0
2 20 ->
@matrix 23 2
3 23 [4][4]
$3FE4675D39EC90E4,BFE0A7508BBDAAD3,3FE22CE66B936C7F,0
$3FC41049E36C8BEB,3FE9E79C21FE3675,3FE21AD7E6094471,0
$BFE822B66D7E8514,BFD163DBF3F0CD14,3FE320B1A8B800F,0
$3*0,3FF
1 21 NULL
@outer_xsec_index 24 1
1 24 -1
@next_view_id 25 1
1 25 4
@simp_rep_id 26 1
1 26 0
@name 27 10
1 27 no name
@fit_outline 28 2
1 28 [2][3]
$4059,405518,C09196D470F0CA2A
$408C2,4087BB,0
@det_info_ptr 29 0
1 29 NULL
@named_view_pzmatr 30 0
1 30 NULL
@page_id 31 1
1 31 0
@model_name 32 10
1 32 NULL
@unrep_model_name 33 10
1 33 NULL
@saved_pro_dls 34 0
1 34 ->
@pro_dls 35 0
2 35 [8]
3 35 
@pro_dl_data 36 0
4 36 ->
@appl_type 37 1
5 37 1
@dl_type 38 1
5 38 5
@dl_id 39 1
5 39 0
@dl_hdr 40 0
5 40 
@disp_list_version 41 1
6 41 0
@visibility 42 1
6 42 33554433
@status_mask 43 1
6 43 3
@creation_scale 44 2
6 44 0
@view_matrix 45 2
6 45 [4][4]
$3FF,3*0
$0,3FF,2*0
$2*0,3FF,0
$3*0,3FF
@outline 46 2
6 46 [2][3]
$2*C01,0
$2*401,4024
@dl_block_mem_size 47 0
6 47 
@dl_block_mem_size 48 1
7 48 32768
@list 49 0
6 49 NULL
@token_contents 50 5
6 50 21
@render_attribs 51 5
6 51 1
@wire_colors 52 1
6 52 [4]
$540292406,543581798,545424519,553648127
@children 53 0
6 53 [1]
7 53 
@dl_data 54 0
8 54 
9 36 ->
10 37 46
10 38 5
10 39 1
@o_data 55 0
6 55 
@disp_data 56 0
7 56 NULL
3 35 
4 36 ->
5 37 46
5 38 5
5 39 1
5 40 
6 41 0
6 42 16
6 43 19
6 44 0
6 45 [4][4]
$3FF,3*0
$0,3FF,2*0
$2*0,3FF,0
$3*0,3FF
6 46 [2][3]
$2*C01,0
$2*401,4024
6 47 
7 48 1024
6 49 NULL
6 50 21
6 51 0
6 52 [4]
$540292406,543581798,545424519,553648127
6 53 [1]
7 53 
8 54 
9 36 ->
10 37 46
10 38 5
10 39 1
@key_list 57 1
10 57 [1]
11 57 1
6 55 
7 56 ->
@model_type 58 1
8 58 1
@generic_name 59 10
8 59 NULL
3 35 
4 36 ->
5 37 46
5 38 5
5 39 1
5 57 [1]
6 57 1
5 40 
6 41 0
6 42 16
6 43 19
6 44 0
6 45 [4][4]
$3FF,3*0
$0,3FF,2*0
$2*0,3FF,0
$3*0,3FF
6 46 [2][3]
$2*C01,0
$2*401,4024
6 47 
7 48 1024
6 49 NULL
6 50 5
6 51 0
6 52 [2]
$540292406,545424519
6 55 
7 56 ->
8 58 2
@model_name 60 10
8 60 turn_rp
8 59 NULL
3 35 
4 36 ->
5 37 47
5 38 7
5 39 0
3 35 
4 36 ->
5 37 48
5 38 8
5 39 0
3 35 
4 36 ->
5 37 49
5 38 7
5 39 0
3 35 
4 36 ->
5 37 52
5 38 7
5 39 0
3 35 
4 36 ->
5 37 64
5 38 7
5 39 0
@explode_state 61 0
1 61 NULL
#ModelView#4
@View 1 0
0 1 ->
@id 2 1
1 2 4
@viewattr 3 0
1 3 
@attr_arr 4 1
2 4 [4]
$1,3*0
@mpoint 5 0
1 5 
@id 6 1
2 6 0
@coord 7 2
2 7 [3]
$0,3FE4,40144
@first_instr_ptr 8 0
2 8 NULL
@attach_ptr 9 0
2 9 NULL
@vpoint 10 0
1 10 
2 6 0
2 7 [3]
$407F4,407A5E,0
2 8 NULL
2 9 NULL
@orient 11 2
1 11 [4][4]
$2*0,BFF,0
$0,3FF,2*0
$3FF,3*0
$3*0,3FF
@local_sys 12 2
1 12 [4][4]
$2*0,C051055BA8D4F029,0
$0,4051055BA8D4F029,2*0
$4051055BA8D4F029,3*0
$40636A6FFCA50018,4077B529AD9EBA7A,C0A1AFBD4,3FF
@world_matrix_ptr 13 0
1 13 ->
@world_matrix 14 2
2 14 [4][4]
$2*0,C051055BA8D4F029,0
$0,4051055BA8D4F029,2*0
$4051055BA8D4F029,3*0
$40636A6FFCA50018,4077B529AD9EBA7A,0,3FF
@first_instr_ptr 15 0
1 15 ->
@type 16 1
2 16 100
@geom_id 17 1
2 17 -1
@view_id 18 1
2 18 -1
@memb_num 19 1
2 19 0
@offset 20 2
2 20 0
@matrix 21 0
2 21 NULL
@next_instr_ptr 22 0
1 22 ->
2 16 115
2 17 28
2 18 -1
2 19 1
@memb_id_tab 23 1
2 23 [1]
3 23 2
2 20 0
2 21 NULL
1 22 ->
2 16 301
2 17 -1
2 18 -1
2 19 0
2 20 4051055BA8D4F029
2 21 NULL
1 22 NULL
@outer_xsec_index 24 1
1 24 -1
@next_view_id 25 1
1 25 6
@simp_rep_id 26 1
1 26 0
@name 27 10
1 27 GOOD
@fit_outline 28 2
1 28 [2][3]
$4059,405518,C08215B163623F2E
$408C2,4087BB,0
@det_info_ptr 29 0
1 29 NULL
@named_view_pzmatr 30 0
1 30 ->
@matrix 31 2
2 31 [4][4]
$3FEF9598073B3D62,3*0
$0,3FEF9598073B3D62,2*0
$2*0,3FEF9598073B3D62,0
$C0419A4B08A901B,C05249EE43A7A19,0,3FF
@page_id 32 1
1 32 0
@model_name 33 10
1 33 NULL
@unrep_model_name 34 10
1 34 NULL
@saved_pro_dls 35 0
1 35 ->
@explode_state 36 0
1 36 NULL
#ModelView#6
@View 1 0
0 1 ->
@id 2 1
1 2 6
@viewattr 3 0
1 3 
@attr_arr 4 1
2 4 [4]
$1,3*0
@mpoint 5 0
1 5 
@id 6 1
2 6 0
@coord 7 2
2 7 [3]
$0,3FE4,40144
@first_instr_ptr 8 0
2 8 NULL
@attach_ptr 9 0
2 9 NULL
@vpoint 10 0
1 10 
2 6 0
2 7 [3]
$407F4,407A5E,0
2 8 NULL
2 9 NULL
@orient 11 2
1 11 [4][4]
$2*0,BFF,0
$0,3FF,2*0
$3FF,3*0
$3*0,3FF
@local_sys 12 2
1 12 [4][4]
$2*0,C051055BA8D4F029,0
$0,4051055BA8D4F029,2*0
$4051055BA8D4F029,3*0
$40636A6FFCA50018,4077B529AD9EBA7A,C0A1AFBD4,3FF
@world_matrix_ptr 13 0
1 13 ->
@world_matrix 14 2
2 14 [4][4]
$2*0,C051055BA8D4F029,0
$0,4051055BA8D4F029,2*0
$4051055BA8D4F029,3*0
$40636A6FFCA50018,4077B529AD9EBA7A,0,3FF
@first_instr_ptr 15 0
1 15 ->
@type 16 1
2 16 100
@geom_id 17 1
2 17 -1
@view_id 18 1
2 18 -1
@memb_num 19 1
2 19 0
@offset 20 2
2 20 0
@matrix 21 0
2 21 NULL
@next_instr_ptr 22 0
1 22 ->
2 16 115
2 17 28
2 18 -1
2 19 1
@memb_id_tab 23 1
2 23 [1]
3 23 2
2 20 0
2 21 NULL
1 22 ->
2 16 301
2 17 -1
2 18 -1
2 19 0
2 20 4051055BA8D4F029
2 21 NULL
1 22 NULL
@outer_xsec_index 24 1
1 24 -1
@next_view_id 25 1
1 25 61
@simp_rep_id 26 1
1 26 0
@name 27 10
1 27 DOVE_GROOVE
@fit_outline 28 2
1 28 [2][3]
$4059,405518,C08215B163623F2E
$408C2,4087BB,0
@det_info_ptr 29 0
1 29 NULL
@named_view_pzmatr 30 0
1 30 ->
@matrix 31 2
2 31 [4][4]
$400C874F50F353E9,3*0
$0,400C874F50F353E9,2*0
$2*0,400C874F50F353E9,0
$C09D79CA8FE37D3D,C0A061EC2490C362,0,3FF
@page_id 32 1
1 32 0
@model_name 33 10
1 33 NULL
@unrep_model_name 34 10
1 34 NULL
@saved_pro_dls 35 0
1 35 ->
@explode_state 36 0
1 36 NULL
#ModelView#61
@View 1 0
0 1 ->
@id 2 1
1 2 61
@viewattr 3 0
1 3 
@attr_arr 4 1
2 4 [4]
$1,3*0
@mpoint 5 0
1 5 
@id 6 1
2 6 0
@coord 7 2
2 7 [3]
$0,3FE4,40144
@first_instr_ptr 8 0
2 8 NULL
@attach_ptr 9 0
2 9 NULL
@vpoint 10 0
1 10 
2 6 0
2 7 [3]
$407F4,407A5E,0
2 8 NULL
2 9 NULL
@orient 11 2
1 11 [4][4]
$3FE8051A52D5422F,3FC8986E9A247158,BFE43AC33BE13C37,0
$3FC1479F9E8B704R,3FEC8B3765385C07,3FDB9C5BE961D09,0
$3FE4B2867BB110A2,BFDA2FEB94819E5E,3FE498764D29642R,0
$3*0,3FF
@local_sys 12 2
1 12 [4][4]
$4041CFE48875E913,40223D2532239339,C03E00AA735DF9EB,0
$4019A0B6757BC238,40452AB255DF472C,403479922A4C9727,0
$403EB24970058E78,C0336B51E2327FCF,403E8BA1DE957313,0
$40754984FB688886,407EDB9EF9DC88E1,C09B46149B4511D4,3FF
@world_matrix_ptr 13 0
1 13 NULL
@first_instr_ptr 14 0
1 14 ->
@type 15 1
2 15 100
@geom_id 16 1
2 16 -1
@view_id 17 1
2 17 -1
@memb_num 18 1
2 18 0
@offset 19 2
2 19 0
@matrix 20 0
2 20 NULL
@next_instr_ptr 21 0
1 21 ->
2 15 301
2 16 -1
2 17 -1
2 18 0
2 19 4047BACFC3B79093
2 20 NULL
1 21 ->
2 15 125
2 16 -1
2 17 -1
2 18 0
2 19 0
2 20 ->
@matrix 22 2
3 22 [4][4]
$3FDF9783641F6776,3F701E9EDCE38FB1,BFEBD45082A7DFB7,0
$BFDB0E1219740DED,3FEBFFEB4A9BE96E,BFCE34B8906D34E3,0
$3FE85218CE0B9856,3FDEFBE675513529,3FDBBFC05EF165DE,0
$3*0,3FF
1 21 NULL
@outer_xsec_index 23 1
1 23 -1
@next_view_id 24 1
1 24 -2
@simp_rep_id 25 1
1 25 0
@name 26 10
1 26 ISO
@fit_outline 27 2
1 27 [2][3]
$4059,405518,C0882271F586C568
$408C2,4087BB,0
@det_info_ptr 28 0
1 28 NULL
@named_view_pzmatr 29 0
1 29 ->
2 22 [4][4]
$3FF,3*0
$0,3FF,2*0
$2*0,3FF,0
$C04504E447BEC6F,403461D59AE78A98,0,3FF
@page_id 30 1
1 30 0
@model_name 31 10
1 31 NULL
@unrep_model_name 32 10
1 32 NULL
@saved_pro_dls 33 0
1 33 ->
@explode_state 34 0
1 34 NULL
#DispDataColor
@ref_color_table 1 0
0 1 
@ref_color_arr 2 0
1 2 [3]
2 2 
@maximum 3 2
3 3 [3]
$3*3FF
@ambient 4 2
3 4 3FECR
@diffuse 5 2
3 5 3FECR
@specular 6 2
3 6 3FE9R
@spec_coef 7 2
3 7 3FE
@transmission 8 2
3 8 0
@threshold 9 1
3 9 90
@gl_ind 10 1
3 10 0
@highlight 11 2
3 11 [3]
$3*3FF
@reflection 12 2
3 12 3FD
@bump_height 13 2
3 13 3FE
@bump 14 3
3 14 NULL
@decal_intensity 15 2
3 15 3FF
@decal 16 3
3 16 NULL
@texture 17 3
3 17 NULL
2 2 
3 3 [3]
$3FE051EB851EB852,3FE0A3D70A3D70A4,3FE0F5C28F5C28F6
3 4 3FECR
3 5 3FECR
3 6 3FE9R
3 7 3FE
3 8 0
3 9 90
3 10 2
3 11 [3]
$3*3FF
3 12 3FD
3 13 3FE
3 14 NULL
3 15 3FF
3 16 NULL
3 17 NULL
2 2 
3 3 [3]
$3FF,2*0
3 4 3FECR
3 5 3FECR
3 6 3FE9R
3 7 3FE
3 8 0
3 9 90
3 10 3
3 11 [3]
$3*3FF
3 12 3FD
3 13 3FE
3 14 NULL
3 15 3FF
3 16 NULL
3 17 NULL
#DispDataTable
@disp_data_table 1 0
0 1 
@disp_data_arr 2 0
1 2 [1]
2 2 
@disp_data 3 0
3 3 ->
@wire 4 0
4 4 
@disp_list_version 5 1
5 5 101
@visibility 6 1
5 6 16
@status_mask 7 1
5 7 3
@creation_scale 8 2
5 8 0
@view_matrix 9 2
5 9 [4][4]
$3FF,3*0
$0,3FF,2*0
$2*0,3FF,0
$3*0,3FF
@outline 10 2
5 10 [2][3]
$3*41CDCD64FR
$3*C1CDCD64FR
@dl_block_mem_size 11 0
5 11 
@dl_block_mem_size 12 1
6 12 32768
@list 13 0
5 13 NULL
@token_contents 14 5
5 14 0
@render_attribs 15 5
5 15 0
@part_color 16 1
4 16 -1
@color_prop_ptr 17 0
4 17 ->
@color_refs 18 0
5 18 [2]
6 18 
@ref_color 19 0
7 19 ->
@maximum 20 2
8 20 [3]
$3*3FF
@ambient 21 2
8 21 3FECR
@diffuse 22 2
8 22 3FECR
@specular 23 2
8 23 3FE9R
@spec_coef 24 2
8 24 3FE
@transmission 25 2
8 25 0
@threshold 26 1
8 26 90
@gl_ind 27 1
8 27 0
@highlight 28 2
8 28 [3]
$3*3FF
@reflection 29 2
8 29 3FD
@bump_height 30 2
8 30 3FE
@bump 31 3
8 31 NULL
@decal_intensity 32 2
8 32 3FF
@decal 33 3
8 33 NULL
@texture 34 3
8 34 NULL
6 18 
7 19 ->
8 20 [3]
$0,3FF,0
8 21 3FECR
8 22 3FECR
8 23 3FE9R
8 24 3FE
8 25 0
8 26 90
8 27 1
8 28 [3]
$3*3FF
8 29 3FD
8 30 3FE
8 31 NULL
8 32 3FF
8 33 NULL
8 34 NULL
@surf_ind_tab 35 0
5 35 [2]
6 35 
@surf_id 36 1
7 36 1
@surf_color_inds 37 1
7 37 [2]
$0,-1
@surf_pl 38 0
7 38 [2]
8 38 
@placement_ptr 39 0
9 39 NULL
8 38 
9 39 NULL
6 35 
7 36 2
7 37 [2]
$1,-1
7 38 [2]
8 38 
9 39 NULL
8 38 
9 39 NULL
@model_type 40 1
4 40 1
@flags 41 1
4 41 0
@generic_name 42 10
4 42 NULL
@label 43 10
4 43 NULL
@components 44 0
4 44 
@comp_arr 45 0
5 45 [1]
6 45 
@comp 46 0
7 46 ->
@id 47 1
8 47 1
@type 48 1
8 48 -1
@memb2model 49 2
8 49 [4][3]
$3FF,2*0
$0,3FF,0
$2*0,3FF
$3*0
@solid_dd 50 0
8 50 ->
9 16 1
9 40 2
9 41 2
@model_name 51 10
9 51 turn_rp
9 42 NULL
9 43 NULL
#AssMrgPrt
@assem_merge_parts 1 0
0 1 ->
#END_OF_UGC
