#UGC:2 ASSEMBLY 988 420 -1 1 1 15 2000 9807 00000c3c \
#- VERS 0 0                                                          \
#- HOST                                                              \
#- LINK                                                              \
#- DBID                                                              \
#- REVS 0,                                                           \
#- RELL 0,                                                           \
#- UOBJ_ID 873921400 87663107 -2139526928                            \
#- MACH SUN_SunOS_5.5_Generic                                        \
#-END_OF_UGC_HEADER
#P_OBJECT 6
@P_object 1 0
0 1 ->
@depend 2 0
1 2 [6]
2 2 
@model_name 3 10
3 3 TOOL_MOTIONS
@model_type 4 1
3 4 37
@revnum 5 1
3 5 108
@bom_count 6 1
3 6 1
@dep_type 7 1
3 7 64
@stamp 8 0
3 8 
@major_vers 9 0
4 9 
@vers 10 1
5 10 0
@alias_name 11 10
5 11 
@minor_vers 12 0
4 12 
@vers 13 1
5 13 0
@reason 14 10
3 14 
2 2 
3 3 SPACER
3 4 2
3 5 2620
3 6 1
3 7 2
3 8 
4 9 
5 10 0
5 11 
4 12 
5 13 0
3 14 
@comp_ids 15 1
3 15 [1]
4 15 1
2 2 
3 3 STOCK
3 4 2
3 5 20602
3 6 1
3 7 2
3 8 
4 9 
5 10 0
5 11 
4 12 
5 13 0
3 14 
3 15 [1]
4 15 3
2 2 
3 3 SB1<STEP_BLOCK>
3 4 2
3 5 56
3 6 2
3 7 2
3 8 
4 9 
5 10 0
5 11 
4 12 
5 13 0
3 14 
3 15 [2]
$30,37
2 2 
3 3 BASE
3 4 2
3 5 954
3 6 1
3 7 2
3 8 
4 9 
5 10 0
5 11 
4 12 
5 13 0
3 14 
3 15 [1]
4 15 44
2 2 
3 3 STEP_CLAMP
3 4 2
3 5 -1
3 6 2
3 7 2
3 8 
4 9 
5 10 0
5 11 
4 12 
5 13 0
3 14 
3 15 [2]
$58,79
@dep_db 16 0
1 16 ->
@dep_db 17 0
2 17 [8]
3 17 ->
@to_model_id 18 1
4 18 0
@dep_type 19 1
4 19 2
@obj_id 20 1
4 20 1
@obj_type 21 1
4 21 3
3 17 ->
4 18 1
4 19 2
4 20 3
4 21 3
3 17 ->
4 18 2
4 19 2
4 20 37
4 21 3
3 17 ->
4 18 2
4 19 2
4 20 30
4 21 3
3 17 ->
4 18 -3
4 19 4
4 20 0
4 21 242
3 17 ->
4 18 3
4 19 2
4 20 44
4 21 3
3 17 ->
4 18 4
4 19 2
4 20 58
4 21 3
3 17 ->
4 18 4
4 19 2
4 20 79
4 21 3
@model_db 22 0
2 22 [5]
3 22 ->
@model_t_type 23 1
4 23 2
@model_name 24 10
4 24 SPACER
@generic_name 25 10
4 25 
@stamp 26 0
4 26 
3 22 ->
4 23 2
4 24 STOCK
4 25 
4 26 
3 22 ->
4 23 2
4 24 SB1
4 25 STEP_BLOCK
4 26 
3 22 ->
4 23 2
4 24 BASE
4 25 
4 26 
3 22 ->
4 23 2
4 24 STEP_CLAMP
4 25 
4 26 
@usr_rev 27 0
1 27 [3]
2 27 
@name 28 10
3 28 USER
@mod_time 29 0
3 29 
@tm_sec 30 1
4 30 49
@tm_min 31 1
4 31 9
@tm_hour 32 1
4 32 21
@tm_mday 33 1
4 33 11
@tm_mon 34 1
4 34 8
@tm_year 35 1
4 35 97
@action 36 1
3 36 1000
@comment 37 10
3 37 Hostname: 'gascar'
@rel_level 38 10
3 38 
@rev_string 39 10
3 39 
2 27 
3 28 USER
3 29 
4 30 2
4 31 41
4 32 17
4 33 7
4 34 9
4 35 97
3 36 1000
3 37 Hostname: 'platypus'
3 38 
3 39 
2 27 
3 28 USER
3 29 
4 30 46
4 31 9
4 32 17
4 33 10
4 34 2
4 35 98
3 36 1000
3 37 Hostname: 'tibet'
3 38 
3 39 
@revnum_std 40 1
1 40 356
@flag 41 1
1 41 0
@name 42 10
1 42 NULL
@inst_hidden 43 1
1 43 0
@old_name 44 10
1 44 NULL
@appl_data 45 0
1 45 ->
@bounding_box 46 2
2 46 [2][3]
$C0021A763272772,C01BB22CAB93B756,C01820F229A36D12
$4002CR,4019132DC29E48BC,401CA468448E93
@ver_key 47 0
1 47 ->
@time 48 1
2 48 889549207
@random_num 49 1
2 49 201553929
@hostid 50 1
2 50 2139120160
@last_read 51 1
1 51 -1
#END_OF_P_OBJECT
#Pro/ENGINEER  TM  Version H-03-39  (c) 1988-98 by Parametric Technology Corporation  All Rights Reserved. 9807
@Toc 52 0
0 52 ->
@entry 53 10
1 53 [128]
2 53 BasicData 2b9a 598 0 988########################################################
2 53 BasicText 3132 359 0 988########################################################
2 53 GeomDepen 348b 71 0 988#########################################################
2 53 DispCntrl 34fc 36a 0 988########################################################
2 53 DisplData 3866 38 0 988#########################################################
2 53 LargeText 389e 3e76 0 988#######################################################
2 53 FamilyInf 7714 40 0 988#########################################################
2 53 VisibGeom 7754 39 0 988#########################################################
2 53 NovisGeom 778d d98 0 988########################################################
2 53 ActEntity 8525 24 0 988#########################################################
2 53 AllFeatur 8549 73b2 0 988#######################################################
2 53 FullMData f8fb 1214 0 988#######################################################
2 53 ModelView#0 10b0f 964 0 988#####################################################
2 53 ModelView#2 11473 8f5 0 988#####################################################
2 53 ModelView#4 11d68 7a8 0 988#####################################################
2 53 ModelView#5 12510 874 0 988#####################################################
2 53 ModelView#100 12d84 905 0 988###################################################
2 53 ModelView#101 13689 901 0 988###################################################
2 53 ModelView#102 13f8a 8ff 0 988###################################################
2 53 DispDataColor 14889 1ec 0 988###################################################
2 53 DispDataTable 14a75 1aca 0 988##################################################
2 53 AssMrgPrt 1653f 29 0 988########################################################
2 53 ################################################################################
2 53 ################################################################################
2 53 ################################################################################
2 53 ################################################################################
2 53 ################################################################################
2 53 ################################################################################
2 53 ################################################################################
2 53 ################################################################################
2 53 ################################################################################
2 53 ################################################################################
2 53 ################################################################################
2 53 ################################################################################
2 53 ################################################################################
2 53 ################################################################################
2 53 ################################################################################
2 53 ################################################################################
2 53 ################################################################################
2 53 ################################################################################
2 53 ################################################################################
2 53 ################################################################################
2 53 ################################################################################
2 53 ################################################################################
2 53 ################################################################################
2 53 ################################################################################
2 53 ################################################################################
2 53 ################################################################################
2 53 ################################################################################
2 53 ################################################################################
2 53 ################################################################################
2 53 ################################################################################
2 53 ################################################################################
2 53 ################################################################################
2 53 ################################################################################
2 53 ################################################################################
2 53 ################################################################################
2 53 ################################################################################
2 53 ################################################################################
2 53 ################################################################################
2 53 ################################################################################
2 53 ################################################################################
2 53 ################################################################################
2 53 ################################################################################
2 53 ################################################################################
2 53 ################################################################################
2 53 ################################################################################
2 53 ################################################################################
2 53 ################################################################################
2 53 ################################################################################
2 53 ################################################################################
2 53 ################################################################################
2 53 ################################################################################
2 53 ################################################################################
2 53 ################################################################################
2 53 ################################################################################
2 53 ################################################################################
2 53 ################################################################################
2 53 ################################################################################
2 53 ################################################################################
2 53 ################################################################################
2 53 ################################################################################
2 53 ################################################################################
2 53 ################################################################################
2 53 ################################################################################
2 53 ################################################################################
2 53 ################################################################################
2 53 ################################################################################
2 53 ################################################################################
2 53 ################################################################################
2 53 ################################################################################
2 53 ################################################################################
2 53 ################################################################################
2 53 ################################################################################
2 53 ################################################################################
2 53 ################################################################################
2 53 ################################################################################
2 53 ################################################################################
2 53 ################################################################################
2 53 ################################################################################
2 53 ################################################################################
2 53 ################################################################################
2 53 ################################################################################
2 53 ################################################################################
2 53 ################################################################################
2 53 ################################################################################
2 53 ################################################################################
2 53 ################################################################################
2 53 ################################################################################
2 53 ################################################################################
2 53 ################################################################################
2 53 ################################################################################
2 53 ################################################################################
2 53 ################################################################################
2 53 ################################################################################
2 53 ################################################################################
2 53 ################################################################################
2 53 ################################################################################
2 53 ################################################################################
2 53 ################################################################################
2 53 ################################################################################
2 53 ################################################################################
2 53 ################################################################################
2 53 ################################################################################
2 53 ################################################################################
2 53 ################################################################################
2 53 ################################################################################
2 53 ################################################################################
#BasicData
@Sld_BasicData 1 0
0 1 ->
@tab_key 2 1
1 2 0
@tab_key_struct 3 0
1 3 ->
@type 4 4
2 4 H
@tab_key_ptr 5 0
2 5 [104]
@cmprs_tabkey 6 0
2 6 NULL
@type 7 1
1 7 1
@revnum_ptr 8 0
1 8 ->
@geom_revnum 9 1
2 9 291
@cosm_revnum 10 1
2 10 85
@tol_default_ptr 11 0
1 11 ->
@type 12 1
2 12 10
@value 13 2
2 13 [7]
$0,3FB9R,3F847AE147AE147B,3F50624DD2F1A9FC,3F1A36E2EB1C432D,
$3EE4F8B588E368F1,3EB0C6F7A0B5ED8E
@ang_value 14 2
2 14 [7]
$0,6*3FE
@lin_digits 15 1
2 15 [7]
$7*-1
@ang_digits 16 1
2 16 [7]
$7*-1
@standard 17 1
2 17 0
@iso_tol_tbls_ptr 18 0
2 18 NULL
@datum_count 19 1
1 19 0
@axis_count 20 1
1 20 0
@insert_layer_id 21 1
1 21 -1
@layer_count 22 1
1 22 1
@rel_part_eps 23 2
1 23 3F53A92A30553261
@model_eps 24 2
1 24 0
@fixed_model_eps 25 1
1 25 0
@assembled_count 26 1
1 26 0
@part_type 27 1
1 27 2
@first_ent_id 28 1
1 28 526718
@first_view_id 29 1
1 29 0
@outline 30 2
1 30 [2][3]
$C0015D1745D1746,C01B536EE07CDB39,C017C2345E8C90F5
$3FFD9R,4018B46FF7876C9F,401C45AA7977B6E3
@dim_num 31 1
1 31 13
@geom_lib_ptr 32 0
1 32 NULL
@attrib_array 33 1
1 33 [2]
$1032,0
@max_part_size 34 2
1 34 0
@model_name 35 10
1 35 TOOL_MOTIONS
@disp_outl_info 36 0
1 36 
@disp_outline 37 2
2 37 [2][3]
$C0021A763272772,C01BB22CAB93B756,C01820F229A36D12
$4002CR,4019132DC29E48BC,401CA468448E93
@sel_outl_info 38 0
1 38 ->
@outline 39 2
2 39 [2][3]
$C0021A763272772,C01BB22CAB93B756,C01820F229A36D12
$4002CR,4019132DC29E48BC,401CA468448E93
#BasicText
@Sld_BasicText 1 0
0 1 ->
@assem_mass_prop_ptr 2 0
1 2 NULL
@mass_prop_ptr 3 0
1 3 ->
@type 4 1
2 4 0
@density 5 2
2 5 0
@init_dens 6 5
2 6 0
@rel_density 7 2
2 7 0
@init_rel_dens 8 5
2 8 0
@aver_density 9 2
2 9 0
@vrevnum 10 1
2 10 -1
@volume 11 2
2 11 0
@cg 12 2
2 12 [3]
$3*0
@inertia 13 2
2 13 [3][3]
$3*0
$3*0
$3*0
@eps 14 2
2 14 0
@surfarea 15 2
2 15 0
@assign_mp_ptr 16 0
1 16 NULL
@mat_name_ptr 17 10
1 17 NULL
@unit_arr 18 0
1 18 [3]
2 18 
@type 19 1
3 19 1
@factor 20 2
3 20 3FF
@name 21 10
3 21 INCH
@unit_type 22 1
3 22 0
2 18 
3 19 2
3 20 3FF
3 21 POUND
3 22 1
2 18 
3 19 11
3 20 3FF
3 21 HOURS
3 22 2
@p_unit_info 23 0
1 23 ->
@custom_unit_arr 24 0
2 24 [6]
3 24 
3 24 
3 24 
3 24 
3 24 
3 24 
@principal_sys_units 25 10
2 25 Inch lbm Second (Pro/E Default)
@history_scale 26 2
2 26 [6][2]
$3FF,0
$3FF,0
$3FF,0
$3FF,0
$3FF,0
$3FF,0
#GeomDepen
@Sld_GeomDepend 1 0
0 1 ->
@frst_geom_ptr 2 1
1 2 0
@fem_data 3 0
1 3 NULL
@first_quilt_ptr 4 1
1 4 0
#DispCntrl
@Sld_DispCntrl 1 0
0 1 ->
@color_prop_ptr 2 0
1 2 NULL
@layer_array 3 0
1 3 [5]
2 3 ->
@id 4 1
3 4 94
@type 5 1
3 5 117
@user_id 6 1
3 6 0
@weird_wline_ptr 7 0
3 7 ->
@weird_wline 8 10
4 8 COSMETIC
@layer_objects 9 0
3 9 [2]
4 9 
@type 10 1
5 10 68
@lay_solid 11 0
5 11 NULL
4 9 
5 10 117
5 11 NULL
@saved_operation 12 1
3 12 1
2 3 ->
3 4 96
3 5 117
3 6 0
3 7 ->
4 8 LEADIN_NOTES
3 9 [2]
4 9 
5 10 68
@ids 13 1
5 13 [2]
$0,1
5 11 NULL
4 9 
5 10 117
5 11 NULL
3 12 3
2 3 ->
3 4 97
3 5 117
3 6 0
3 7 ->
4 8 NORM_TANG_NOTES
3 9 [2]
4 9 
5 10 68
5 13 [2]
$2,3
5 11 NULL
4 9 
5 10 117
5 11 NULL
3 12 3
2 3 ->
3 4 98
3 5 117
3 6 0
3 7 ->
4 8 HELICAL_NOTES
3 9 [2]
4 9 
5 10 68
5 13 [2]
$4,5
5 11 NULL
4 9 
5 10 117
5 11 NULL
3 12 3
2 3 ->
3 4 99
3 5 117
3 6 0
3 7 ->
4 8 GOTO_NOTES
3 9 [2]
4 9 
5 10 68
5 13 [6]
$6,7,8,10,11,12
5 11 NULL
4 9 
5 10 117
5 11 NULL
3 12 1
#DisplData
@Sld_DispData 1 0
0 1 ->
@disp_data 2 0
1 2 
#LargeText
@Sld_LargeText 1 0
0 1 ->
@names_table 2 0
1 2 [2]
2 2 ->
@id 3 1
3 3 29
@type 4 1
3 4 3
@name 5 10
3 5 FSETP2
2 2 ->
3 3 95
3 4 309
3 5 VIS0001
@relpar_sets 6 0
1 6 [1]
2 6 
@id 7 1
3 7 -1
@type 8 1
3 8 1
@ext_ref_id 9 1
3 9 -1
@param_arr 10 0
3 10 [105]
4 10 ->
@sym 11 10
5 11 
@value 12 0
5 12 
@type 13 1
6 13 0
@value(NO_val) 14 0
6 14 ->
@bak_value 15 0
5 15 
6 13 0
6 14 ->
4 10 ->
5 11 
5 12 
6 13 1
6 14 ->
5 15 
6 13 1
6 14 ->
4 10 ->
5 11 
5 12 
6 13 1
6 14 ->
5 15 
6 13 1
6 14 ->
4 10 ->
5 11 
5 12 
6 13 0
6 14 ->
5 15 
6 13 0
6 14 ->
4 10 ->
5 11 
5 12 
6 13 0
6 14 ->
5 15 
6 13 0
6 14 ->
4 10 ->
5 11 
5 12 
6 13 0
6 14 ->
5 15 
6 13 0
6 14 ->
4 10 ->
5 11 
5 12 
6 13 0
6 14 ->
5 15 
6 13 0
6 14 ->
4 10 ->
5 11 
5 12 
6 13 0
6 14 ->
5 15 
6 13 0
6 14 ->
4 10 ->
5 11 
5 12 
6 13 0
6 14 ->
5 15 
6 13 0
6 14 ->
4 10 ->
5 11 
5 12 
6 13 0
6 14 ->
5 15 
6 13 0
6 14 ->
4 10 ->
5 11 
5 12 
6 13 0
6 14 ->
5 15 
6 13 0
6 14 ->
4 10 ->
5 11 
5 12 
6 13 0
6 14 ->
5 15 
6 13 0
6 14 ->
4 10 ->
5 11 
5 12 
6 13 1
6 14 ->
5 15 
6 13 1
6 14 ->
4 10 ->
5 11 
5 12 
6 13 1
6 14 ->
5 15 
6 13 1
6 14 ->
4 10 ->
5 11 
5 12 
6 13 0
6 14 ->
5 15 
6 13 0
6 14 ->
4 10 ->
5 11 
5 12 
6 13 0
6 14 ->
5 15 
6 13 0
6 14 ->
4 10 ->
5 11 
5 12 
6 13 0
6 14 ->
5 15 
6 13 0
6 14 ->
4 10 ->
5 11 
5 12 
6 13 0
6 14 ->
5 15 
6 13 0
6 14 ->
4 10 ->
5 11 
5 12 
6 13 1
6 14 ->
5 15 
6 13 1
6 14 ->
4 10 ->
5 11 
5 12 
6 13 1
6 14 ->
5 15 
6 13 1
6 14 ->
4 10 ->
5 11 
5 12 
6 13 0
6 14 ->
5 15 
6 13 0
6 14 ->
4 10 ->
5 11 
5 12 
6 13 1
6 14 ->
5 15 
6 13 1
6 14 ->
4 10 ->
5 11 
5 12 
6 13 0
6 14 ->
5 15 
6 13 0
6 14 ->
4 10 ->
5 11 
5 12 
6 13 1
6 14 ->
5 15 
6 13 1
6 14 ->
4 10 ->
5 11 
5 12 
6 13 1
6 14 ->
5 15 
6 13 1
6 14 ->
4 10 ->
5 11 
5 12 
6 13 1
6 14 ->
5 15 
6 13 1
6 14 ->
4 10 ->
5 11 
5 12 
6 13 0
6 14 ->
5 15 
6 13 0
6 14 ->
4 10 ->
5 11 
5 12 
6 13 1
6 14 ->
5 15 
6 13 1
6 14 ->
4 10 ->
5 11 
5 12 
6 13 0
6 14 ->
5 15 
6 13 0
6 14 ->
4 10 ->
5 11 
5 12 
6 13 0
6 14 ->
5 15 
6 13 0
6 14 ->
4 10 ->
5 11 
5 12 
6 13 0
6 14 ->
5 15 
6 13 0
6 14 ->
4 10 ->
5 11 
5 12 
6 13 0
6 14 ->
5 15 
6 13 0
6 14 ->
4 10 ->
5 11 
5 12 
6 13 0
6 14 ->
5 15 
6 13 0
6 14 ->
4 10 ->
5 11 
5 12 
6 13 0
6 14 ->
5 15 
6 13 0
6 14 ->
4 10 ->
5 11 
5 12 
6 13 0
6 14 ->
5 15 
6 13 0
6 14 ->
4 10 ->
5 11 
5 12 
6 13 0
6 14 ->
5 15 
6 13 0
6 14 ->
4 10 ->
5 11 
5 12 
6 13 1
6 14 ->
5 15 
6 13 1
6 14 ->
4 10 ->
5 11 
5 12 
6 13 0
6 14 ->
5 15 
6 13 0
6 14 ->
4 10 ->
5 11 
5 12 
6 13 0
6 14 ->
5 15 
6 13 0
6 14 ->
4 10 ->
5 11 
5 12 
6 13 1
6 14 ->
5 15 
6 13 1
6 14 ->
4 10 ->
5 11 
5 12 
6 13 0
6 14 ->
5 15 
6 13 0
6 14 ->
4 10 ->
5 11 
5 12 
6 13 0
6 14 ->
5 15 
6 13 0
6 14 ->
4 10 ->
5 11 
5 12 
6 13 0
6 14 ->
5 15 
6 13 0
6 14 ->
4 10 ->
5 11 
5 12 
6 13 0
6 14 ->
5 15 
6 13 0
6 14 ->
4 10 ->
5 11 
5 12 
6 13 1
6 14 ->
5 15 
6 13 1
6 14 ->
4 10 ->
5 11 
5 12 
6 13 0
6 14 ->
5 15 
6 13 0
6 14 ->
4 10 ->
5 11 
5 12 
6 13 0
6 14 ->
5 15 
6 13 0
6 14 ->
4 10 ->
5 11 
5 12 
6 13 0
6 14 ->
5 15 
6 13 0
6 14 ->
4 10 ->
5 11 
5 12 
6 13 0
6 14 ->
5 15 
6 13 0
6 14 ->
4 10 ->
5 11 
5 12 
6 13 0
6 14 ->
5 15 
6 13 0
6 14 ->
4 10 ->
5 11 
5 12 
6 13 0
6 14 ->
5 15 
6 13 0
6 14 ->
4 10 ->
5 11 
5 12 
6 13 0
6 14 ->
5 15 
6 13 0
6 14 ->
4 10 ->
5 11 
5 12 
6 13 0
6 14 ->
5 15 
6 13 0
6 14 ->
4 10 ->
5 11 
5 12 
6 13 0
6 14 ->
5 15 
6 13 0
6 14 ->
4 10 ->
5 11 
5 12 
6 13 0
6 14 ->
5 15 
6 13 0
6 14 ->
4 10 ->
5 11 
5 12 
6 13 1
6 14 ->
5 15 
6 13 1
6 14 ->
4 10 ->
5 11 
5 12 
6 13 1
6 14 ->
5 15 
6 13 1
6 14 ->
4 10 ->
5 11 
5 12 
6 13 0
6 14 ->
5 15 
6 13 0
6 14 ->
4 10 ->
5 11 
5 12 
6 13 0
6 14 ->
5 15 
6 13 0
6 14 ->
4 10 ->
5 11 
5 12 
6 13 0
6 14 ->
5 15 
6 13 0
6 14 ->
4 10 ->
5 11 
5 12 
6 13 0
6 14 ->
5 15 
6 13 0
6 14 ->
4 10 ->
5 11 
5 12 
6 13 0
6 14 ->
5 15 
6 13 0
6 14 ->
4 10 ->
5 11 
5 12 
6 13 0
6 14 ->
5 15 
6 13 0
6 14 ->
4 10 ->
5 11 
5 12 
6 13 1
6 14 ->
5 15 
6 13 1
6 14 ->
4 10 ->
5 11 
5 12 
6 13 1
6 14 ->
5 15 
6 13 1
6 14 ->
4 10 ->
5 11 
5 12 
6 13 0
6 14 ->
5 15 
6 13 0
6 14 ->
4 10 ->
5 11 
5 12 
6 13 0
6 14 ->
5 15 
6 13 0
6 14 ->
4 10 ->
5 11 
5 12 
6 13 0
6 14 ->
5 15 
6 13 0
6 14 ->
4 10 ->
5 11 
5 12 
6 13 1
6 14 ->
5 15 
6 13 1
6 14 ->
4 10 ->
5 11 
5 12 
6 13 0
6 14 ->
5 15 
6 13 0
6 14 ->
4 10 ->
5 11 
5 12 
6 13 84
6 14 ->
5 15 
6 13 84
6 14 ->
4 10 ->
5 11 
5 12 
6 13 0
6 14 ->
5 15 
6 13 0
6 14 ->
4 10 ->
5 11 
5 12 
6 13 0
6 14 ->
5 15 
6 13 0
6 14 ->
4 10 ->
5 11 
5 12 
6 13 0
6 14 ->
5 15 
6 13 0
6 14 ->
4 10 ->
5 11 
5 12 
6 13 0
6 14 ->
5 15 
6 13 0
6 14 ->
4 10 ->
5 11 
5 12 
6 13 1
6 14 ->
5 15 
6 13 1
6 14 ->
4 10 ->
5 11 
5 12 
6 13 1
6 14 ->
5 15 
6 13 1
6 14 ->
4 10 ->
5 11 
5 12 
6 13 0
6 14 ->
5 15 
6 13 0
6 14 ->
4 10 ->
5 11 
5 12 
6 13 0
6 14 ->
5 15 
6 13 0
6 14 ->
4 10 ->
5 11 
5 12 
6 13 0
6 14 ->
5 15 
6 13 0
6 14 ->
4 10 ->
5 11 
5 12 
6 13 1
6 14 ->
5 15 
6 13 1
6 14 ->
4 10 ->
5 11 
5 12 
6 13 1
6 14 ->
5 15 
6 13 1
6 14 ->
4 10 ->
5 11 
5 12 
6 13 0
6 14 ->
5 15 
6 13 0
6 14 ->
4 10 ->
5 11 
5 12 
6 13 0
6 14 ->
5 15 
6 13 0
6 14 ->
4 10 ->
5 11 
5 12 
6 13 0
6 14 ->
5 15 
6 13 0
6 14 ->
4 10 ->
5 11 
5 12 
6 13 0
6 14 ->
5 15 
6 13 0
6 14 ->
4 10 ->
5 11 
5 12 
6 13 0
6 14 ->
5 15 
6 13 0
6 14 ->
4 10 ->
5 11 
5 12 
6 13 0
6 14 ->
5 15 
6 13 0
6 14 ->
4 10 ->
5 11 
5 12 
6 13 0
6 14 ->
5 15 
6 13 0
6 14 ->
4 10 ->
5 11 
5 12 
6 13 0
6 14 ->
5 15 
6 13 0
6 14 ->
4 10 ->
5 11 
5 12 
6 13 0
6 14 ->
5 15 
6 13 0
6 14 ->
4 10 ->
5 11 
5 12 
6 13 0
6 14 ->
5 15 
6 13 0
6 14 ->
4 10 ->
5 11 
5 12 
6 13 0
6 14 ->
5 15 
6 13 0
6 14 ->
4 10 ->
5 11 
5 12 
6 13 0
6 14 ->
5 15 
6 13 0
6 14 ->
4 10 ->
5 11 
5 12 
6 13 0
6 14 ->
5 15 
6 13 0
6 14 ->
4 10 ->
5 11 
5 12 
6 13 0
6 14 ->
5 15 
6 13 0
6 14 ->
4 10 ->
5 11 
5 12 
6 13 0
6 14 ->
5 15 
6 13 0
6 14 ->
4 10 ->
5 11 
5 12 
6 13 0
6 14 ->
5 15 
6 13 0
6 14 ->
4 10 ->
5 11 
5 12 
6 13 0
6 14 ->
5 15 
6 13 0
6 14 ->
4 10 ->
5 11 
5 12 
6 13 0
6 14 ->
5 15 
6 13 0
6 14 ->
4 10 ->
5 11 
5 12 
6 13 0
6 14 ->
5 15 
6 13 0
6 14 ->
4 10 ->
5 11 
5 12 
6 13 0
6 14 ->
5 15 
6 13 0
6 14 ->
4 10 ->
5 11 
5 12 
6 13 0
6 14 ->
5 15 
6 13 0
6 14 ->
4 10 ->
5 11 
5 12 
6 13 0
6 14 ->
5 15 
6 13 0
6 14 ->
4 10 ->
5 11 
5 12 
6 13 0
6 14 ->
5 15 
6 13 0
6 14 ->
@relatnum 16 1
3 16 0
@cfg_states 17 0
1 17 ->
@sld_configs 18 0
2 18 [1]
3 18 ->
@id 19 1
4 19 95
@type 20 1
4 20 309
@state_type 21 1
4 21 8
@conf_data 22 0
4 22 ->
@comp_incr_arr 23 0
5 23 [7]
6 23 
@memb_id_tab 24 1
7 24 [1]
8 24 1
@status 25 1
7 25 4
@simpl_rep 26 0
7 26 NULL
6 23 
7 24 [1]
8 24 3
7 25 2
7 26 NULL
6 23 
7 24 [1]
8 24 30
7 25 4
7 26 NULL
6 23 
7 24 [1]
8 24 37
7 25 4
7 26 NULL
6 23 
7 24 [1]
8 24 44
7 25 4
7 26 NULL
6 23 
7 24 [1]
8 24 58
7 25 4
7 26 NULL
6 23 
7 24 [1]
8 24 79
7 25 4
7 26 NULL
@state_ft 27 0
5 27 NULL
@active_state 28 1
2 28 -1
@current_state 29 1
2 29 -1
@notes 30 0
1 30 [13]
2 30 ->
@type 31 1
3 31 1
@attributes 32 1
3 32 15
@line_array 33 0
3 33 [1]
4 33 
@text_array 34 0
5 34 [1]
6 34 
@text_type 35 1
7 35 18
@text_value 36 10
7 36 Lead in motion with 0.75 radius
@width_factor 37 2
7 37 3FECR
@format_info 38 0
7 38 
@note_ldr 39 0
3 39 ->
@ldr_attrib 40 1
4 40 0
@note_att 41 0
4 41 ->
@type 42 1
5 42 42
@attach_id 43 1
5 43 0
@att_offsets 44 0
5 44 [6]
6 44 ->
@offset_type 45 1
7 45 9
@offset 46 2
7 46 3FE1943805C82DE4
6 44 ->
7 45 10
7 46 3FE13B974F018861
6 44 ->
7 45 53
7 46 3FE2FD09BE4D7F58
6 44 ->
7 45 54
7 46 3FE10888C1662C4R
6 44 ->
7 45 55
7 46 3FE2C8CBB4DD10C9
6 44 ->
7 45 1
7 46 C034AB3E7473DBA
@view_id 47 1
5 47 5
@point 48 2
5 48 [3]
$4080DBCBC4845D49,407BFE0FFAA88961,0
@ldr_paths 49 0
4 49 [1]
5 49 ->
@end_att 50 0
6 50 ->
7 42 37
7 43 24
@member_id_tab 51 1
7 51 [1]
8 51 3
7 44 [2]
8 44 ->
9 45 46
9 46 3FEE1D21DD4DC8
8 44 ->
9 45 47
9 46 3FEACF62BB8597E
7 47 1
7 48 [3]
$4081D3D2B1F9CEC2,407AE35D6AA1504,0
@vec 52 2
7 52 [3]
$3FEA8A72211BD9DF,BFE1E0807F4EE648,0
@private_attribute 53 9
7 53 [4]
$1,3*0
@gen_info 54 0
3 54 
@color 55 1
4 55 1
@line_spacing 56 2
3 56 3FE
@p_sld_info 57 0
3 57 ->
@name 58 10
4 58 leadin
@ref_type 59 1
4 59 1
@ref_id 60 1
4 60 -1
@url 61 10
4 61 NULL
2 30 ->
3 31 1
3 32 15
3 33 [1]
4 33 
5 34 [1]
6 34 
7 35 18
7 36 lead out motion with .5 radius
7 37 3FECR
7 38 
3 39 ->
4 40 0
4 41 ->
5 42 42
5 43 0
5 44 [5]
6 44 ->
7 45 9
7 46 3FDFEE5224FC2AAC
6 44 ->
7 45 10
7 46 3FD7C82BEDDD0D8A
6 44 ->
7 45 53
7 46 3FC2523CEAB86C89
6 44 ->
7 45 54
7 46 3FE2B92E26EEE4C3
6 44 ->
7 45 55
7 46 3FD9AF5EABCB9865
5 47 9
5 48 [3]
$407F32302CE4FD09,4074F332F50B74D4,0
4 49 [1]
5 49 ->
6 50 ->
7 42 37
7 43 19
7 51 [1]
8 51 44
7 44 [2]
8 44 ->
9 45 46
9 46 3FE381B2EC2B88EF
8 44 ->
9 45 47
9 46 3FD4B1E2EB9C35E7
7 47 9
7 48 [3]
$407DE55B9950EF1D,4075A7E424E4AE34,0
7 52 [3]
$BFB596E7158ACE38,3FEFE2D103763A74,0
7 53 [4]
$1,3*0
3 54 
4 55 1
3 56 3FE
3 57 ->
4 58 leadout
4 59 1
4 60 -1
4 61 NULL
2 30 ->
3 31 1
3 32 15
3 33 [1]
4 33 
5 34 [1]
6 34 
7 35 18
7 36 1.25" tangent approach
7 38 
3 39 ->
4 40 0
4 41 ->
5 42 42
5 43 0
5 44 [6]
6 44 ->
7 45 9
7 46 3FE060A1BF5421F6
6 44 ->
7 45 10
7 46 3FE224FF4303EBE5
6 44 ->
7 45 53
7 46 3FE6EC54491063A6
6 44 ->
7 45 54
7 46 3FDE22EC27FF7E06
6 44 ->
7 45 55
7 46 3FE1A81B5B78E2D4
6 44 ->
7 45 1
7 46 C04EFA1665FDD51
5 47 1
5 48 [3]
$40802C66676B31A2,407CB78ED54E2EC4,0
4 49 [1]
5 49 ->
6 50 ->
7 42 37
7 43 19
7 51 [1]
8 51 44
7 44 [2]
8 44 ->
9 45 46
9 46 3FE26359536E5B67
8 44 ->
9 45 47
9 46 3FE49F5228FB5134
7 47 1
7 48 [3]
$408205D03720633E,4079D60AE84943D3,0
7 52 [3]
$3F73ADF92FB7851E,3FEFFFE7CB635B3C,0
7 53 [4]
$1,3*0
3 54 
3 57 ->
4 58 Tangent_approach
4 59 1
4 60 -1
4 61 NULL
2 30 ->
3 31 1
3 32 15
3 33 [1]
4 33 
5 34 [1]
6 34 
7 35 18
7 36 1" normal exit
7 38 
3 39 ->
4 40 0
4 41 ->
5 42 42
5 43 0
5 44 [6]
6 44 ->
7 45 9
7 46 3FDDE1E93C6914DB
6 44 ->
7 45 10
7 46 3FD8DA49CB80158C
6 44 ->
7 45 53
7 46 3FC380D752212DBE
6 44 ->
7 45 54
7 46 3FE145214F212BCD
6 44 ->
7 45 55
7 46 3FD9322986AD60AC
6 44 ->
7 45 1
7 46 4030BD012492948
5 47 1
5 48 [3]
$407CC3E19EE6938D,4076971370AF6FCA,0
4 49 [1]
5 49 ->
6 50 ->
7 42 37
7 43 19
7 51 [1]
8 51 44
7 44 [2]
8 44 ->
9 45 46
9 46 3FE4A5B29A8ED236
8 44 ->
9 45 47
9 46 3FD39FCF6624FAE5
7 47 1
7 48 [3]
$407BABC10FB0CB03,4079835F55E9410D,0
7 52 [3]
$3F73ADF92FB7851E,3FEFFFE7CB635B3C,0
7 53 [4]
$1,3*0
3 54 
3 57 ->
4 58 Normal_exit
4 59 1
4 60 -1
4 61 NULL
2 30 ->
3 31 1
3 32 15
3 33 [2]
4 33 
5 34 [1]
6 34 
7 35 18
7 36 2" high
7 38 
4 33 
5 34 [1]
6 34 
7 35 18
7 36 1" radius helical approach
7 38 
3 39 ->
4 40 0
4 41 ->
5 42 42
5 43 0
5 44 [5]
6 44 ->
7 45 9
7 46 3FE29B6AE13A63CR
6 44 ->
7 45 10
7 46 3FDE9AEA9BABA069
6 44 ->
7 45 53
7 46 3FDA867D695A12F
6 44 ->
7 45 54
7 46 3FE1C373F9B95A27
6 44 ->
7 45 55
7 46 3FE3F8EA1781F9D3
5 47 6
5 48 [3]
$4080E255F4CF3F1A,407A7680B94AC7E2,0
4 49 [1]
5 49 ->
6 50 ->
7 42 37
7 43 6
7 51 [1]
8 51 37
7 44 [2]
8 44 ->
9 45 46
9 46 3FDDFF6FDC831A0D
8 44 ->
9 45 47
9 46 3FDF88D778F62A0C
7 47 6
7 48 [3]
$4080892A5513DB5F,407D318A374251F4,0
7 52 [3]
$3FEFDBA8AEE9C831,BFB8162FDFE25797,0
7 53 [4]
$1,3*0
3 54 
3 57 ->
4 58 heli_in
4 59 1
4 60 -1
4 61 NULL
2 30 ->
3 31 1
3 32 15
3 33 [2]
4 33 
5 34 [1]
6 34 
7 35 18
7 36 2" high
7 38 
4 33 
5 34 [1]
6 34 
7 35 18
7 36 3" radius helical exit
7 38 
3 39 ->
4 40 0
4 41 ->
5 42 42
5 43 0
5 44 [5]
6 44 ->
7 45 9
7 46 3FDC128D952C4F9F
6 44 ->
7 45 10
7 46 3FDBB4D6B73AD2B2
6 44 ->
7 45 53
7 46 3FCD6244F785CAB
6 44 ->
7 45 54
7 46 3FDDC950BE7BDED7
6 44 ->
7 45 55
7 46 3FD9DD968967B2F4
5 47 6
5 48 [3]
$407D7B7BB4887E4E,4076E95BB00C5A05,0
4 49 [1]
5 49 ->
6 50 ->
7 42 37
7 43 22
7 51 [1]
8 51 3
7 44 [2]
8 44 ->
9 45 46
9 46 3FEA99E444F4B7DA
8 44 ->
9 45 47
9 46 3FE3061502057D26
7 47 6
7 48 [3]
$4080A175BA0D4D7F,407A47ADFDC1DAA7,0
7 52 [3]
$BFE4AD80C2967837,BFE86C03D083EF,0
7 53 [4]
$1,3*0
3 54 
3 57 ->
4 58 heli_out
4 59 1
4 60 -1
4 61 NULL
2 30 ->
3 31 1
3 32 15
3 33 [1]
4 33 
5 34 [1]
6 34 
7 35 18
7 36 Plunge 
7 38 
3 39 ->
4 40 0
4 41 ->
5 42 42
5 43 0
5 44 [5]
6 44 ->
7 45 9
7 46 3FE3D19BA0FF13C4
6 44 ->
7 45 10
7 46 3FE21B085441F78B
6 44 ->
7 45 53
7 46 3FE853E95DF0FB87
6 44 ->
7 45 54
7 46 3FE5E3008DDF3809
6 44 ->
7 45 55
7 46 3FE275C26FB8919E
5 47 1
5 48 [3]
$40829BC195C74496,407D24A37B14F3CD,0
4 49 [1]
5 49 ->
6 50 ->
7 42 37
7 43 24
7 51 [1]
8 51 3
7 44 [2]
8 44 ->
9 45 46
9 46 3FE8D37DE9D04E29
8 44 ->
9 45 47
9 46 3FE5086B7FBA5345
7 47 1
7 48 [3]
$4081F18E0CF68859,407BF9BF9D8D69D,0
7 52 [3]
$3FEFDC35486C2FD5,BFB7E784A10879E6,0
7 53 [4]
$1,3*0
3 54 
3 57 ->
4 58 plunge
4 59 1
4 60 -1
4 61 NULL
2 30 ->
3 31 1
3 32 15
3 33 [1]
4 33 
5 34 [1]
6 34 
7 35 18
7 36 Automatic Cut
7 38 
3 39 ->
4 40 0
4 41 ->
5 42 42
5 43 0
5 44 [5]
6 44 ->
7 45 9
7 46 3FE3D6EBE9338C9F
6 44 ->
7 45 10
7 46 3FE016A110EE2952
6 44 ->
7 45 53
7 46 3FE09F049CFDBD81
6 44 ->
7 45 54
7 46 3FE62DD29D60FE0D
6 44 ->
7 45 55
7 46 3FE1A1AD50383E58
5 47 1
5 48 [3]
$40829FE84E30461B,407A7BD557D1FECF,0
4 49 [1]
5 49 ->
6 50 ->
7 42 37
7 43 19
7 51 [1]
8 51 44
7 44 [2]
8 44 ->
9 45 46
9 46 3FE54AFDDC92715E
8 44 ->
9 45 47
9 46 3FE06FFD75DBD631
7 47 1
7 48 [3]
$40820A765F6C7ED9,4079935D00DA5419,0
7 52 [3]
$3F90AFAA0DDDF686,3FEFFEE98D78E091,0
7 53 [4]
$1,3*0
3 54 
3 57 ->
4 58 Auto_cut
4 59 1
4 60 -1
4 61 NULL
2 30 ->
3 31 1
3 32 15
3 33 [1]
4 33 
5 34 [1]
6 34 
7 35 18
7 36 Sketched Motion
7 38 
3 39 ->
4 40 0
4 41 ->
5 42 42
5 43 0
5 44 [5]
6 44 ->
7 45 9
7 46 3FE2189437FBE4E9
6 44 ->
7 45 10
7 46 3FDAE9924CB070A5
6 44 ->
7 45 53
7 46 3FC9BCB577F25613
6 44 ->
7 45 54
7 46 3FE3B4A7AC120334
6 44 ->
7 45 55
7 46 3FDFA14E56AB2452
5 47 1
5 48 [3]
$40814333CBBCCB16,40770377300D519E,0
4 49 [1]
5 49 ->
6 50 ->
7 42 37
7 43 19
7 51 [1]
8 51 44
7 44 [2]
8 44 ->
9 45 46
9 46 3FE49C47380A2152
8 44 ->
9 45 47
9 46 3FCDBF81FC4FB6D9
7 47 1
7 48 [3]
$4080B1E89562023A,40772CFA64273E6D,0
7 52 [3]
$3F90AFAA0DDDF686,3FEFFEE98D78E091,0
7 53 [4]
$1,3*0
3 54 
3 57 ->
4 58 Sketch
4 59 1
4 60 -1
4 61 NULL
2 30 ->
3 31 2
3 32 7
3 33 [1]
4 33 
5 34 [1]
6 34 
7 35 18
7 36 Got
7 38 
3 39 NULL
3 54 
3 57 ->
4 58 GoDelta
4 59 1
4 60 -1
4 61 NULL
2 30 ->
3 31 1
3 32 15
3 33 [1]
4 33 
5 34 [1]
6 34 
7 35 18
7 36 Go Delta move
7 38 
3 39 ->
4 40 0
4 41 ->
5 42 42
5 43 0
5 44 [5]
6 44 ->
7 45 9
7 46 3FD847268A50CFD2
6 44 ->
7 45 10
7 46 3FDF5723CDBFD16E
6 44 ->
7 45 53
7 46 3FDCE8D7D636A1CD
6 44 ->
7 45 54
7 46 3FD3A2779FAD1C6
6 44 ->
7 45 55
7 46 3FDC84C89C24C7B9
5 47 1
5 48 [3]
$407937961C0F1CA4,4079EEB0D9E02D46,0
4 49 [1]
5 49 ->
6 50 ->
7 42 37
7 43 22
7 51 [1]
8 51 3
7 44 [2]
8 44 ->
9 45 46
9 46 3FBCB1FB655A2C
8 44 ->
9 45 47
9 46 3FE06DFBCC22D60F
7 47 1
7 48 [3]
$407BE8B1B0241B8E,407A8C703975F524,0
7 52 [3]
$BFE4AD80C2967837,BFE86C03D083EF,0
7 53 [4]
$1,3*0
3 54 
3 57 ->
4 58 godelta1
4 59 1
4 60 -1
4 61 NULL
2 30 ->
3 31 1
3 32 15
3 33 [1]
4 33 
5 34 [1]
6 34 
7 35 18
7 36 Go Delta move
7 38 
3 39 ->
4 40 0
4 41 ->
5 42 42
5 43 0
5 44 [5]
6 44 ->
7 45 9
7 46 3FDE2C36A486E243
6 44 ->
7 45 10
7 46 3FE5B8C7B0DB5362
6 44 ->
7 45 53
7 46 3FF2E5FC0B210F0A
6 44 ->
7 45 54
7 46 3FDB95F2DA82F218
6 44 ->
7 45 55
7 46 3FE1FEADBED692FE
5 47 1
5 48 [3]
$407DD28AB089614R,4080F48DA1D494D8,0
4 49 [1]
5 49 ->
6 50 ->
7 42 37
7 43 2
7 51 [1]
8 51 58
7 44 [2]
8 44 ->
9 45 46
9 46 3FEED0916FE66365
8 44 ->
9 45 47
9 46 3F9EBA9CD8C3CC
7 47 1
7 48 [3]
$407F8A930C02B8FD,40804633609AD5B1,0
7 52 [3]
$3F90AFAA0DDDF686,3FEFFEE98D78E091,0
7 53 [4]
$1,3*0
3 54 
3 57 ->
4 58 godelta2
4 59 1
4 60 -1
4 61 NULL
2 30 ->
3 31 1
3 32 15
3 33 [1]
4 33 
5 34 [1]
6 34 
7 35 18
7 36 Go Home move
7 38 
3 39 ->
4 40 0
4 41 ->
5 42 42
5 43 0
5 44 [5]
6 44 ->
7 45 9
7 46 3FE416AF4BA936DR
6 44 ->
7 45 10
7 46 3FE3B4606D878529
6 44 ->
7 45 53
7 46 3FEE75332E146986
6 44 ->
7 45 54
7 46 3FE61DDA99598956
6 44 ->
7 45 55
7 46 3FE33C51042F50C2
5 47 1
5 48 [3]
$4082D1B8F31C331D,407F404D20662D56,0
4 49 [1]
5 49 ->
6 50 ->
7 42 37
7 43 19
7 51 [1]
8 51 44
7 44 [2]
8 44 ->
9 45 46
9 46 3FE1967388257A1F
8 44 ->
9 45 47
9 46 3FEF346669D5C567
7 47 1
7 48 [3]
$408216EA88A77A2R,407DEBE60EC4ABC6,0
7 52 [3]
$3F90AFAA0DDDF686,3FEFFEE98D78E091,0
7 53 [4]
$1,3*0
3 54 
3 57 ->
4 58 gohome
4 59 1
4 60 -1
4 61 NULL
#FamilyInf
@Sld_FamilyInfo 1 0
0 1 ->
@drv_tbl_ptr 2 0
1 2 NULL
#VisibGeom
@Sld_VisGeom 1 0
0 1 ->
@active_geom 2 0
1 2 
#NovisGeom
@Sld_NonVisGeom 1 0
0 1 ->
@inactive_geom 2 0
1 2 
@srf_array 3 0
2 3 [8]
3 3 ->
@geom_type 4 1
4 4 34
@geom_id 5 1
4 5 36
@feat_id 6 1
4 6 35
@boundary_type 7 1
4 7 -1
@envlp 8 2
4 8 [2][2]
$BF5A264E24DB1A62,BF53A92A30553262
$4009126AC10B1F42,3FF59E83E425AEE6
@srf_prim_ptr(plane) 9 0
4 9 ->
@local_sys 10 2
5 10 [4][3]
$0,3FF,0
$BF5A37ADB7C5170A,0,3FEFFFFD50A47DBR
$3FEFFFFD50A47DBR,0,3F5A37ADB7C5170A
$0,3FEE147CE4CC4FC8,BFF902D9F4D91B3R
@frst_cntr_ptr 11 0
4 11 NULL
@next_geom_ptr 12 1
4 12 0
@orient 13 1
4 13 1
@outline 14 2
4 14 [2][3]
$BF53A92A30553262,3FEDEB67B7CC8C5C,BFF9096387D5E5B
$3FF59E83E425AEE6,3FEE14823FF42229,3FF921F75826F6AF
3 3 ->
4 4 34
4 5 43
4 6 42
4 7 -1
4 8 [2][2]
$BF5A264E24DB1A62,BFC5F8C6B177F05D
$401688C025DA88C5,3FFB4ABBBEE92C8F
4 9 ->
5 10 [4][3]
$0,3FF,0
$3F5A37ADB7C5170A,0,BFEFFFFD50A47DBR
$BFEFFFFD50A47DBR,0,BF5A37ADB7C5170A
$0,BFEE147CE4CC4FC8,3FF90F23AF375071
4 11 NULL
4 12 0
4 13 1
4 14 [2][3]
$BFC5F8C6B177F05D,BFEE14823FF42229,C01044F5560466DF
$3FFB4ABBBEE92C9,BFEDCAA39ED566C7,3FF915AD42341AER
3 3 ->
4 4 34
4 5 50
4 6 49
4 7 -1
4 8 [2][2]
$BF53A92A30553262,BFF000BCC1E73FDE
$3FFE04EA4A8C154E,40070E633301ACC9
4 9 ->
5 10 [4][3]
$3FF,2*0
$0,3FEFFFFFA21C826D,3F43611522585ED
$0,BF43611522585ED,3FEFFFFFA21C826D
$BFC5D1745D1745F8,BFEDF9D1E3A4EE01,401C4219C88BB593
4 11 NULL
4 12 0
4 13 1
4 14 [2][3]
$BFC5F8C6B177F05D,BFFEFDA584C5CE4R,401C405AF8D4101E
$3FFB4ABBBEE92C8F,3FFF1FDCECE570E6,401C42B4D859C4F2
3 3 ->
4 4 34
4 5 56
4 6 55
4 7 -1
4 8 [2][2]
$C004025A546E8DAB,BFC5F8C6B177F05D
$401688C025DA88C3,3FFB4ABBBEE92C8F
4 9 ->
5 10 [4][3]
$0,3FF,0
$BF5A37ADB7C5170A,0,3FEFFFFD50A47DBR
$3FEFFFFD50A47DBR,0,3F5A37ADB7C5170A
$0,4018C28DD9857C7C,BFF8E070E0D7E885
4 11 NULL
4 12 0
4 13 1
4 14 [2][3]
$BFC5F8C6B177F05D,4018B952B0C69F5C,C01039488B876342
$3FFB4ABBBEE92C9,4018C6A708095B7B,401050A2099C40D6
3 3 ->
4 4 34
4 5 72
4 6 71
4 7 -1
4 8 [2][2]
$BFD5E51D87479B02,C017956F7BAB69C
$400C484699A321ED,401C7CC48A985601
4 9 ->
5 10 [4][3]
$BFF,2*0
$0,3FEFFFFFA21C826D,BF43611522585ED
$0,BF43611522585ED,BFEFFFFFA21C826D
$3FF5D1745D1745CE,BFEE0AC6D622FB54,400C8433E33E7906
4 11 NULL
4 12 0
4 13 1
4 14 [2][3]
$C0015F8C6B177F05,C01B56C8113DD49,400C7B93A26337A2
$3FFB4ABBBEE92C8E,4018BB6B5C3ED686,400C8B58069DD7E1
3 3 ->
4 4 34
4 5 78
4 6 77
4 7 -1
4 8 [2][2]
$C0160CC1A2C04FD4,C0015F8C6B177F06
$401E12DE737230C7,3FFB4ABBBEE92C8F
4 9 ->
5 10 [4][3]
$0,3FF,0
$3F5A37ADB7C5170A,0,BFEFFFFD50A47DBR
$BFEFFFFD50A47DBR,0,BF5A37ADB7C5170A
$0,BFF10A3E47706FC,3FF90E51F1C99249
4 11 NULL
4 12 0
4 13 1
4 14 [2][3]
$C0015F8C6B177F06,BFF12E5FBD59B6EA,C017CF477104B461
$3FFB4ABBBEE92C9,BFF0D8F6F692B9D4,401C50544591C93E
3 3 ->
4 4 34
4 5 85
4 6 84
4 7 -1
4 8 [2][2]
$BFDF343E1C39A45E,C014F5C221914F94
$400C484699A321ED,401F1C71E4B2702D
4 9 ->
5 10 [4][3]
$BFF,2*0
$0,BFEFFFFFA21C826D,3F4361152258612F
$0,3F4361152258612F,3FEFFFFFA21C826D
$3FF5D1745D1745CE,3FEE0AC6D622FB52,C00C7E0F060F5E68
4 11 NULL
4 12 0
4 13 1
4 14 [2][3]
$C0015F8C6B177F05,C01B5B18AEA639E3,C00C8467C71773A
$3FFD9E83E425AEE6,4018B71ABED6713R,C00C74A362DCD35E
3 3 ->
4 4 34
4 5 91
4 6 90
4 7 -1
4 8 [2][2]
$C0160CC1A2C04FD4,C0015F8C6B177F06
$401E12DE737230C7,3FFD9E83E425AEE6
4 9 ->
5 10 [4][3]
$0,3FF,0
$3F5A37ADB7C5170A,0,BFEFFFFD50A47DBR
$BFEFFFFD50A47DBR,0,BF5A37ADB7C5170A
$0,BFC851FBA143C5F,3FF9140E1FC9C56R
4 11 NULL
4 12 0
4 13 1
4 14 [2][3]
$C0015F8C6B177F06,BFC97307508DFF4,C017CDD86584A79A
$3FFD9E83E425AEE4,BFC6C7C11A56169,401C51C35111D606
@external_geom 15 0
1 15 
#ActEntity
@Sld_Entities 1 0
0 1 ->
#AllFeatur
@Sld_Features 1 0
0 1 ->
@first_feat_ptr 2 0
1 2 ->
@id 3 1
2 3 1
@indep_attributes 4 1
2 4 4097
@feat_type_ptr 5 0
2 5 ->
@table_id 6 1
3 6 -1
@type 7 1
3 7 1000
@feattype_key 8 10
3 8 NULL
@form 9 1
3 9 0
@attributes 10 1
3 10 [3]
$3*0
@placement 11 1
3 11 0
@intersection 12 1
3 12 -1
@internal_udf_type 13 1
3 13 -1
@param_choice_ptr 14 0
3 14 ->
@blend_choice 15 1
4 15 0
@depth_choice 16 1
4 16 0
@angle_choice 17 1
4 17 0
@pat_choice 18 1
4 18 -1
@round_choice 19 1
4 19 -1
@subsec_choice 20 1
4 20 -1
@sweep_choice 21 1
4 21 0
@dome_choice 22 1
4 22 0
@draft_choice 23 1
4 23 0
@misc_choice 24 1
4 24 [2]
$32,0
@assoc_type 25 1
3 25 0
@symbol_key 26 1
2 26 -1
@sect_name 27 10
2 27 no_name
@model_type 28 1
2 28 1
@idtab_ptr 29 0
2 29 ->
@save_geoms 30 0
3 30 NULL
@cr_flags_xar 31 1
3 31 [36]
$3*-1,-2049,2*-1,-16777217,3*-1,-536870913,-1,-1126176897,-2,-2097185,
$-2097665,-1,-1073741843,2*-1,-257,-261249,-1,-32769,-1,-4194305,2*-1,
$-536871041,-67108865,8191,2*0,1740,2*0
@cvt_feat_dat 32 0
3 32 NULL
@feat_dates_ptr 33 0
3 33 ->
@creat_date 34 1
4 34 190020
@regen_date 35 1
4 35 190039
@group_info_ptr 36 0
2 36 NULL
@intrs_pairs_ptr 37 0
2 37 ->
@place_rec_ptr 38 0
2 38 ->
@local_sys 39 2
3 39 [4][3]
$3FF,2*0
$0,3FF,0
$2*0,3FF
$3*0
@own_ref_id 40 1
3 40 0
@orient 41 1
3 41 0
@trf_arr 42 0
3 42 [1]
4 42 
@type 43 1
5 43 19
@idx 44 1
5 44 0
@transf 45 2
5 45 [4][3]
$3FF,2*0
$0,3FF,0
$2*0,3FF
$3*0
@next_prop 46 0
2 46 NULL
@first_geom_id 47 1
2 47 -1
@cond_tbl_idx 48 1
2 48 -1
@comment 49 10
2 49 NULL
@merge_info_ptr 50 0
2 50 NULL
@dat_ptr(comp_data) 51 0
2 51 ->
@type 52 1
3 52 123
@model_ptr 53 0
3 53 
@object_type 54 1
4 54 2
@name 55 10
4 55 SPACER
@simpl_rep 56 0
4 56 NULL
@placed_flag 57 1
3 57 1
@subst_asm_ref_id 58 1
3 58 -1
@instance 59 3
3 59 NULL
@stamp 60 0
3 60 
@major_vers 61 0
4 61 
@vers 62 1
5 62 0
@alias_name 63 10
5 63 
@minor_vers 64 0
4 64 
@vers 65 1
5 65 0
@dep_id 66 1
3 66 0
@interchange_info 67 0
3 67 NULL
@topology_increment 68 0
2 68 ->
@first_geom 69 1
3 69 0
@first_quilt 70 1
3 70 0
@outline 71 2
3 71 [2][3]
$3*0
$3*0
@max_part_size 72 2
3 72 0
@xform_increment 73 0
3 73 NULL
@roll_back_id 74 1
3 74 -1
@state_ind 75 1
2 75 -1
@alumni_info 76 0
2 76 NULL
@revnum 77 1
2 77 7
@rev_rec 78 0
2 78 ->
@revnums 79 0
3 79 [1]
4 79 ->
@owner_type 80 1
5 80 3
@owner_ind 81 1
5 81 -1
@ref_id 82 1
5 82 -1
@ref_revnum 83 1
5 83 -1
@num_plins 84 1
3 84 0
@expl_state_ref 85 0
2 85 NULL
@feat_outl_info 86 0
2 86 NULL
@next_feat_ptr 87 0
1 87 ->
2 3 3
2 4 4097
2 5 ->
3 6 -1
3 7 1000
3 8 NULL
3 9 0
3 10 [3]
$3*0
3 11 0
3 12 -1
3 13 -1
3 14 ->
4 15 0
4 16 0
4 17 0
4 18 -1
4 19 -1
4 20 -1
4 21 0
4 22 0
4 23 0
4 24 [2]
$64,0
3 25 0
2 26 -1
2 27 no_name
2 28 1
2 29 ->
3 30 NULL
3 31 [36]
$3*-1,-2049,2*-1,-16777217,3*-1,-536870913,-1,-1126176897,-2,-2097185,
$-2097665,-1,-1073741843,2*-1,-257,-261249,-1,-32769,-1,-4194305,2*-1,
$-536871041,-67108865,8191,2*0,1740,2*0
3 32 NULL
3 33 ->
4 34 190020
4 35 190039
2 36 NULL
2 37 ->
2 38 ->
3 39 [4][3]
$3FF,2*0
$0,3FF,0
$2*0,3FF
$3*0
@place_instruction_ptrs 88 0
3 88 [2]
4 88 ->
@type 89 1
5 89 52
@offset 90 2
5 90 0
@dim_id 91 1
5 91 -1
@ref_id 92 1
5 92 0
@geometry1_id 93 1
5 93 -1
@geometry2_id 94 1
5 94 -1
@memb_num1 95 1
5 95 0
@memb_num2 96 1
5 96 0
@attr 97 1
5 97 0
@plin_info_arr 98 0
5 98 [1]
6 98 ->
@type 99 1
7 99 6
@data(plin_info_ui_step) 100 0
7 100 ->
@step_ids 101 1
8 101 [1]
9 101 -100
4 88 ->
5 89 5
5 90 0
5 91 0
5 92 1
5 93 7
5 94 7
5 95 1
5 96 1
@memb_id_tab1 102 1
5 102 [1]
6 102 3
@memb_id_tab2 103 1
5 103 [1]
6 103 3
5 97 512
5 98 [1]
6 98 ->
7 99 6
7 100 ->
8 101 [1]
9 101 -100
3 40 0
3 41 0
3 42 [1]
4 42 
5 43 19
5 44 0
5 45 [4][3]
$3FF,2*0
$0,3FF,0
$2*0,3FF
$3*0
2 46 NULL
2 47 -1
2 48 -1
2 49 NULL
2 50 NULL
2 51 ->
3 52 123
3 53 
4 54 2
4 55 STOCK
4 56 NULL
3 57 1
3 58 -1
3 59 NULL
3 60 
4 61 
5 62 0
5 63 
4 64 
5 65 0
3 66 1
3 67 NULL
2 68 ->
3 69 0
3 70 0
3 71 [2][3]
$0,BFFF,BFF8
$3FF4,3FFF,3FF8
3 72 0
3 73 NULL
3 74 -1
2 75 -1
2 76 NULL
2 77 7
2 78 ->
3 79 [3]
4 79 ->
5 80 3
5 81 -1
5 82 -1
5 83 -1
4 79 ->
5 80 1
5 81 -1
5 82 1
5 83 0
@memb_tab_revnums 104 1
5 104 [1]
6 104 7
4 79 ->
5 80 2
5 81 -1
5 82 1
5 83 0
5 104 [1]
6 104 7
3 84 2
2 85 NULL
2 86 NULL
1 87 ->
2 3 35
2 4 4097
2 5 ->
3 6 -1
3 7 923
3 8 NULL
3 9 0
3 10 [3]
$259,2*0
3 11 0
3 12 -1
3 13 -1
3 14 ->
4 15 0
4 16 0
4 17 0
4 18 970
4 19 -1
4 20 -1
4 21 0
4 22 0
4 23 0
4 24 [2]
$2*0
3 25 0
2 26 -1
2 27 no_name
2 28 1
2 29 ->
@srf_id_arr 105 1
3 105 [1][4]
$36,3*0
3 30 NULL
3 31 [36]
$3*-1,-2049,2*-1,-16777217,3*-1,-536870913,-1,-1126176897,-2,-2097185,
$-2097665,-1,-1073741843,2*-1,-257,-261249,-1,-32769,-1,-4194305,2*-1,
$-536871041,-67108865,8191,2*0,1740,2*0
3 32 NULL
3 33 ->
4 34 190020
4 35 190039
2 36 NULL
2 37 ->
2 38 ->
3 39 [4][3]
$0,3FF,0
$BF5A37ADB7C5170A,0,3FEFFFFD50A47DBR
$3FEFFFFD50A47DBR,0,3F5A37ADB7C5170A
$0,3FEE147CE4CC4FC8,BFF902D9F4D91B3R
3 88 [1]
4 88 ->
5 89 503
5 90 BFE8
5 91 3
5 92 0
5 93 24
5 94 36
5 95 1
5 96 0
5 102 [1]
6 102 3
5 97 33280
5 98 [2]
6 98 ->
7 99 1
@data(plin_info_ref) 106 0
7 106 ->
@id_type1 107 1
8 107 -4
@id_type2 108 1
8 108 5
@offset2 109 2
8 109 0
6 98 ->
7 99 6
7 100 ->
8 101 [1]
9 101 -100
3 40 0
3 41 1
3 42 [1]
4 42 
5 43 11
5 44 0
5 45 [4][3]
$0,3FF,0
$BF5A37ADB7C5170A,0,3FEFFFFD50A47DBR
$3FEFFFFD50A47DBR,0,3F5A37ADB7C5170A
$0,3FEE147CE4CC4FC8,BFF902D9F4D91B3R
2 46 NULL
2 47 36
2 48 -1
2 49 NULL
2 50 NULL
@parent_table 110 1
2 110 [1]
3 110 3
2 68 ->
3 69 0
3 70 0
3 71 [2][3]
$0,BFFF,BFF8FDEF8446A63F
$3FF59R,3FFF,3FF90A393EA4DB7D
3 72 0
3 73 NULL
3 74 -1
2 75 -1
2 76 NULL
2 77 1
2 78 ->
3 79 [2]
4 79 ->
5 80 3
5 81 -1
5 82 -1
5 83 -1
4 79 ->
5 80 1
5 81 -1
5 82 0
5 83 9
5 104 [1]
6 104 7
3 84 1
2 85 NULL
2 86 NULL
1 87 ->
2 3 30
2 4 4097
2 5 ->
3 6 -1
3 7 1000
3 8 NULL
3 9 0
3 10 [3]
$3*0
3 11 0
3 12 -1
3 13 -1
3 14 ->
4 15 0
4 16 0
4 17 0
4 18 -1
4 19 -1
4 20 -1
4 21 0
4 22 0
4 23 0
4 24 [2]
$128,0
3 25 0
2 26 -1
2 27 no_name
2 28 1
2 29 ->
@dtm_id_tab 111 0
3 111 [3]
4 111 
@dtm_id 112 1
5 112 -1
@dim_id 113 1
5 113 -1
4 111 
5 112 -1
5 113 -1
4 111 
5 112 36
5 113 3
3 30 NULL
3 31 [36]
$3*-1,-2049,2*-1,-16777217,3*-1,-536870913,-1,-1126176897,-2,-2097185,
$-2097665,-1,-1073741843,2*-1,-257,-261249,-1,-32769,-1,-4194305,2*-1,
$-536871041,-67108865,8191,2*0,1740,2*0
3 32 NULL
3 33 ->
4 34 190020
4 35 190039
2 36 NULL
2 37 ->
2 38 ->
3 39 [4][3]
$3FF,2*0
$0,3F4361152258612F,BFEFFFFFA21C826D
$0,3FEFFFFFA21C826D,3F4361152258612F
$BFC5D1745D1745F8,3FEE16E38358728F,BFF0FC1E817B19C7
3 88 [3]
4 88 ->
5 89 5
5 90 0
5 91 9
5 92 0
5 93 10
5 94 4138
5 95 1
5 96 1
5 102 [1]
6 102 3
5 103 [1]
6 103 30
5 97 512
5 98 [2]
6 98 ->
7 99 1
7 106 ->
8 107 5
8 108 5
8 109 0
6 98 ->
7 99 6
7 100 ->
8 101 [1]
9 101 -100
4 88 ->
5 89 5
5 90 0
5 91 10
5 92 1
5 93 22
5 94 4134
5 95 1
5 96 1
5 102 [1]
6 102 3
5 103 [1]
6 103 30
5 97 512
5 98 [2]
6 98 ->
7 99 1
7 106 ->
8 107 5
8 108 5
8 109 0
6 98 ->
7 99 6
7 100 ->
8 101 [1]
9 101 -100
4 88 ->
5 89 26
5 90 0
5 91 11
5 92 2
5 93 36
5 94 2
5 95 0
5 96 1
5 103 [1]
6 103 30
5 97 0
5 98 [2]
6 98 ->
7 99 1
7 106 ->
8 107 5
8 108 5
8 109 0
6 98 ->
7 99 6
7 100 ->
8 101 [1]
9 101 -100
3 40 0
3 41 0
3 42 [1]
4 42 
5 43 19
5 44 0
5 45 [4][3]
$3FF,2*0
$0,3F4361152258612F,BFEFFFFFA21C826D
$0,3FEFFFFFA21C826D,3F4361152258612F
$BFC5D1745D1745F8,3FEE16E38358728F,BFF0FC1E817B19C7
2 46 NULL
2 47 -1
2 48 -1
2 49 NULL
2 50 NULL
2 51 ->
3 52 123
3 53 
4 54 2
4 55 SB1<STEP_BLOCK>
4 56 NULL
3 57 1
3 58 -1
3 59 NULL
3 60 
4 61 
5 62 0
5 63 
4 64 
5 65 0
3 66 3
3 67 NULL
2 110 [2]
$3,35
2 68 ->
3 69 0
3 70 0
3 71 [2][3]
$0,BFFF,BFF8FDEF8446A63F
$3FF59R,3FFF,3FF90A393EA4DB7D
3 72 0
3 73 NULL
3 74 -1
2 75 -1
2 76 NULL
2 77 11
2 78 ->
3 79 [7]
4 79 ->
5 80 3
5 81 -1
5 82 -1
5 83 -1
4 79 ->
5 80 1
5 81 -1
5 82 0
5 83 9
5 104 [1]
6 104 7
4 79 ->
5 80 2
5 81 -1
5 82 0
5 83 0
5 104 [1]
6 104 11
4 79 ->
5 80 1
5 81 -1
5 82 1
5 83 9
5 104 [1]
6 104 7
4 79 ->
5 80 2
5 81 -1
5 82 1
5 83 0
5 104 [1]
6 104 11
4 79 ->
5 80 1
5 81 -1
5 82 2
5 83 1
4 79 ->
5 80 2
5 81 -1
5 82 2
5 83 2
5 104 [1]
6 104 11
3 84 3
2 85 NULL
2 86 NULL
1 87 ->
2 3 42
2 4 4097
2 5 ->
3 6 -1
3 7 923
3 8 NULL
3 9 0
3 10 [3]
$259,2*0
3 11 0
3 12 -1
3 13 -1
3 14 ->
4 15 0
4 16 0
4 17 0
4 18 970
4 19 -1
4 20 -1
4 21 0
4 22 0
4 23 0
4 24 [2]
$2*0
3 25 0
2 26 -1
2 27 no_name
2 28 1
2 29 ->
3 105 [1][4]
$43,3*0
3 30 NULL
3 31 [36]
$3*-1,-2049,2*-1,-16777217,3*-1,-536870913,-1,-1126176897,-2,-2097185,
$-2097665,-1,-1073741843,2*-1,-257,-261249,-1,-32769,-1,-4194305,2*-1,
$-536871041,-67108865,8191,2*0,1740,2*0
3 32 NULL
3 33 ->
4 34 190020
4 35 190039
2 36 NULL
2 37 ->
2 38 ->
3 39 [4][3]
$0,3FF,0
$3F5A37ADB7C5170A,0,BFEFFFFD50A47DBR
$BFEFFFFD50A47DBR,0,BF5A37ADB7C5170A
$0,BFEE147CE4CC4FC8,3FF90F23AF375071
3 88 [1]
4 88 ->
5 89 503
5 90 BFE8
5 91 4
5 92 0
5 93 20
5 94 43
5 95 1
5 96 0
5 102 [1]
6 102 3
5 97 33280
5 98 [2]
6 98 ->
7 99 1
7 106 ->
8 107 -4
8 108 5
8 109 0
6 98 ->
7 99 6
7 100 ->
8 101 [1]
9 101 -100
3 40 0
3 41 1
3 42 [1]
4 42 
5 43 11
5 44 0
5 45 [4][3]
$0,3FF,0
$3F5A37ADB7C5170A,0,BFEFFFFD50A47DBR
$BFEFFFFD50A47DBR,0,BF5A37ADB7C5170A
$0,BFEE147CE4CC4FC8,3FF90F23AF375071
2 46 NULL
2 47 43
2 48 -1
2 49 NULL
2 50 NULL
2 110 [1]
3 110 3
2 68 ->
3 69 0
3 70 0
3 71 [2][3]
$BFC5D1745D1745F8,BFFF,C0103F077D29775B
$3FFB45D1745D1742,3FFF,3FF90A393EA4DB7D
3 72 0
3 73 NULL
3 74 -1
2 75 -1
2 76 NULL
2 77 1
2 78 ->
3 79 [2]
4 79 ->
5 80 3
5 81 -1
5 82 -1
5 83 -1
4 79 ->
5 80 1
5 81 -1
5 82 0
5 83 9
5 104 [1]
6 104 7
3 84 1
2 85 NULL
2 86 NULL
1 87 ->
2 3 37
2 4 4097
2 5 ->
3 6 -1
3 7 1000
3 8 NULL
3 9 0
3 10 [3]
$3*0
3 11 0
3 12 -1
3 13 -1
3 14 ->
4 15 0
4 16 0
4 17 0
4 18 -1
4 19 -1
4 20 -1
4 21 0
4 22 0
4 23 0
4 24 [2]
$128,0
3 25 0
2 26 -1
2 27 no_name
2 28 1
2 29 ->
3 111 [3]
4 111 
5 112 -1
5 113 -1
4 111 
5 112 -1
5 113 -1
4 111 
5 112 43
5 113 4
3 30 NULL
3 31 [36]
$3*-1,-2049,2*-1,-16777217,3*-1,-536870913,-1,-1126176897,-2,-2097185,
$-2097665,-1,-1073741843,2*-1,-257,-261249,-1,-32769,-1,-4194305,2*-1,
$-536871041,-67108865,8191,2*0,1740,2*0
3 32 NULL
3 33 ->
4 34 190020
4 35 190039
2 36 NULL
2 37 ->
2 38 ->
3 39 [4][3]
$3FF,2*0
$0,BF43611522585ED,3FEFFFFFA21C826D
$0,BFEFFFFFA21C826D,BF43611522585ED
$BFC5D1745D1745F8,BFEE16E38358728F,3FF108683BD94F05
3 88 [3]
4 88 ->
5 89 5
5 90 0
5 91 12
5 92 0
5 93 10
5 94 4138
5 95 1
5 96 1
5 102 [1]
6 102 3
5 103 [1]
6 103 37
5 97 512
5 98 [2]
6 98 ->
7 99 1
7 106 ->
8 107 5
8 108 5
8 109 0
6 98 ->
7 99 6
7 100 ->
8 101 [1]
9 101 -100
4 88 ->
5 89 5
5 90 0
5 91 13
5 92 1
5 93 26
5 94 4134
5 95 1
5 96 1
5 102 [1]
6 102 3
5 103 [1]
6 103 37
5 97 512
5 98 [2]
6 98 ->
7 99 1
7 106 ->
8 107 5
8 108 5
8 109 0
6 98 ->
7 99 6
7 100 ->
8 101 [1]
9 101 -100
4 88 ->
5 89 26
5 90 0
5 91 14
5 92 2
5 93 43
5 94 2
5 95 0
5 96 1
5 103 [1]
6 103 37
5 97 0
5 98 [2]
6 98 ->
7 99 1
7 106 ->
8 107 5
8 108 5
8 109 0
6 98 ->
7 99 6
7 100 ->
8 101 [1]
9 101 -100
3 40 0
3 41 0
3 42 [1]
4 42 
5 43 19
5 44 0
5 45 [4][3]
$3FF,2*0
$0,BF43611522585ED,3FEFFFFFA21C826D
$0,BFEFFFFFA21C826D,BF43611522585ED
$BFC5D1745D1745F8,BFEE16E38358728F,3FF108683BD94F05
2 46 NULL
2 47 -1
2 48 -1
2 49 NULL
2 50 NULL
2 51 ->
3 52 123
3 53 
4 54 2
4 55 SB1<STEP_BLOCK>
4 56 NULL
3 57 1
3 58 -1
3 59 NULL
3 60 
4 61 
5 62 0
5 63 
4 64 
5 65 0
3 66 2
3 67 NULL
2 110 [2]
$3,42
2 68 ->
3 69 0
3 70 0
3 71 [2][3]
$BFC5D1745D1745F8,BFFF,C0103F077D29775B
$3FFB45D1745D1742,3FFF,3FF90A393EA4DB7D
3 72 0
3 73 NULL
3 74 -1
2 75 -1
2 76 NULL
2 77 9
2 78 ->
3 79 [7]
4 79 ->
5 80 3
5 81 -1
5 82 -1
5 83 -1
4 79 ->
5 80 1
5 81 -1
5 82 0
5 83 9
5 104 [1]
6 104 7
4 79 ->
5 80 2
5 81 -1
5 82 0
5 83 0
5 104 [1]
6 104 9
4 79 ->
5 80 1
5 81 -1
5 82 1
5 83 9
5 104 [1]
6 104 7
4 79 ->
5 80 2
5 81 -1
5 82 1
5 83 0
5 104 [1]
6 104 9
4 79 ->
5 80 1
5 81 -1
5 82 2
5 83 1
4 79 ->
5 80 2
5 81 -1
5 82 2
5 83 2
5 104 [1]
6 104 9
3 84 3
2 85 NULL
2 86 NULL
1 87 ->
2 3 49
2 4 4097
2 5 ->
3 6 -1
3 7 923
3 8 NULL
3 9 0
3 10 [3]
$259,2*0
3 11 0
3 12 -1
3 13 -1
3 14 ->
4 15 0
4 16 0
4 17 0
4 18 970
4 19 -1
4 20 -1
4 21 0
4 22 0
4 23 0
4 24 [2]
$2*0
3 25 0
2 26 -1
2 27 no_name
2 28 1
2 29 ->
3 105 [1][4]
$50,3*0
3 30 NULL
3 31 [36]
$3*-1,-2049,2*-1,-16777217,3*-1,-536870913,-1,-1126176897,-2,-2097185,
$-2097665,-1,-1073741843,2*-1,-257,-261249,-1,-32769,-1,-4194305,2*-1,
$-536871041,-67108865,8191,2*0,1740,2*0
3 32 NULL
3 33 ->
4 34 190020
4 35 190039
2 36 NULL
2 37 ->
2 38 ->
3 39 [4][3]
$3FF,2*0
$0,3FEFFFFFA21C826D,3F43611522585ED
$0,BF43611522585ED,3FEFFFFFA21C826D
$BFC5D1745D1745F8,BFEDF9D1E3A4EE01,401C4219C88BB593
3 88 [1]
4 88 ->
5 89 503
5 90 4008
5 91 5
5 92 0
5 93 12
5 94 50
5 95 1
5 96 0
5 102 [1]
6 102 37
5 97 33280
5 98 [2]
6 98 ->
7 99 1
7 106 ->
8 107 -4
8 108 5
8 109 0
6 98 ->
7 99 6
7 100 ->
8 101 [1]
9 101 -100
3 40 0
3 41 1
3 42 [1]
4 42 
5 43 11
5 44 0
5 45 [4][3]
$3FF,2*0
$0,3FEFFFFFA21C826D,3F43611522585ED
$0,BF43611522585ED,3FEFFFFFA21C826D
$BFC5D1745D1745F8,BFEDF9D1E3A4EE01,401C4219C88BB593
2 46 NULL
2 47 50
2 48 -1
2 49 NULL
2 50 NULL
2 110 [1]
3 110 37
2 68 ->
3 69 0
3 70 0
3 71 [2][3]
$BFC5D1745D1745F8,BFFF,C0103F077D29775B
$3FFB45D1745D1742,3FFF,40104219EBC104AR
3 72 0
3 73 NULL
3 74 -1
2 75 -1
2 76 NULL
2 77 4
2 78 ->
3 79 [2]
4 79 ->
5 80 3
5 81 -1
5 82 -1
5 83 -1
4 79 ->
5 80 1
5 81 -1
5 82 0
5 83 2
5 104 [1]
6 104 9
3 84 1
2 85 NULL
2 86 NULL
1 87 ->
2 3 55
2 4 4097
2 5 ->
3 6 -1
3 7 923
3 8 NULL
3 9 0
3 10 [3]
$259,2*0
3 11 0
3 12 -1
3 13 -1
3 14 ->
4 15 0
4 16 0
4 17 0
4 18 970
4 19 -1
4 20 -1
4 21 0
4 22 0
4 23 0
4 24 [2]
$2*0
3 25 0
2 26 -1
2 27 no_name
2 28 1
2 29 ->
3 105 [1][4]
$56,3*0
3 30 NULL
3 31 [36]
$3*-1,-2049,2*-1,-16777217,3*-1,-536870913,-1,-1126176897,-2,-2097185,
$-2097665,-1,-1073741843,2*-1,-257,-261249,-1,-32769,-1,-4194305,2*-1,
$-536871041,-67108865,8191,2*0,1740,2*0
3 32 NULL
3 33 ->
4 34 190020
4 35 190039
2 36 NULL
2 37 ->
2 38 ->
3 39 [4][3]
$0,3FF,0
$BF5A37ADB7C5170A,0,3FEFFFFD50A47DBR
$3FEFFFFD50A47DBR,0,3F5A37ADB7C5170A
$0,4018C28DD9857C7C,BFF8E070E0D7E885
3 88 [1]
4 88 ->
5 89 503
5 90 4012
5 91 6
5 92 0
5 93 24
5 94 56
5 95 1
5 96 0
5 102 [1]
6 102 3
5 97 33280
5 98 [2]
6 98 ->
7 99 1
7 106 ->
8 107 -4
8 108 5
8 109 0
6 98 ->
7 99 6
7 100 ->
8 101 [1]
9 101 -100
3 40 0
3 41 1
3 42 [1]
4 42 
5 43 11
5 44 0
5 45 [4][3]
$0,3FF,0
$BF5A37ADB7C5170A,0,3FEFFFFD50A47DBR
$3FEFFFFD50A47DBR,0,3F5A37ADB7C5170A
$0,4018C28DD9857C7C,BFF8E070E0D7E885
2 46 NULL
2 47 56
2 48 -1
2 49 NULL
2 50 NULL
2 110 [1]
3 110 3
2 68 ->
3 69 0
3 70 0
3 71 [2][3]
$BFC5D1745D1745F8,BFFF,C0103F077D29775B
$3FFB45D1745D1742,3FFF,40104219EBC104AR
3 72 0
3 73 NULL
3 74 -1
2 75 -1
2 76 NULL
2 77 1
2 78 ->
3 79 [2]
4 79 ->
5 80 3
5 81 -1
5 82 -1
5 83 -1
4 79 ->
5 80 1
5 81 -1
5 82 0
5 83 9
5 104 [1]
6 104 7
3 84 1
2 85 NULL
2 86 NULL
1 87 ->
2 3 44
2 4 4097
2 5 ->
3 6 -1
3 7 1000
3 8 NULL
3 9 0
3 10 [3]
$3*0
3 11 0
3 12 -1
3 13 -1
3 14 ->
4 15 0
4 16 0
4 17 0
4 18 -1
4 19 -1
4 20 -1
4 21 0
4 22 0
4 23 0
4 24 [2]
$128,0
3 25 0
2 26 -1
2 27 no_name
2 28 1
2 29 ->
3 111 [6]
4 111 
5 112 -1
5 113 -1
4 111 
5 112 -1
5 113 -1
4 111 
5 112 50
5 113 5
4 111 
5 112 -1
5 113 -1
4 111 
5 112 -1
5 113 -1
4 111 
5 112 56
5 113 6
3 30 NULL
3 31 [36]
$3*-1,-2049,2*-1,-16777217,3*-1,-536870913,-1,-1126176897,-2,-2097185,
$-2097665,-1,-1073741843,2*-1,-257,-261249,-1,-32769,-1,-4194305,2*-1,
$-536871041,-67108865,8191,2*0,1740,2*0
3 32 NULL
3 33 ->
4 34 190020
4 35 190039
2 36 NULL
2 37 ->
2 38 ->
3 39 [4][3]
$0,3FF,0
$BFEFFFFFA21C826D,0,3F43611522585ED
$3F43611522585ED,0,3FEFFFFFA21C826D
$C0015D1745D1746,BFD4F7F747AB74D,3FE20DD86BAC97B8
3 88 [3]
4 88 ->
5 89 5
5 90 0
5 91 15
5 92 0
5 93 10
5 94 19
5 95 1
5 96 1
5 102 [1]
6 102 37
5 103 [1]
6 103 44
5 97 512
5 98 [2]
6 98 ->
7 99 1
7 106 ->
8 107 5
8 108 5
8 109 0
6 98 ->
7 99 6
7 100 ->
8 101 [1]
9 101 -100
4 88 ->
5 89 26
5 90 0
5 91 16
5 92 1
5 93 50
5 94 42
5 95 0
5 96 1
5 103 [1]
6 103 44
5 97 0
5 98 [2]
6 98 ->
7 99 1
7 106 ->
8 107 5
8 108 5
8 109 0
6 98 ->
7 99 6
7 100 ->
8 101 [1]
9 101 -100
4 88 ->
5 89 26
5 90 0
5 91 17
5 92 2
5 93 56
5 94 38
5 95 0
5 96 1
5 103 [1]
6 103 44
5 97 0
5 98 [2]
6 98 ->
7 99 1
7 106 ->
8 107 5
8 108 5
8 109 0
6 98 ->
7 99 6
7 100 ->
8 101 [1]
9 101 -100
3 40 0
3 41 0
3 42 [1]
4 42 
5 43 19
5 44 0
5 45 [4][3]
$0,3FF,0
$BFEFFFFFA21C826D,0,3F43611522585ED
$3F43611522585ED,0,3FEFFFFFA21C826D
$C0015D1745D1746,BFD4F7F747AB74D,3FE20DD86BAC97B8
2 46 NULL
2 47 -1
2 48 -1
2 49 NULL
2 50 NULL
2 51 ->
3 52 123
3 53 
4 54 2
4 55 BASE
4 56 NULL
3 57 1
3 58 -1
3 59 NULL
3 60 
4 61 
5 62 0
5 63 
4 64 
5 65 0
3 66 5
3 67 NULL
2 110 [3]
$37,49,55
2 68 ->
3 69 0
3 70 0
3 71 [2][3]
$BFC5D1745D1745F8,BFFF,C0103F077D29775B
$3FFB45D1745D1742,3FFF,40104219EBC104AR
3 72 0
3 73 NULL
3 74 -1
2 75 -1
2 76 NULL
2 77 12
2 78 ->
3 79 [7]
4 79 ->
5 80 3
5 81 -1
5 82 -1
5 83 -1
4 79 ->
5 80 1
5 81 -1
5 82 0
5 83 2
5 104 [1]
6 104 9
4 79 ->
5 80 2
5 81 -1
5 82 0
5 83 1
5 104 [1]
6 104 12
4 79 ->
5 80 1
5 81 -1
5 82 1
5 83 4
4 79 ->
5 80 2
5 81 -1
5 82 1
5 83 1
5 104 [1]
6 104 12
4 79 ->
5 80 1
5 81 -1
5 82 2
5 83 1
4 79 ->
5 80 2
5 81 -1
5 82 2
5 83 1
5 104 [1]
6 104 12
3 84 3
2 85 NULL
2 86 NULL
1 87 ->
2 3 71
2 4 4097
2 5 ->
3 6 -1
3 7 923
3 8 NULL
3 9 0
3 10 [3]
$259,2*0
3 11 0
3 12 -1
3 13 -1
3 14 ->
4 15 0
4 16 0
4 17 0
4 18 970
4 19 -1
4 20 -1
4 21 0
4 22 0
4 23 0
4 24 [2]
$2*0
3 25 0
2 26 -1
2 27 no_name
2 28 1
2 29 ->
3 105 [1][4]
$72,3*0
3 30 NULL
3 31 [36]
$3*-1,-2049,2*-1,-16777217,3*-1,-536870913,-1,-1126176897,-2,-2097185,
$-2097665,-1,-1073741843,2*-1,-257,-261249,-1,-32769,-1,-4194305,2*-1,
$-536871041,-67108865,8191,2*0,1740,2*0
3 32 NULL
3 33 ->
4 34 190020
4 35 190039
2 36 NULL
2 37 ->
2 38 ->
3 39 [4][3]
$BFF,2*0
$0,3FEFFFFFA21C826D,BF43611522585ED
$0,BF43611522585ED,BFEFFFFFA21C826D
$3FF5D1745D1745CE,BFEE0AC6D622FB54,400C8433E33E7906
3 88 [1]
4 88 ->
5 89 503
5 90 0
5 91 9
5 92 0
5 93 1817
5 94 72
5 95 1
5 96 0
5 102 [1]
6 102 37
5 97 33280
5 98 [2]
6 98 ->
7 99 1
7 106 ->
8 107 -4
8 108 5
8 109 0
6 98 ->
7 99 6
7 100 ->
8 101 [1]
9 101 -100
3 40 0
3 41 1
3 42 [1]
4 42 
5 43 11
5 44 0
5 45 [4][3]
$BFF,2*0
$0,3FEFFFFFA21C826D,BF43611522585ED
$0,BF43611522585ED,BFEFFFFFA21C826D
$3FF5D1745D1745CE,BFEE0AC6D622FB54,400C8433E33E7906
2 46 NULL
2 47 72
2 48 -1
2 49 NULL
2 50 NULL
2 110 [1]
3 110 37
2 68 ->
3 69 0
3 70 0
3 71 [2][3]
$C0015D1745D1746,C01B536EE07CDB39,C017C2345E8C90F5
$3FFB45D1745D1742,4018B46FF7876C9F,401C45AA7977B6E3
3 72 0
3 73 NULL
3 74 -1
2 75 -1
2 76 NULL
2 77 1
2 78 ->
3 79 [2]
4 79 ->
5 80 3
5 81 -1
5 82 -1
5 83 -1
4 79 ->
5 80 1
5 81 -1
5 82 0
5 83 2
5 104 [1]
6 104 9
3 84 1
2 85 NULL
2 86 NULL
1 87 ->
2 3 77
2 4 4097
2 5 ->
3 6 -1
3 7 923
3 8 NULL
3 9 0
3 10 [3]
$259,2*0
3 11 0
3 12 -1
3 13 -1
3 14 ->
4 15 0
4 16 0
4 17 0
4 18 970
4 19 -1
4 20 -1
4 21 0
4 22 0
4 23 0
4 24 [2]
$2*0
3 25 0
2 26 -1
2 27 no_name
2 28 1
2 29 ->
3 105 [1][4]
$78,3*0
3 30 NULL
3 31 [36]
$3*-1,-2049,2*-1,-16777217,3*-1,-536870913,-1,-1126176897,-2,-2097185,
$-2097665,-1,-1073741843,2*-1,-257,-261249,-1,-32769,-1,-4194305,2*-1,
$-536871041,-67108865,8191,2*0,1740,2*0
3 32 NULL
3 33 ->
4 34 190020
4 35 190039
2 36 NULL
2 37 ->
2 38 ->
3 39 [4][3]
$0,3FF,0
$3F5A37ADB7C5170A,0,BFEFFFFD50A47DBR
$BFEFFFFD50A47DBR,0,BF5A37ADB7C5170A
$0,BFF10A3E47706FC,3FF90E51F1C99249
3 88 [1]
4 88 ->
5 89 503
5 90 BFE4
5 91 10
5 92 0
5 93 20
5 94 78
5 95 1
5 96 0
5 102 [1]
6 102 3
5 97 33280
5 98 [2]
6 98 ->
7 99 1
7 106 ->
8 107 -4
8 108 5
8 109 0
6 98 ->
7 99 6
7 100 ->
8 101 [1]
9 101 -100
3 40 0
3 41 1
3 42 [1]
4 42 
5 43 11
5 44 0
5 45 [4][3]
$0,3FF,0
$3F5A37ADB7C5170A,0,BFEFFFFD50A47DBR
$BFEFFFFD50A47DBR,0,BF5A37ADB7C5170A
$0,BFF10A3E47706FC,3FF90E51F1C99249
2 46 NULL
2 47 78
2 48 -1
2 49 NULL
2 50 NULL
2 110 [1]
3 110 3
2 68 ->
3 69 0
3 70 0
3 71 [2][3]
$C0015D1745D1746,C01B536EE07CDB39,C017C2345E8C90F5
$3FFB45D1745D1742,4018B46FF7876C9F,401C45AA7977B6E3
3 72 0
3 73 NULL
3 74 -1
2 75 -1
2 76 NULL
2 77 1
2 78 ->
3 79 [2]
4 79 ->
5 80 3
5 81 -1
5 82 -1
5 83 -1
4 79 ->
5 80 1
5 81 -1
5 82 0
5 83 9
5 104 [1]
6 104 7
3 84 1
2 85 NULL
2 86 NULL
1 87 ->
2 3 58
2 4 4097
2 5 ->
3 6 -1
3 7 1000
3 8 NULL
3 9 0
3 10 [3]
$3*0
3 11 0
3 12 -1
3 13 -1
3 14 ->
4 15 0
4 16 0
4 17 0
4 18 -1
4 19 -1
4 20 -1
4 21 0
4 22 0
4 23 0
4 24 [2]
$128,0
3 25 0
2 26 -1
2 27 no_name
2 28 1
2 29 ->
3 111 [10]
4 111 
5 112 -1
5 113 -1
4 111 
5 112 -1
5 113 -1
4 111 
5 112 -1
5 113 -1
4 111 
5 112 -1
5 113 -1
4 111 
5 112 -1
5 113 -1
4 111 
5 112 -1
5 113 -1
4 111 
5 112 72
5 113 9
4 111 
5 112 -1
5 113 -1
4 111 
5 112 -1
5 113 -1
4 111 
5 112 78
5 113 10
3 30 NULL
3 31 [36]
$3*-1,-2049,2*-1,-16777217,3*-1,-536870913,-1,-1126176897,-2,-2097185,
$-2097665,-1,-1073741843,2*-1,-257,-261249,-1,-32769,-1,-4194305,2*-1,
$-536871041,-67108865,8191,2*0,1740,2*0
3 32 NULL
3 33 ->
4 34 190020
4 35 190039
2 36 NULL
2 37 ->
2 38 ->
3 39 [4][3]
$2*0,BFF
$3F43611522585ED,3FEFFFFFA21C826D,0
$3FEFFFFFA21C826D,BF43611522585ED,0
$3FFD9R,BFB1CD5016B105D8,3FF4C64C4A6F916E
3 88 [3]
4 88 ->
5 89 5
5 90 0
5 91 23
5 92 0
5 93 28
5 94 11
5 95 1
5 96 1
5 102 [1]
6 102 3
5 103 [1]
6 103 58
5 97 512
5 98 [2]
6 98 ->
7 99 1
7 106 ->
8 107 5
8 108 5
8 109 0
6 98 ->
7 99 6
7 100 ->
8 101 [1]
9 101 -100
4 88 ->
5 89 5
5 90 0
5 91 24
5 92 1
5 93 72
5 94 481
5 95 0
5 96 1
5 103 [1]
6 103 58
5 97 0
5 98 [2]
6 98 ->
7 99 1
7 106 ->
8 107 5
8 108 5
8 109 0
6 98 ->
7 99 6
7 100 ->
8 101 [1]
9 101 -100
4 88 ->
5 89 26
5 90 0
5 91 25
5 92 2
5 93 78
5 94 22
5 95 0
5 96 1
5 103 [1]
6 103 58
5 97 0
5 98 [2]
6 98 ->
7 99 1
7 106 ->
8 107 5
8 108 5
8 109 0
6 98 ->
7 99 6
7 100 ->
8 101 [1]
9 101 -100
3 40 0
3 41 0
3 42 [1]
4 42 
5 43 19
5 44 0
5 45 [4][3]
$2*0,BFF
$3F43611522585ED,3FEFFFFFA21C826D,0
$3FEFFFFFA21C826D,BF43611522585ED,0
$3FFD9R,BFB1CD5016B105D8,3FF4C64C4A6F916E
2 46 NULL
2 47 -1
2 48 -1
2 49 NULL
2 50 NULL
2 51 ->
3 52 123
3 53 
4 54 2
4 55 STEP_CLAMP
4 56 NULL
3 57 1
3 58 -1
3 59 NULL
3 60 
4 61 
5 62 0
5 63 
4 64 
5 65 0
3 66 6
3 67 NULL
2 110 [3]
$3,71,77
2 68 ->
3 69 0
3 70 0
3 71 [2][3]
$C0015D1745D1746,C01B536EE07CDB39,C017C2345E8C90F5
$3FFB45D1745D1742,4018B46FF7876C9F,401C45AA7977B6E3
3 72 0
3 73 NULL
3 74 -1
2 75 -1
2 76 NULL
2 77 9
2 78 ->
3 79 [7]
4 79 ->
5 80 3
5 81 -1
5 82 -1
5 83 -1
4 79 ->
5 80 1
5 81 -1
5 82 0
5 83 9
5 104 [1]
6 104 7
4 79 ->
5 80 2
5 81 -1
5 82 0
5 83 -1
5 104 [1]
6 104 9
4 79 ->
5 80 1
5 81 -1
5 82 1
5 83 1
4 79 ->
5 80 2
5 81 -1
5 82 1
5 83 -1
5 104 [1]
6 104 9
4 79 ->
5 80 1
5 81 -1
5 82 2
5 83 1
4 79 ->
5 80 2
5 81 -1
5 82 2
5 83 -1
5 104 [1]
6 104 9
3 84 3
2 85 NULL
2 86 NULL
1 87 ->
2 3 84
2 4 4097
2 5 ->
3 6 -1
3 7 923
3 8 NULL
3 9 0
3 10 [3]
$259,2*0
3 11 0
3 12 -1
3 13 -1
3 14 ->
4 15 0
4 16 0
4 17 0
4 18 970
4 19 -1
4 20 -1
4 21 0
4 22 0
4 23 0
4 24 [2]
$2*0
3 25 0
2 26 -1
2 27 no_name
2 28 1
2 29 ->
3 105 [1][4]
$85,3*0
3 30 NULL
3 31 [36]
$3*-1,-2049,2*-1,-16777217,3*-1,-536870913,-1,-1126176897,-2,-2097185,
$-2097665,-1,-1073741843,2*-1,-257,-261249,-1,-32769,-1,-4194305,2*-1,
$-536871041,-67108865,8191,2*0,1740,2*0
3 32 NULL
3 33 ->
4 34 190020
4 35 190039
2 36 NULL
2 37 ->
2 38 ->
3 39 [4][3]
$BFF,2*0
$0,BFEFFFFFA21C826D,3F4361152258612F
$0,3F4361152258612F,3FEFFFFFA21C826D
$3FF5D1745D1745CE,3FEE0AC6D622FB52,C00C7E0F060F5E68
3 88 [1]
4 88 ->
5 89 503
5 90 0
5 91 11
5 92 0
5 93 1817
5 94 85
5 95 1
5 96 0
5 102 [1]
6 102 30
5 97 33280
5 98 [2]
6 98 ->
7 99 1
7 106 ->
8 107 -4
8 108 5
8 109 0
6 98 ->
7 99 6
7 100 ->
8 101 [1]
9 101 -100
3 40 0
3 41 1
3 42 [1]
4 42 
5 43 11
5 44 0
5 45 [4][3]
$BFF,2*0
$0,BFEFFFFFA21C826D,3F4361152258612F
$0,3F4361152258612F,3FEFFFFFA21C826D
$3FF5D1745D1745CE,3FEE0AC6D622FB52,C00C7E0F060F5E68
2 46 NULL
2 47 85
2 48 -1
2 49 NULL
2 50 NULL
2 110 [1]
3 110 30
2 68 ->
3 69 0
3 70 0
3 71 [2][3]
$C0015D1745D1746,C01B536EE07CDB39,C017C2345E8C90F5
$3FFD9R,4018B46FF7876C9F,401C45AA7977B6E3
3 72 0
3 73 NULL
3 74 -1
2 75 -1
2 76 NULL
2 77 1
2 78 ->
3 79 [2]
4 79 ->
5 80 3
5 81 -1
5 82 -1
5 83 -1
4 79 ->
5 80 1
5 81 -1
5 82 0
5 83 2
5 104 [1]
6 104 11
3 84 1
2 85 NULL
2 86 NULL
1 87 ->
2 3 90
2 4 4097
2 5 ->
3 6 -1
3 7 923
3 8 NULL
3 9 0
3 10 [3]
$259,2*0
3 11 0
3 12 -1
3 13 -1
3 14 ->
4 15 0
4 16 0
4 17 0
4 18 970
4 19 -1
4 20 -1
4 21 0
4 22 0
4 23 0
4 24 [2]
$2*0
3 25 0
2 26 -1
2 27 no_name
2 28 1
2 29 ->
3 105 [1][4]
$91,3*0
3 30 NULL
3 31 [36]
$3*-1,-2049,2*-1,-16777217,3*-1,-536870913,-1,-1126176897,-2,-2097185,
$-2097665,-1,-1073741843,2*-1,-257,-261249,-1,-32769,-1,-4194305,2*-1,
$-536871041,-67108865,8191,2*0,1740,2*0
3 32 NULL
3 33 ->
4 34 190020
4 35 190039
2 36 NULL
2 37 ->
2 38 ->
3 39 [4][3]
$0,3FF,0
$3F5A37ADB7C5170A,0,BFEFFFFD50A47DBR
$BFEFFFFD50A47DBR,0,BF5A37ADB7C5170A
$0,BFC851FBA143C5F,3FF9140E1FC9C56R
3 88 [1]
4 88 ->
5 89 503
5 90 BFF8
5 91 12
5 92 0
5 93 20
5 94 91
5 95 1
5 96 0
5 102 [1]
6 102 3
5 97 33280
5 98 [2]
6 98 ->
7 99 1
7 106 ->
8 107 -4
8 108 5
8 109 0
6 98 ->
7 99 6
7 100 ->
8 101 [1]
9 101 -100
3 40 0
3 41 1
3 42 [1]
4 42 
5 43 11
5 44 0
5 45 [4][3]
$0,3FF,0
$3F5A37ADB7C5170A,0,BFEFFFFD50A47DBR
$BFEFFFFD50A47DBR,0,BF5A37ADB7C5170A
$0,BFC851FBA143C5F,3FF9140E1FC9C56R
2 46 NULL
2 47 91
2 48 -1
2 49 NULL
2 50 NULL
2 110 [1]
3 110 3
2 68 ->
3 69 0
3 70 0
3 71 [2][3]
$C0015D1745D1746,C01B536EE07CDB39,C017C2345E8C90F5
$3FFD9R,4018B46FF7876C9F,401C45AA7977B6E3
3 72 0
3 73 NULL
3 74 -1
2 75 -1
2 76 NULL
2 77 1
2 78 ->
3 79 [2]
4 79 ->
5 80 3
5 81 -1
5 82 -1
5 83 -1
4 79 ->
5 80 1
5 81 -1
5 82 0
5 83 9
5 104 [1]
6 104 7
3 84 1
2 85 NULL
2 86 NULL
1 87 ->
2 3 79
2 4 4097
2 5 ->
3 6 -1
3 7 1000
3 8 NULL
3 9 0
3 10 [3]
$3*0
3 11 0
3 12 -1
3 13 -1
3 14 ->
4 15 0
4 16 0
4 17 0
4 18 -1
4 19 -1
4 20 -1
4 21 0
4 22 0
4 23 0
4 24 [2]
$128,0
3 25 0
2 26 -1
2 27 no_name
2 28 1
2 29 ->
3 111 [3]
4 111 
5 112 85
5 113 11
4 111 
5 112 91
5 113 12
4 111 
5 112 -1
5 113 -1
3 30 NULL
3 31 [36]
$3*-1,-2049,2*-1,-16777217,3*-1,-536870913,-1,-1126176897,-2,-2097185,
$-2097665,-1,-1073741843,2*-1,-257,-261249,-1,-32769,-1,-4194305,2*-1,
$-536871041,-67108865,8191,2*0,1740,2*0
3 32 NULL
3 33 ->
4 34 190020
4 35 190039
2 36 NULL
2 37 ->
2 38 ->
3 39 [4][3]
$2*0,BFF
$BF4361152258612F,BFEFFFFFA21C826D,0
$BFEFFFFFA21C826D,3F4361152258612F,0
$3FFD9R,BFC71AB05D2A635B,BFF5F967848CCE02
3 88 [3]
4 88 ->
5 89 5
5 90 0
5 91 26
5 92 0
5 93 28
5 94 11
5 95 1
5 96 1
5 102 [1]
6 102 3
5 103 [1]
6 103 79
5 97 512
5 98 [2]
6 98 ->
7 99 1
7 106 ->
8 107 5
8 108 5
8 109 0
6 98 ->
7 99 6
7 100 ->
8 101 [1]
9 101 -100
4 88 ->
5 89 5
5 90 0
5 91 27
5 92 1
5 93 85
5 94 515
5 95 0
5 96 1
5 103 [1]
6 103 79
5 97 0
5 98 [2]
6 98 ->
7 99 1
7 106 ->
8 107 5
8 108 5
8 109 0
6 98 ->
7 99 6
7 100 ->
8 101 [1]
9 101 -100
4 88 ->
5 89 26
5 90 0
5 91 28
5 92 2
5 93 91
5 94 26
5 95 0
5 96 1
5 103 [1]
6 103 79
5 97 0
5 98 [2]
6 98 ->
7 99 1
7 106 ->
8 107 5
8 108 5
8 109 0
6 98 ->
7 99 6
7 100 ->
8 101 [1]
9 101 -100
3 40 0
3 41 0
3 42 [1]
4 42 
5 43 19
5 44 0
5 45 [4][3]
$2*0,BFF
$BF4361152258612F,BFEFFFFFA21C826D,0
$BFEFFFFFA21C826D,3F4361152258612F,0
$3FFD9R,BFC71AB05D2A635B,BFF5F967848CCE02
2 46 NULL
2 47 -1
2 48 -1
2 49 NULL
2 50 NULL
2 51 ->
3 52 123
3 53 
4 54 2
4 55 STEP_CLAMP
4 56 NULL
3 57 1
3 58 -1
3 59 NULL
3 60 
4 61 
5 62 0
5 63 
4 64 
5 65 0
3 66 7
3 67 NULL
2 110 [3]
$3,84,90
2 68 ->
3 69 0
3 70 0
3 71 [2][3]
$C0015D1745D1746,C01B536EE07CDB39,C017C2345E8C90F5
$3FFD9R,4018B46FF7876C9F,401C45AA7977B6E3
3 72 0
3 73 NULL
3 74 -1
2 75 -1
2 76 NULL
2 77 10
2 78 ->
3 79 [7]
4 79 ->
5 80 3
5 81 -1
5 82 -1
5 83 -1
4 79 ->
5 80 1
5 81 -1
5 82 0
5 83 9
5 104 [1]
6 104 7
4 79 ->
5 80 2
5 81 -1
5 82 0
5 83 -1
5 104 [1]
6 104 10
4 79 ->
5 80 1
5 81 -1
5 82 1
5 83 1
4 79 ->
5 80 2
5 81 -1
5 82 1
5 83 -1
5 104 [1]
6 104 10
4 79 ->
5 80 1
5 81 -1
5 82 2
5 83 1
4 79 ->
5 80 2
5 81 -1
5 82 2
5 83 -1
5 104 [1]
6 104 10
3 84 3
2 85 NULL
2 86 NULL
1 87 ->
2 3 29
2 4 4097
2 5 ->
3 6 -1
3 7 1002
3 8 NULL
3 9 0
3 10 [3]
$3*0
3 11 0
3 12 -1
3 13 -1
3 14 ->
4 15 0
4 16 0
4 17 0
4 18 -1
4 19 -1
4 20 -1
4 21 0
4 22 0
4 23 0
4 24 [2]
$6,0
3 25 0
2 26 -1
2 27 no_name
2 28 1
2 29 ->
3 30 NULL
3 31 [36]
$3*-1,-2049,2*-1,-16777217,3*-1,-536870913,-1,-1126176897,-2,-2097185,
$-2097665,-1,-1073741843,2*-1,-257,-261249,-1,-32769,-1,-4194305,2*-1,
$-536871041,-67108865,8191,2*0,1740,2*0
3 32 NULL
3 33 ->
4 34 190020
4 35 190039
2 36 NULL
2 37 ->
2 38 ->
3 39 [4][3]
$3FF,2*0
$0,3FF,0
$2*0,3FF
$3*0
3 88 [5]
4 88 ->
5 89 213
5 90 0
5 91 -1
5 92 -1
5 93 30
5 94 -1
5 95 0
5 96 0
5 97 0
5 98 [1]
6 98 ->
7 99 6
7 100 ->
8 101 [1]
9 101 -100
4 88 ->
5 89 213
5 90 0
5 91 -1
5 92 -1
5 93 37
5 94 -1
5 95 0
5 96 0
5 97 0
5 98 [1]
6 98 ->
7 99 6
7 100 ->
8 101 [1]
9 101 -100
4 88 ->
5 89 213
5 90 0
5 91 -1
5 92 -1
5 93 44
5 94 -1
5 95 0
5 96 0
5 97 0
5 98 [1]
6 98 ->
7 99 6
7 100 ->
8 101 [1]
9 101 -100
4 88 ->
5 89 213
5 90 0
5 91 -1
5 92 -1
5 93 58
5 94 -1
5 95 0
5 96 0
5 97 0
5 98 [1]
6 98 ->
7 99 6
7 100 ->
8 101 [1]
9 101 -100
4 88 ->
5 89 213
5 90 0
5 91 -1
5 92 -1
5 93 79
5 94 -1
5 95 0
5 96 0
5 97 0
5 98 [1]
6 98 ->
7 99 6
7 100 ->
8 101 [1]
9 101 -100
3 40 -1
3 41 0
2 46 NULL
2 47 -1
2 48 -1
2 49 NULL
2 50 NULL
2 110 [5]
$30,37,44,58,79
2 68 ->
3 69 0
3 70 0
3 71 [2][3]
$C0015D1745D1746,C01B536EE07CDB39,C017C2345E8C90F5
$3FFD9R,4018B46FF7876C9F,401C45AA7977B6E3
3 72 0
3 73 NULL
3 74 -1
2 75 -1
2 76 NULL
2 77 86
2 78 ->
3 84 5
2 85 NULL
2 86 NULL
1 87 NULL
@layer_list 114 0
1 114 [16]
2 114 
@feat_id 115 1
3 115 1
@layer_id 116 1
3 116 0
@back_layer_id 117 1
3 117 0
2 114 
3 115 3
3 116 0
3 117 0
2 114 
3 115 35
3 116 0
3 117 0
2 114 
3 115 30
3 116 0
3 117 0
2 114 
3 115 42
3 116 0
3 117 0
2 114 
3 115 37
3 116 0
3 117 0
2 114 
3 115 49
3 116 0
3 117 0
2 114 
3 115 55
3 116 0
3 117 0
2 114 
3 115 44
3 116 0
3 117 0
2 114 
3 115 71
3 116 0
3 117 0
2 114 
3 115 77
3 116 0
3 117 0
2 114 
3 115 58
3 116 0
3 117 0
2 114 
3 115 84
3 116 0
3 117 0
2 114 
3 115 90
3 116 0
3 117 0
2 114 
3 115 79
3 116 0
3 117 0
2 114 
3 115 29
3 116 0
3 117 0
#FullMData
@Sld_FullData 1 0
0 1 ->
@first_member_ptr 2 0
1 2 NULL
@alumni_members 3 0
1 3 NULL
@ref_part_table 4 0
1 4 [1]
2 4 ->
@name 5 10
3 5 TOOL_MOTIONS
@id 6 1
3 6 -1
@type 7 1
3 7 1
@revnum 8 1
3 8 -1
@dep_id 9 1
3 9 4
@attributes 10 1
3 10 0
@simpl_rep 11 0
3 11 NULL
@first_xsec_ptr 12 0
1 12 NULL
@lang_ptr 13 0
1 13 ->
@interact_on 14 1
2 14 -1
@first_csys_ptr 15 0
1 15 NULL
@offset 16 2
1 16 [29]
$4002869458577925,5*40227E451BB944C3,3*3FE9D894F3B7CF9A,6*3FF0E1C7047B3B51,
$3*40227E451BB944C3,11*3FF5E8ADD236A58F
@dim_array 17 0
1 17 [13]
2 17 NULL
2 17 NULL
2 17 NULL
2 17 ->
@type 18 1
3 18 8
@dim_type 19 1
3 19 204
@feat_id 20 1
3 20 30
@attributes 21 1
3 21 257
@dim_dat_ptr 22 0
3 22 ->
@value 23 2
4 23 BFE8
@bck_value 24 2
4 24 BFE8
@tol_ptr 25 0
4 25 ->
@type 26 1
5 26 9
@tol_type 27 1
5 27 3
@dual_digits_diff 28 1
5 28 999
@value 29 2
5 29 [2]
$2*3F847AE147AE147B
@digits 30 1
5 30 -1
@nominal_value 31 2
4 31 BFE8
@bound 32 1
4 32 20
@bck_bound 33 1
4 33 -1
@bck_tol_ptr 34 0
4 34 ->
@value 35 2
5 35 [2]
$2*3F847AE147AE147B
@datum_def_id 36 1
4 36 -1
@places_denom 37 1
4 37 2
@bck_places_denom 38 1
4 38 2
@dim_data_attrib 39 1
4 39 4
@dim_cosm_ptr 40 0
3 40 ->
@d0 41 2
4 41 0
@d1 42 2
4 42 0
@d2 43 2
4 43 0
@d3 44 2
4 44 0
@ord_info 45 0
4 45 NULL
@attach_ptr 46 0
3 46 NULL
@dim_text_ptr 47 0
3 47 ->
@symbol 48 10
4 48 d3
@parent_dim_id 49 1
3 49 -1
2 17 ->
3 18 8
3 19 204
3 20 37
3 21 257
3 22 ->
4 23 BFE8
4 24 BFE8
4 25 ->
5 26 9
5 27 3
5 28 999
5 29 [2]
$2*3F847AE147AE147B
5 30 -1
4 31 BFE8
4 32 20
4 33 -1
4 34 ->
5 35 [2]
$2*3F847AE147AE147B
4 36 -1
4 37 2
4 38 2
4 39 4
3 40 ->
4 41 0
4 42 0
4 43 0
4 44 0
4 45 NULL
3 46 NULL
3 47 ->
4 48 d4
3 49 -1
2 17 ->
3 18 8
3 19 204
3 20 44
3 21 257
3 22 ->
4 23 4008
4 24 4008
4 25 ->
5 26 9
5 27 3
5 28 999
5 29 [2]
$2*3F847AE147AE147B
5 30 -1
4 31 4008
4 32 20
4 33 -1
4 34 ->
5 35 [2]
$2*3F847AE147AE147B
4 36 -1
4 37 2
4 38 2
4 39 0
3 40 ->
4 41 0
4 42 0
4 43 0
4 44 0
4 45 NULL
3 46 NULL
3 47 ->
4 48 d5
3 49 -1
2 17 ->
3 18 8
3 19 204
3 20 44
3 21 257
3 22 ->
4 23 4012
4 24 4012
4 25 ->
5 26 9
5 27 3
5 28 999
5 29 [2]
$2*3F847AE147AE147B
5 30 -1
4 31 4012
4 32 20
4 33 -1
4 34 ->
5 35 [2]
$2*3F847AE147AE147B
4 36 -1
4 37 2
4 38 2
4 39 0
3 40 ->
4 41 0
4 42 0
4 43 0
4 44 0
4 45 NULL
3 46 NULL
3 47 ->
4 48 d6
3 49 -1
2 17 NULL
2 17 NULL
2 17 ->
3 18 8
3 19 204
3 20 58
3 21 257
3 22 ->
4 23 0
4 24 0
4 25 ->
5 26 9
5 27 3
5 28 999
5 29 [2]
$2*3F847AE147AE147B
5 30 -1
4 31 0
4 32 20
4 33 -1
4 34 ->
5 35 [2]
$2*3F847AE147AE147B
4 36 -1
4 37 2
4 38 2
4 39 0
3 40 ->
4 41 0
4 42 0
4 43 0
4 44 0
4 45 NULL
3 46 NULL
3 47 ->
4 48 d9
3 49 -1
2 17 ->
3 18 8
3 19 204
3 20 58
3 21 257
3 22 ->
4 23 BFE4
4 24 BFE4
4 25 ->
5 26 9
5 27 3
5 28 999
5 29 [2]
$2*3F847AE147AE147B
5 30 -1
4 31 BFE4
4 32 20
4 33 -1
4 34 ->
5 35 [2]
$2*3F847AE147AE147B
4 36 -1
4 37 3
4 38 3
4 39 4
3 40 ->
4 41 0
4 42 0
4 43 0
4 44 0
4 45 NULL
3 46 NULL
3 47 ->
4 48 d10
3 49 -1
2 17 ->
3 18 8
3 19 204
3 20 79
3 21 257
3 22 ->
4 23 0
4 24 0
4 25 ->
5 26 9
5 27 3
5 28 999
5 29 [2]
$2*3F847AE147AE147B
5 30 -1
4 31 0
4 32 20
4 33 -1
4 34 ->
5 35 [2]
$2*3F847AE147AE147B
4 36 -1
4 37 2
4 38 2
4 39 0
3 40 ->
4 41 0
4 42 0
4 43 0
4 44 0
4 45 NULL
3 46 NULL
3 47 ->
4 48 d11
3 49 -1
2 17 ->
3 18 8
3 19 204
3 20 79
3 21 257
3 22 ->
4 23 BFF8
4 24 BFF8
4 25 ->
5 26 9
5 27 3
5 28 999
5 29 [2]
$2*3F847AE147AE147B
5 30 -1
4 31 BFF8
4 32 20
4 33 -1
4 34 ->
5 35 [2]
$2*3F847AE147AE147B
4 36 -1
4 37 2
4 38 2
4 39 4
3 40 ->
4 41 0
4 42 0
4 43 0
4 44 0
4 45 NULL
3 46 NULL
3 47 ->
4 48 d12
3 49 -1
@ipar_num 50 1
1 50 0
@smt_info_ptr 51 0
1 51 NULL
@cable_info_ptr 52 0
1 52 ->
@id 53 1
2 53 -1
@type 54 1
2 54 94
@ref_harness_id 55 1
2 55 -1
@cable_assem_id 56 1
2 56 -1
@work_subharn_id 57 1
2 57 -3253
@parent_ext_ref_id 58 1
2 58 -1
@p_frbn_info 59 0
2 59 NULL
@log_info_src_name 60 10
2 60 NULL
@log_info_src_type 61 1
2 61 0
@comp_info_ptr 62 0
1 62 NULL
@prt_misc_ptr 63 0
1 63 ->
@shrink_data_ptr 64 0
2 64 NULL
@expld_mv_info 65 0
1 65 ->
@act_expl_state 66 1
2 66 -1
@default_state 67 0
2 67 ->
@id 68 1
3 68 -1
@type 69 1
3 69 500
@state_type 70 1
3 70 0
@cur_stage_ind 71 1
3 71 -1
@stage_info 72 0
3 72 [1]
4 72 
@unexpl_subass_info 73 0
3 73 ->
@expld_comp_ref 74 0
3 74 ->
@comp_id 75 1
4 75 -1
@gen_info 76 0
3 76 
@font 77 1
4 77 5
@color 78 1
4 78 10
@state_info_ptr 79 0
1 79 NULL
@alumni_feats 80 0
1 80 NULL
@p_mdl_grid 81 0
1 81 NULL
@mdl_status_ptr 82 0
1 82 NULL
@appl_info_arr 83 0
1 83 [2]
2 83 
@id 84 1
3 84 -1
@type 85 1
3 85 13
2 83 
3 84 -1
3 85 14
@ribbon_info_ptr 86 0
1 86 NULL
@p_xref_data 87 0
1 87 ->
@first_analysis_feat 88 0
1 88 NULL
#ModelView#0
@View 1 0
0 1 ->
@id 2 1
1 2 0
@viewattr 3 0
1 3 
@attr_arr 4 1
2 4 [4]
$1,3*0
@mpoint 5 0
1 5 
@id 6 1
2 6 0
@coord 7 2
2 7 [3]
$3FA64AD34B4AB58,BFD4F7F747AB74D,3FE20DD86BAC97B8
@first_instr_ptr 8 0
2 8 NULL
@attach_ptr 9 0
2 9 NULL
@vpoint 10 0
1 10 
2 6 0
2 7 [3]
$407F4,407A5E,0
2 8 NULL
2 9 NULL
@orient 11 2
1 11 [4][4]
$BFADFF62BBA87A68,3FE626EF74ED5D97,3FE704485076043,0
$3FE6AB86A6662BBA,BFDEA4AE979AC67D,3FE097BA4FF7E66,0
$3FE681BC1741E136,3FE14730454F86C8,BFDD9766FB2379F6,0
$3*0,3FF
@local_sys 12 2
1 12 [4][4]
$C00111C5DB448DA5,403935D2CC4F15BA,403A31BA64B16102,0
$4039CCB7F104758,C0316FD4B2213BF3,4032E2235E2A92A2,0
$40399D286AC9AB7D,4033A9D25F5D889,C030D69A84132C0A,0
$407EE183BB45FB25,40793F8770322DE5,C095A525735AC7AB,3FF
@world_matrix_ptr 13 0
1 13 NULL
@first_instr_ptr 14 0
1 14 ->
@type 15 1
2 15 100
@geom_id 16 1
2 16 -1
@view_id 17 1
2 17 -1
@memb_num 18 1
2 18 0
@offset 19 2
2 19 0
@matrix 20 0
2 20 NULL
@next_instr_ptr 21 0
1 21 ->
2 15 301
2 16 -1
2 17 -1
2 18 0
2 19 40423576C4C2DA69
2 20 NULL
1 21 ->
2 15 125
2 16 -1
2 17 -1
2 18 0
2 19 0
2 20 ->
@matrix 22 2
3 22 [4][4]
$BFDC2E3A7F438032,3FE4E50CF46BD9ER,3FE3B84AA8646856,0
$BFBC4E568D6963BD,BFE70EF80910C1EB,3FE5E7702B0A5213,0
$3FEC831E573DA85R,3FCDDB89D31DE462,3FD8ED4D3DA8105R,0
$3*0,3FF
1 21 NULL
@outer_xsec_index 23 1
1 23 -1
@next_view_id 24 1
1 24 2
@simp_rep_id 25 1
1 25 0
@name 26 10
1 26 no name
@fit_outline 27 2
1 27 [2][3]
$4059,405518,C08280C8A5176072
$408C2,4087BB,0
@det_info_ptr 28 0
1 28 NULL
@named_view_pzmatr 29 0
1 29 NULL
@page_id 30 1
1 30 0
@model_name 31 10
1 31 NULL
@unrep_model_name 32 10
1 32 NULL
@saved_pro_dls 33 0
1 33 ->
@pro_dls 34 0
2 34 [14]
3 34 
@pro_dl_data 35 0
4 35 ->
@appl_type 36 1
5 36 1
@dl_type 37 1
5 37 5
@dl_id 38 1
5 38 0
3 34 
4 35 ->
5 36 10
5 37 7
5 38 0
3 34 
4 35 ->
5 36 46
5 37 5
5 38 1
3 34 
4 35 ->
5 36 46
5 37 5
5 38 1
@key_list 39 1
5 39 [1]
6 39 1
3 34 
4 35 ->
5 36 46
5 37 5
5 38 1
5 39 [1]
6 39 3
3 34 
4 35 ->
5 36 46
5 37 5
5 38 1
5 39 [1]
6 39 30
3 34 
4 35 ->
5 36 46
5 37 5
5 38 1
5 39 [1]
6 39 37
3 34 
4 35 ->
5 36 46
5 37 5
5 38 1
5 39 [1]
6 39 44
3 34 
4 35 ->
5 36 46
5 37 5
5 38 1
5 39 [1]
6 39 58
3 34 
4 35 ->
5 36 46
5 37 5
5 38 1
5 39 [1]
6 39 79
3 34 
4 35 ->
5 36 47
5 37 7
5 38 0
3 34 
4 35 ->
5 36 48
5 37 8
5 38 0
3 34 
4 35 ->
5 36 49
5 37 7
5 38 0
3 34 
4 35 ->
5 36 64
5 37 7
5 38 0
@explode_state 40 0
1 40 NULL
#ModelView#2
@View 1 0
0 1 ->
@id 2 1
1 2 2
@viewattr 3 0
1 3 
@attr_arr 4 1
2 4 [4]
$1,3*0
@mpoint 5 0
1 5 
@id 6 1
2 6 0
@coord 7 2
2 7 [3]
$3FA64AD34B4AB58,BFD4F7F747AB74D,3FE20DD86BAC97B8
@first_instr_ptr 8 0
2 8 NULL
@attach_ptr 9 0
2 9 NULL
@vpoint 10 0
1 10 
2 6 0
2 7 [3]
$407F4,407A5E,0
2 8 NULL
2 9 NULL
@orient 11 2
1 11 [4][4]
$BFADFF62BBA87A68,3FE626EF74ED5D97,3FE704485076043,0
$3FE6AB86A6662BBA,BFDEA4AE979AC67D,3FE097BA4FF7E66,0
$3FE681BC1741E136,3FE14730454F86C8,BFDD9766FB2379F6,0
$3*0,3FF
@local_sys 12 2
1 12 [4][4]
$C00111C5DB448DA5,403935D2CC4F15BA,403A31BA64B16102,0
$4039CCB7F104758,C0316FD4B2213BF3,4032E2235E2A92A2,0
$40399D286AC9AB7D,4033A9D25F5D889,C030D69A84132C0A,0
$407EE183BB45FB25,40793F8770322DE5,C095A525735AC7AB,3FF
@world_matrix_ptr 13 0
1 13 ->
@world_matrix 14 2
2 14 [4][4]
$C00111C5DB448DA5,403935D2CC4F15BA,403A31BA64B16102,0
$4039CCB7F104758,C0316FD4B2213BF3,4032E2235E2A92A2,0
$40399D286AC9AB7D,4033A9D25F5D889,C030D69A84132C0A,0
$C0179F112E8136A6,C031E788FCDD21B1,402D17BB7903D1E3,3FF
@model2world 15 2
2 15 [4][4]
$C00111C5DB448DA5,403935D2CC4F15BA,403A31BA64B16102,0
$4039CCB7F104758,C0316FD4B2213BF3,4032E2235E2A92A2,0
$40399D286AC9AB7D,4033A9D25F5D889,C030D69A84132C0A,0
$C0179F112E8136A6,C031E788FCDD21B1,402D17BB7903D1E3,3FF
@first_instr_ptr 16 0
1 16 ->
@type 17 1
2 17 100
@geom_id 18 1
2 18 -1
@view_id 19 1
2 19 -1
@memb_num 20 1
2 20 0
@offset 21 2
2 21 0
@matrix 22 0
2 22 NULL
@next_instr_ptr 23 0
1 23 ->
2 17 301
2 18 -1
2 19 -1
2 20 0
2 21 40423576C4C2DA69
2 22 NULL
1 23 ->
2 17 125
2 18 -1
2 19 -1
2 20 0
2 21 0
2 22 ->
@matrix 24 2
3 24 [4][4]
$BFDC2E3A7F438032,3FE4E50CF46BD9ER,3FE3B84AA8646856,0
$BFBC4E568D6963BD,BFE70EF80910C1EB,3FE5E7702B0A5213,0
$3FEC831E573DA85R,3FCDDB89D31DE462,3FD8ED4D3DA8105R,0
$3*0,3FF
1 23 NULL
@outer_xsec_index 25 1
1 25 -1
@next_view_id 26 1
1 26 4
@simp_rep_id 27 1
1 27 0
@name 28 10
1 28 MFG
@fit_outline 29 2
1 29 [2][3]
$4059,405518,C08280C8A5176072
$408C2,4087BB,0
@det_info_ptr 30 0
1 30 NULL
@named_view_pzmatr 31 0
1 31 ->
2 24 [4][4]
$400967AE8B2390CF,3*0
$0,400967AE8B2390CF,2*0
$2*0,400967AE8B2390CF,0
$C08E368678AEA3DE,C090778839EBB567,0,3FF
@page_id 32 1
1 32 0
@model_name 33 10
1 33 NULL
@unrep_model_name 34 10
1 34 NULL
@saved_pro_dls 35 0
1 35 ->
@explode_state 36 0
1 36 NULL
#ModelView#4
@View 1 0
0 1 ->
@id 2 1
1 2 4
@viewattr 3 0
1 3 
@attr_arr 4 1
2 4 [4]
$1,3*0
@mpoint 5 0
1 5 
@id 6 1
2 6 0
@coord 7 2
2 7 [3]
$3FE93205D40E8C2D,2*0
@first_instr_ptr 8 0
2 8 NULL
@attach_ptr 9 0
2 9 NULL
@vpoint 10 0
1 10 
2 6 0
2 7 [3]
$407F4,407A5E,0
2 8 NULL
2 9 NULL
@orient 11 2
1 11 [4][4]
$0,3FF,2*0
$BFF,3*0
$2*0,3FF,0
$3*0,3FF
@local_sys 12 2
1 12 [4][4]
$0,4061784257838942,2*0
$C061784257838942,3*0
$2*0,4061784257838942,0
$407F4,40737D5E8AB4BC75,C096D7FE,3FF
@world_matrix_ptr 13 0
1 13 ->
@world_matrix 14 2
2 14 [4][4]
$0,4061784257838942,2*0
$C061784257838942,3*0
$2*0,4061784257838942,0
$407F4,40737D5E8AB4BC75,0,3FF
@model2world 15 2
2 15 [4][4]
$0,4061784257838942,2*0
$C061784257838942,3*0
$2*0,4061784257838942,0
$407F4,40737D5E8AB4BC75,0,3FF
@first_instr_ptr 16 0
1 16 ->
@type 17 1
2 17 100
@geom_id 18 1
2 18 -1
@view_id 19 1
2 19 -1
@memb_num 20 1
2 20 0
@offset 21 2
2 21 0
@matrix 22 0
2 22 NULL
@next_instr_ptr 23 0
1 23 ->
2 17 301
2 18 -1
2 19 -1
2 20 0
2 21 4061784257838942
2 22 NULL
1 23 ->
2 17 125
2 18 -1
2 19 -1
2 20 0
2 21 0
2 22 ->
@matrix 24 2
3 24 [4][4]
$3FC4005425588682,3FEDF5F700795EE1,3FD4225FBDF62434,0
$BFD4F6F7C02BDDD5,3FD65FFB53AA06A2,BFEC16A463D38DEC,0
$BFEDD16CA4898219,3FA1764286826EE4,3FD720032C2DA04D,0
$3*0,3FF
1 23 ->
2 17 201
2 18 156
2 19 -1
2 20 1
@memb_id_tab 25 1
2 25 [1]
3 25 1
2 21 0
2 22 NULL
1 23 ->
2 17 202
2 18 28
2 19 -1
2 20 1
2 25 [1]
3 25 3
2 21 0
2 22 NULL
1 23 NULL
@outer_xsec_index 26 1
1 26 -1
@next_view_id 27 1
1 27 5
@simp_rep_id 28 1
1 28 0
@name 29 10
1 29 SIDE
@fit_outline 30 2
1 30 [2][3]
$4059,405518,C07AA57B06EAB4F
$408C2,4087BB,0
@det_info_ptr 31 0
1 31 NULL
@named_view_pzmatr 32 0
1 32 ->
2 24 [4][4]
$3FEDFBFABD13F376,3*0
$0,3FEDFBFABD13F376,2*0
$2*0,3FEDFBFABD13F376,0
$402402C98AE7A97F,C056DD07BFB057F8,0,3FF
@page_id 33 1
1 33 0
@model_name 34 10
1 34 NULL
@unrep_model_name 35 10
1 35 NULL
@saved_pro_dls 36 0
1 36 ->
@explode_state 37 0
1 37 NULL
#ModelView#5
@View 1 0
0 1 ->
@id 2 1
1 2 5
@viewattr 3 0
1 3 
@attr_arr 4 1
2 4 [4]
$1,3*0
@mpoint 5 0
1 5 
@id 6 1
2 6 0
@coord 7 2
2 7 [3]
$3FA64AD34B4AB5A,BFD4F7F747AB74D,3FE20DD86BAC97B8
@first_instr_ptr 8 0
2 8 NULL
@attach_ptr 9 0
2 9 NULL
@vpoint 10 0
1 10 
2 6 0
2 7 [3]
$407F4,407A5E,0
2 8 NULL
2 9 NULL
@orient 11 2
1 11 [4][4]
$2*0,3FF,0
$BFF,3*0
$0,BFF,2*0
$3*0,3FF
@local_sys 12 2
1 12 [4][4]
$2*0,40423576C4C2DA69,0
$C0423576C4C2DA69,3*0
$0,C0423576C4C2DA69,2*0
$407E8117C62D2891,407BA6BE75A286A,C095E5ACAAC2A5F6,3FF
@world_matrix_ptr 13 0
1 13 ->
@world_matrix 14 2
2 14 [4][4]
$2*0,40423576C4C2DA69,0
$C0423576C4C2DA69,3*0
$0,C0423576C4C2DA69,2*0
$407E8117C62D2891,407BA6BE75A286A,BFF95EAB0A97D6FR,3FF
@model2world 15 2
2 15 [4][4]
$2*0,40423576C4C2DA69,0
$C0423576C4C2DA69,3*0
$0,C0423576C4C2DA69,2*0
$407E8117C62D2891,407BA6BE75A286A,BFF95EAB0A97D6FR,3FF
@first_instr_ptr 16 0
1 16 ->
@type 17 1
2 17 100
@geom_id 18 1
2 18 -1
@view_id 19 1
2 19 -1
@memb_num 20 1
2 20 0
@offset 21 2
2 21 0
@matrix 22 0
2 22 NULL
@next_instr_ptr 23 0
1 23 ->
2 17 301
2 18 -1
2 19 -1
2 20 0
2 21 40423576C4C2DA69
2 22 NULL
1 23 ->
2 17 125
2 18 -1
2 19 -1
2 20 0
2 21 0
2 22 ->
@matrix 24 2
3 24 [4][4]
$3FC4005425588682,3FEDF5F700795EE1,3FD4225FBDF62434,0
$BFD4F6F7C02BDDD5,3FD65FFB53AA06A2,BFEC16A463D38DEC,0
$BFEDD16CA4898219,3FA1764286826EE4,3FD720032C2DA04D,0
$3*0,3FF
1 23 ->
2 17 201
2 18 156
2 19 -1
2 20 1
@memb_id_tab 25 1
2 25 [1]
3 25 1
2 21 0
2 22 NULL
1 23 ->
2 17 202
2 18 28
2 19 -1
2 20 1
2 25 [1]
3 25 3
2 21 0
2 22 NULL
1 23 ->
2 17 125
2 18 -1
2 19 -1
2 20 0
2 21 0
2 22 ->
3 24 [4][4]
$3FF,3*0
$2*0,3FF,0
$0,BFF,2*0
$3*0,3FF
1 23 NULL
@outer_xsec_index 26 1
1 26 -1
@next_view_id 27 1
1 27 100
@simp_rep_id 28 1
1 28 0
@name 29 10
1 29 TOP
@fit_outline 30 2
1 30 [2][3]
$4059,405518,C064FFBDAE3A9478
$408C2,4087BB,0
@det_info_ptr 31 0
1 31 NULL
@named_view_pzmatr 32 0
1 32 ->
2 24 [4][4]
$40027C5EC8D0FCBA,3*0
$0,40027C5EC8D0FCBA,2*0
$2*0,40027C5EC8D0FCBA,0
$C081196C12428DDE,C084A3AE1B49C8D,0,3FF
@page_id 33 1
1 33 0
@model_name 34 10
1 34 NULL
@unrep_model_name 35 10
1 35 NULL
@saved_pro_dls 36 0
1 36 ->
@explode_state 37 0
1 37 NULL
#ModelView#100
@View 1 0
0 1 ->
@id 2 1
1 2 100
@viewattr 3 0
1 3 
@attr_arr 4 1
2 4 [4]
$1,3*0
@mpoint 5 0
1 5 
@id 6 1
2 6 0
@coord 7 2
2 7 [3]
$3FA64AD34B4AB58,BFD4F7F747AB74D,3FE20DD86BAC97B8
@first_instr_ptr 8 0
2 8 NULL
@attach_ptr 9 0
2 9 NULL
@vpoint 10 0
1 10 
2 6 0
2 7 [3]
$407F4,407A5E,0
2 8 NULL
2 9 NULL
@orient 11 2
1 11 [4][4]
$BFC9CF6A45BB52E6,3FEB0E75229D27AR,3FDFA479E9C7E6BA,0
$3FD948F81F50EB9C,BFD91157C53E254R,3FEA973C5C57632,0
$3FECAE07C8718FBC,3FD73994380ED5A3,BFD052FBD4A30B8B,0
$3*0,3FF
@local_sys 12 2
1 12 [4][4]
$C01D5F963590A51D,403ECAAC824DF004,403201626E7D4AC3,0
$402CC6948A3A7979,C02C874644D0521C,403E42FE4231D223,0
$404051CF0FB9228D,402A6E61E04BADC5,C02293E75E286335,0
$407E69E77706DF98,4079867A021155BR,C095A5D87A44528D,3FF
@world_matrix_ptr 13 0
1 13 ->
@world_matrix 14 2
2 14 [4][4]
$C01D5F963590A51D,403ECAAC824DF004,403201626E7D4AC3,0
$402CC6948A3A7979,C02C874644D0521C,403E42FE4231D223,0
$404051CF0FB9228D,402A6E61E04BADC5,C02293E75E286335,0
$C02AC3111F240D0B,C02AF0BFBDD54893,402CBE38043E613,3FF
@model2world 15 2
2 15 [4][4]
$C01D5F963590A51D,403ECAAC824DF004,403201626E7D4AC3,0
$402CC6948A3A7979,C02C874644D0521C,403E42FE4231D223,0
$404051CF0FB9228D,402A6E61E04BADC5,C02293E75E286335,0
$C02AC3111F240D0B,C02AF0BFBDD54893,402CBE38043E613,3FF
@first_instr_ptr 16 0
1 16 ->
@type 17 1
2 17 100
@geom_id 18 1
2 18 -1
@view_id 19 1
2 19 -1
@memb_num 20 1
2 20 0
@offset 21 2
2 21 0
@matrix 22 0
2 22 NULL
@next_instr_ptr 23 0
1 23 ->
2 17 301
2 18 -1
2 19 -1
2 20 0
2 21 40423576C4C2DA69
2 22 NULL
1 23 ->
2 17 125
2 18 -1
2 19 -1
2 20 0
2 21 0
2 22 ->
@matrix 24 2
3 24 [4][4]
$BFE0BDFACD9BB884,3FE9EEDB562FE5D8,3FD0DFA3DC9C6E17,0
$BFDD36C1FD820A0D,BFE0E335493137D1,3FE6EC3368D72516,0
$3FE70772435A1E67,3FD0489AC1D8BBEF,3FE4AC487A07B68B,0
$3*0,3FF
1 23 NULL
@outer_xsec_index 25 1
1 25 -1
@next_view_id 26 1
1 26 101
@simp_rep_id 27 1
1 27 0
@name 28 10
1 28 MFG_NORM
@fit_outline 29 2
1 29 [2][3]
$4059,405518,C082E6B2F532FE24
$408C2,4087BB,0
@det_info_ptr 30 0
1 30 NULL
@named_view_pzmatr 31 0
1 31 ->
2 24 [4][4]
$4010003E2B45BFBF,3*0
$0,4010003E2B45BFBF,2*0
$2*0,4010003E2B45BFBF,0
$C0951F8B85F75FC9,C09512FD3FB79EC1,0,3FF
@page_id 32 1
1 32 0
@model_name 33 10
1 33 NULL
@unrep_model_name 34 10
1 34 NULL
@saved_pro_dls 35 0
1 35 ->
@explode_state 36 0
1 36 NULL
#ModelView#101
@View 1 0
0 1 ->
@id 2 1
1 2 101
@viewattr 3 0
1 3 
@attr_arr 4 1
2 4 [4]
$1,3*0
@mpoint 5 0
1 5 
@id 6 1
2 6 0
@coord 7 2
2 7 [3]
$3FA64AD34B4AB58,BFD4F7F747AB74D,3FE20DD86BAC97B8
@first_instr_ptr 8 0
2 8 NULL
@attach_ptr 9 0
2 9 NULL
@vpoint 10 0
1 10 
2 6 0
2 7 [3]
$407F4,407A5E,0
2 8 NULL
2 9 NULL
@orient 11 2
1 11 [4][4]
$3F73A43E41ADA6,3FEFF015768DC90C,3FAFCE50EA7A2B1C,0
$3FD92576881FF5E4,BFAE36089FCEAA1,3FED5DA4FA97D09,0
$3FED6D10FAF0FF7C,3F947CD6D3D4A2D8,BFD91D9773CFB13F,0
$3*0,3FF
@local_sys 12 2
1 12 [4][4]
$3FC65A67E4F33C8D,40422C683FEC3E0B,400219314644CEB6,0
$402C9E2C1B4E33EF,C00130DE792FA5D7,4040B5BCE4152F78,0
$4040BE8368650245,3FE750E74A900ACA,C02C9536D7129A6D,0
$407E5C963FC4A286,407A32D665D9EA5F,C09593ACE5F992A5,3FF
@world_matrix_ptr 13 0
1 13 ->
@world_matrix 14 2
2 14 [4][4]
$3FC65A67E4F33C8D,40422C683FEC3E0B,400219314644CEB6,0
$402C9E2C1B4E33EF,C00130DE792FA5D7,4040B5BCE4152F78,0
$4040BE8368650245,3FE750E74A900ACA,C02C9536D7129A6D,0
$C02C6D38076BAF4F,C00594CD130AD06R,4032EA0114CF2A8,3FF
@model2world 15 2
2 15 [4][4]
$3FC65A67E4F33C8D,40422C683FEC3E0B,400219314644CEB6,0
$402C9E2C1B4E33EF,C00130DE792FA5D7,4040B5BCE4152F78,0
$4040BE8368650245,3FE750E74A900ACA,C02C9536D7129A6D,0
$C02C6D38076BAF4F,C00594CD130AD06R,4032EA0114CF2A8,3FF
@first_instr_ptr 16 0
1 16 ->
@type 17 1
2 17 100
@geom_id 18 1
2 18 -1
@view_id 19 1
2 19 -1
@memb_num 20 1
2 20 0
@offset 21 2
2 21 0
@matrix 22 0
2 22 NULL
@next_instr_ptr 23 0
1 23 ->
2 17 301
2 18 -1
2 19 -1
2 20 0
2 21 40423576C4C2DA69
2 22 NULL
1 23 ->
2 17 125
2 18 -1
2 19 -1
2 20 0
2 21 0
2 22 ->
@matrix 24 2
3 24 [4][4]
$BFD5A255B04068A3,3FEDD6727B7D23AC,BFC0591E1737A9D4,0
$BFDE781DAF380258,BFAACDC3A6DCCB0D,3FEC17475ED26A5D,0
$3FE9FA92BD4EA42E,3FD6E2024C50E594,3FDD8AFB4C7011E5,0
$3*0,3FF
1 23 NULL
@outer_xsec_index 25 1
1 25 -1
@next_view_id 26 1
1 26 102
@simp_rep_id 27 1
1 27 0
@name 28 10
1 28 MFG_HELI
@fit_outline 29 2
1 29 [2][3]
$4059,405518,C083FF051B78E17C
$408C2,4087BB,0
@det_info_ptr 30 0
1 30 NULL
@named_view_pzmatr 31 0
1 31 ->
2 24 [4][4]
$400B5FB22CE0F792,3*0
$0,400B5FB22CE0F792,2*0
$2*0,400B5FB22CE0F792,0
$C0911D1C4F79ADF,C0930FF98C60C8EC,0,3FF
@page_id 32 1
1 32 0
@model_name 33 10
1 33 NULL
@unrep_model_name 34 10
1 34 NULL
@saved_pro_dls 35 0
1 35 ->
@explode_state 36 0
1 36 NULL
#ModelView#102
@View 1 0
0 1 ->
@id 2 1
1 2 102
@viewattr 3 0
1 3 
@attr_arr 4 1
2 4 [4]
$1,3*0
@mpoint 5 0
1 5 
@id 6 1
2 6 0
@coord 7 2
2 7 [3]
$3FA64AD34B4AB58,BFD4F7F747AB74D,3FE20DD86BAC97B8
@first_instr_ptr 8 0
2 8 NULL
@attach_ptr 9 0
2 9 NULL
@vpoint 10 0
1 10 
2 6 0
2 7 [3]
$407F4,407A5E,0
2 8 NULL
2 9 NULL
@orient 11 2
1 11 [4][4]
$3F8FBDE09F9A802,3FEE6EAE6691A6E2,3FD3C2DD77ACA76E,0
$3FEEFBFDE1B3916E,BFB760B816178718,3FCDC7E446B0894C,0
$3FCFEE59CE78B8E4,3FD2E7382BC38B5C,BFED83014EAC1337,0
$3*0,3FF
@local_sys 12 2
1 12 [4][4]
$3FE20FD6A527D419,4041511A5DCE244,40267D415463BC58,0
$4041A1832B2F21B1,C00A9AED036ECBBE,4020F232020FD396,0
$40222B6BCC235E51,402583496D01DCF3,C040CAFF3EF6059,0
$407FA6721C174D2,4079D357415946AC,C0958A63F4195AA5,3FF
@world_matrix_ptr 13 0
1 13 ->
@world_matrix 14 2
2 14 [4][4]
$3FE20FD6A527D419,4041511A5DCE244,40267D415463BC58,0
$4041A1832B2F21B1,C00A9AED036ECBBE,4020F232020FD396,0
$40222B6BCC235E51,402583496D01DCF3,C040CAFF3EF6059,0
$40199C8705D3481E,C0215517D4D72A71,40353C3D8CDD2A6A,3FF
@model2world 15 2
2 15 [4][4]
$3FE20FD6A527D419,4041511A5DCE244,40267D415463BC58,0
$4041A1832B2F21B1,C00A9AED036ECBBE,4020F232020FD396,0
$40222B6BCC235E51,402583496D01DCF3,C040CAFF3EF6059,0
$40199C8705D3481E,C0215517D4D72A71,40353C3D8CDD2A6A,3FF
@first_instr_ptr 16 0
1 16 ->
@type 17 1
2 17 100
@geom_id 18 1
2 18 -1
@view_id 19 1
2 19 -1
@memb_num 20 1
2 20 0
@offset 21 2
2 21 0
@matrix 22 0
2 22 NULL
@next_instr_ptr 23 0
1 23 ->
2 17 301
2 18 -1
2 19 -1
2 20 0
2 21 40423576C4C2DA69
2 22 NULL
1 23 ->
2 17 125
2 18 -1
2 19 -1
2 20 0
2 21 0
2 22 ->
@matrix 24 2
3 24 [4][4]
$BFD5DAA882FA906A,3FEAA22F719CF804,3FDBF2584914E232,0
$3FDA039DA331A596,BFD270BB2639545D,3FEBBECF81ACFAE8,0
$3FEB1E590A8C07A6,3FDE4ED63DA6258C,BFCEB5960141E87E,0
$3*0,3FF
1 23 NULL
@outer_xsec_index 25 1
1 25 -1
@next_view_id 26 1
1 26 -2
@simp_rep_id 27 1
1 27 0
@name 28 10
1 28 MFG_GOTO
@fit_outline 29 2
1 29 [2][3]
$4059,405518,C082F5F188D295E4
$408C2,4087BB,0
@det_info_ptr 30 0
1 30 NULL
@named_view_pzmatr 31 0
1 31 ->
2 24 [4][4]
$40069F4AB0307847,3*0
$0,40069F4AB0307847,2*0
$2*0,40069F4AB0307847,0
$C08C96CBD9752AD6,C08D2AC4AF64336A,0,3FF
@page_id 32 1
1 32 0
@model_name 33 10
1 33 NULL
@unrep_model_name 34 10
1 34 NULL
@saved_pro_dls 35 0
1 35 ->
@explode_state 36 0
1 36 NULL
#DispDataColor
@ref_color_table 1 0
0 1 
@ref_color_arr 2 0
1 2 [1]
2 2 
@maximum 3 2
3 3 [3]
$3FD9A9FBE76C8B4R,3FE5DB22D0E56042,3FDDD2F1A9FBE76D
@ambient 4 2
3 4 3FECR
@diffuse 5 2
3 5 3FECR
@specular 6 2
3 6 3FE9R
@spec_coef 7 2
3 7 3FE
@transmission 8 2
3 8 0
@threshold 9 1
3 9 90
@gl_ind 10 1
3 10 21
@highlight 11 2
3 11 [3]
$3*3FF
@reflection 12 2
3 12 3FECR
@bump_height 13 2
3 13 3FF
@bump 14 3
3 14 NULL
@decal_intensity 15 2
3 15 4059
@decal 16 3
3 16 NULL
@texture 17 3
3 17 NULL
#DispDataTable
@disp_data_table 1 0
0 1 
@disp_data_arr 2 0
1 2 [1]
2 2 
@disp_data 3 0
3 3 ->
@wire 4 0
4 4 
@disp_list_version 5 1
5 5 291
@visibility 6 1
5 6 16
@status_mask 7 1
5 7 3
@creation_scale 8 2
5 8 0
@view_matrix 9 2
5 9 [4][4]
$3FF,3*0
$0,3FF,2*0
$2*0,3FF,0
$3*0,3FF
@outline 10 2
5 10 [2][3]
$3*41CDCD64FR
$3*C1CDCD64FR
@dl_block_mem_size 11 0
5 11 
@dl_block_mem_size 12 1
6 12 32768
@list 13 0
5 13 NULL
@token_contents 14 5
5 14 0
@render_attribs 15 5
5 15 0
@part_color 16 1
4 16 -1
@color_prop_ptr 17 0
4 17 ->
@color_refs 18 0
5 18 [4]
6 18 
@ref_color 19 0
7 19 ->
@maximum 20 2
8 20 [3]
$3*3FF
@ambient 21 2
8 21 3FECR
@diffuse 22 2
8 22 3FECR
@specular 23 2
8 23 3FE9R
@spec_coef 24 2
8 24 3FE
@transmission 25 2
8 25 0
@threshold 26 1
8 26 90
@gl_ind 27 1
8 27 0
@highlight 28 2
8 28 [3]
$3*3FF
@reflection 29 2
8 29 3FD
@bump_height 30 2
8 30 3FE
@bump 31 3
8 31 NULL
@decal_intensity 32 2
8 32 3FF
@decal 33 3
8 33 NULL
@texture 34 3
8 34 NULL
6 18 
7 19 ->
8 20 [3]
$2*3FE28F5C28F5C28F,3FE23D70A3D70A3D
8 21 3FECR
8 22 3FECR
8 23 3FE9R
8 24 3FE
8 25 0
8 26 90
8 27 19
8 28 [3]
$3*3FF
8 29 3FECR
8 30 3FF
8 31 NULL
8 32 4059
8 33 NULL
8 34 NULL
6 18 
7 19 ->
8 20 [3]
$3FCEB851EB851EB8,3FD0A3D70A3D70A4,3FDA3D70A3D70A3D
8 21 3FECR
8 22 3FECR
8 23 3FE9R
8 24 3FE
8 25 0
8 26 90
8 27 20
8 28 [3]
$3*3FF
8 29 3FECR
8 30 3FF
8 31 NULL
8 32 4059
8 33 NULL
8 34 NULL
6 18 
7 19 ->
8 20 [3]
$0,3FF,0
8 21 3FECR
8 22 3FECR
8 23 3FE9R
8 24 3FE
8 25 0
8 26 90
8 27 2
8 28 [3]
$3*3FF
8 29 3FD
8 30 3FE
8 31 NULL
8 32 3FF
8 33 NULL
8 34 NULL
@surf_ind_tab 35 0
5 35 [9]
6 35 
@surf_id 36 1
7 36 1
@surf_color_inds 37 1
7 37 [2]
$0,-1
@surf_pl 38 0
7 38 [2]
8 38 
@placement_ptr 39 0
9 39 NULL
8 38 
9 39 NULL
6 35 
7 36 30
7 37 [2]
$2,-1
7 38 [2]
8 38 
9 39 NULL
8 38 
9 39 NULL
6 35 
7 36 8
7 37 [2]
$0,-1
7 38 [2]
8 38 
9 39 NULL
8 38 
9 39 NULL
6 35 
7 36 22
7 37 [2]
$0,-1
7 38 [2]
8 38 
9 39 NULL
8 38 
9 39 NULL
6 35 
7 36 44
7 37 [2]
$1,-1
7 38 [2]
8 38 
9 39 NULL
8 38 
9 39 NULL
6 35 
7 36 79
7 37 [2]
$2,-1
7 38 [2]
8 38 
9 39 NULL
8 38 
9 39 NULL
6 35 
7 36 58
7 37 [2]
$2,-1
7 38 [2]
8 38 
9 39 NULL
8 38 
9 39 NULL
6 35 
7 36 37
7 37 [2]
$2,-1
7 38 [2]
8 38 
9 39 NULL
8 38 
9 39 NULL
6 35 
7 36 3
7 37 [2]
$3,-1
7 38 [2]
8 38 
9 39 NULL
8 38 
9 39 NULL
@model_type 40 1
4 40 1
@flags 41 1
4 41 0
@generic_name 42 10
4 42 NULL
@label 43 10
4 43 NULL
@components 44 0
4 44 
@comp_arr 45 0
5 45 [7]
6 45 
@comp 46 0
7 46 ->
@id 47 1
8 47 1
@type 48 1
8 48 -1
@memb2model 49 2
8 49 [4][3]
$3FF,2*0
$0,3FF,0
$2*0,3FF
$3*0
@solid_dd 50 0
8 50 ->
9 16 0
9 40 2
9 41 2
@model_name 51 10
9 51 spacer
9 42 NULL
9 43 NULL
6 45 
7 46 ->
8 47 3
8 48 -1
8 49 [4][3]
$3FF,2*0
$0,3FF,0
$2*0,3FF
$3*0
8 50 ->
9 16 -1
9 40 2
9 41 2
9 51 STOCK
9 42 NULL
9 43 NULL
6 45 
7 46 ->
8 47 30
8 48 -1
8 49 [4][3]
$3FF,2*0
$0,3F4361152258612F,BFEFFFFFA21C826D
$0,3FEFFFFFA21C826D,3F4361152258612F
$BFC5D1745D1745F8,3FEE16E38358728F,BFF0FC1E817B19C7
8 50 ->
9 4 
10 5 2198
10 6 16
10 7 3
10 8 0
10 9 [4][4]
$3FF,3*0
$0,3FF,2*0
$2*0,3FF,0
$3*0,3FF
10 10 [2][3]
$0,C008,0
$3FFE,BFD,3FEC
10 11 
11 12 32768
10 13 ->
@ptr 52 0
11 52 [4]
12 52 
@data(dl_gc) 53 0
13 53 ->
@header 54 0
14 54 
@header 55 0
15 55 
@type 56 5
16 56 53
@count 57 5
16 57 1
@size 58 1
16 58 36
@int_data 59 1
14 59 [5]
$2*2,0,1,0
@linewidth 60 6
14 60 0
12 52 
@data(dl_header) 61 0
13 61 ->
14 55 
15 56 1024
15 57 1756
15 58 12
12 52 
@data(dl_multi_line) 62 0
13 62 ->
@dl_multi_line 63 0
14 63 
@dl_header 64 0
15 64 
16 55 
17 56 26
17 57 144
17 58 1756
@midpnt 65 6
15 65 [4]
$3FDC412,3F7,BFD,3EE
@points 66 6
15 66 [432]
$0,BE8,0,3E2E8BA3,BE8,2*0,BE8,2*0,C04,2*0,C04,0,3FF,C04,0,3FF,C04,0,3FF,
$C03,0,3FF,C03,0,3FDA2E8C,C03,0,3FDA2E8C,C02,0,3FDA2E8C,C03,0,3FC45D17,C02,0,
$3FDA2E8C,C02,0,3FC45D17,C01,0,3FC45D17,C02,0,3FAE8BA3,C01,0,3FC45D17,C01,0,
$3FAE8BA3,C,0,3FAE8BA3,C01,0,3F98BA2F,C,0,3FAE8BA3,C,0,3F98BA2F,BFE,0,
$3F98BA2F,C,0,3F82E8BA,BFE,0,3F98BA2F,BFE,0,3F82E8BA,BFC,0,3F82E8BA,BFE,0,
$3F5A2E8C,BFC,0,3F82E8BA,BFC,0,3F5A2E8C,BFA,0,3F5A2E8C,BFC,0,3F2E8BA3,BFA,0,
$3F5A2E8C,BFA,0,3F2E8BA3,BF8,0,3F2E8BA3,BFA,0,3F02E8BA,BF8,0,3F2E8BA3,BF8,0,
$3F02E8BA,BF4,0,3F02E8BA,BF8,0,3EAE8BA3,BF4,0,3F02E8BA,BF4,0,3EAE8BA3,BF,0,
$3EAE8BA3,BF4,0,3E2E8BA3,BF,0,3EAE8BA3,BF,0,3E2E8BA3,BE8,0,3E2E8BA3,BF,2*0,
$BE8,3F6,3E2E8BA3,BE8,3F6,3E2E8BA3,BE8,3F6,3E2E8BA3,BF,3F6,3E2E8BA3,BF,3F6,
$3EAE8BA3,BF,3F6,3EAE8BA3,BF,3F6,3EAE8BA3,BF4,3F6,3EAE8BA3,BF4,3F6,3F02E8BA,
$BF4,3F6,3F02E8BA,BF4,3F6,3F02E8BA,BF8,3F6,3F02E8BA,BF8,3F6,3F2E8BA3,BF8,3F6,
$3F2E8BA3,BF8,3F6,3F2E8BA3,BFA,3F6,3F2E8BA3,BFA,3F6,3F5A2E8C,BFA,3F6,
$3F5A2E8C,BFA,3F6,3F5A2E8C,BFC,3F6,3F5A2E8C,BFC,3F6,3F82E8BA,BFC,3F6,
$3F82E8BA,BFC,3F6,3F82E8BA,BFE,3F6,3F82E8BA,BFE,3F6,3F98BA2F,BFE,3F6,
$3F98BA2F,BFE,3F6,3F98BA2F,C,3F6,3F98BA2F,C,3F6,3FAE8BA3,C,3F6,3FAE8BA3,C,
$3F6,3FAE8BA3,C01,3F6,3FAE8BA3,C01,3F6,3FC45D17,C01,3F6,3FC45D17,C01,3F6,
$3FC45D17,C02,3F6,3FC45D17,C02,3F6,3FDA2E8C,C02,3F6,3FDA2E8C,C02,3F6,
$3FDA2E8C,C03,3F6,3FF,C03,3F6,3FDA2E8C,C03,3F6,3FF,C04,3F6,3FF,C03,3F6,0,C04,
$3F6,3FF,C04,3F6,0,BE8,3F6,0,C04,3F6,0,BE8,2*0,BE8,3F6,0,C04,2*0,C04,3F6,3FF,
$C03,0,3FF,C03,3F6,3FF,C04,0,3FF,C04,3F6,3FDA2E8C,C03,0,3FDA2E8C,C03,3F6,
$3FDA2E8C,C02,0,3FDA2E8C,C02,3F6,3FC45D17,C02,0,3FC45D17,C02,3F6,3FC45D17,
$C01,0,3FC45D17,C01,3F6,3FAE8BA3,C01,0,3FAE8BA3,C01,3F6,3FAE8BA3,C,0,
$3FAE8BA3,C,3F6,3F98BA2F,C,0,3F98BA2F,C,3F6,3F98BA2F,BFE,0,3F98BA2F,BFE,3F6,
$3F82E8BA,BFE,0,3F82E8BA,BFE,3F6,3F82E8BA,BFC,0,3F82E8BA,BFC,3F6,3F5A2E8C,
$BFC,0,3F5A2E8C,BFC,3F6,3F5A2E8C,BFA,0,3F5A2E8C,BFA,3F6,3F2E8BA3,BFA,0,
$3F2E8BA3,BFA,3F6,3F2E8BA3,BF8,0,3F2E8BA3,BF8,3F6,3F02E8BA,BF8,0,3F02E8BA,
$BF8,3F6,3F02E8BA,BF4,0,3F02E8BA,BF4,3F6,3EAE8BA3,BF4,0,3EAE8BA3,BF4,3F6,
$3EAE8BA3,BF,0,3EAE8BA3,BF,3F6,3E2E8BA3,BF,0,3E2E8BA3,BF,3F6,3E2E8BA3,BE8,0,
$3E2E8BA3,BE8,3F6
12 52 
13 61 ->
14 55 
15 56 0
15 57 0
15 58 0
10 14 2
10 15 0
9 16 -1
9 17 NULL
9 40 2
9 41 4
9 51 SB1
9 42 STEP_BLOCK
9 43 NULL
9 44 
6 45 
7 46 ->
8 47 37
8 48 -1
8 49 [4][3]
$3FF,2*0
$0,BF43611522585ED,3FEFFFFFA21C826D
$0,BFEFFFFFA21C826D,BF43611522585ED
$BFC5D1745D1745F8,BFEE16E38358728F,3FF108683BD94F05
8 50 ->
9 16 -1
9 40 2
9 41 6
9 51 SB1
9 42 STEP_BLOCK
9 43 NULL
6 45 
7 46 ->
8 47 44
8 48 -1
8 49 [4][3]
$0,3FF,0
$BFEFFFFFA21C826D,0,3F43611522585ED
$3F43611522585ED,0,3FEFFFFFA21C826D
$C0015D1745D1746,BFD4F7F747AB74D,3FE20DD86BAC97B8
8 50 ->
9 16 -1
9 40 2
9 41 2
9 51 base
9 42 NULL
9 43 NULL
6 45 
7 46 ->
8 47 58
8 48 -1
8 49 [4][3]
$2*0,BFF
$3F43611522585ED,3FEFFFFFA21C826D,0
$3FEFFFFFA21C826D,BF43611522585ED,0
$3FFD9R,BFB1CD5016B105D8,3FF4C64C4A6F916E
8 50 ->
9 16 -1
9 40 2
9 41 2
9 51 step_clamp
9 42 NULL
9 43 NULL
6 45 
7 46 ->
8 47 79
8 48 -1
8 49 [4][3]
$2*0,BFF
$BF4361152258612F,BFEFFFFFA21C826D,0
$BFEFFFFFA21C826D,3F4361152258612F,0
$3FFD9R,BFC71AB05D2A635B,BFF5F967848CCE02
8 50 ->
9 16 -1
9 40 2
9 41 2
9 51 step_clamp
9 42 NULL
9 43 NULL
#AssMrgPrt
@assem_merge_parts 1 0
0 1 ->
#END_OF_UGC
