#UGC:2 DRAWING 971 400 0 1 1 15 1800 9738 00000956 \
#- VERS 0 0                                                          \
#- HOST                                                              \
#- LINK                                                              \
#- DBID                                                              \
#- REVS 0,                                                           \
#- RELL 0,                                                           \
#- UOBJ_ID 874947037 192700552 -918709179                            \
#- MACH _Windows                                                     \
#-END_OF_UGC_HEADER
#P_OBJECT 6
@P_object 1 0
0 1 ->
@depend 2 0
1 2 [10]
2 2 
@model_name 3 10
3 3 H_ASM
@model_type 4 1
3 4 1
@revnum 5 1
3 5 19
@bom_count 6 1
3 6 1
@dep_type 7 1
3 7 4
@stamp 8 0
3 8 
@major_vers 9 0
4 9 
@vers 10 1
5 10 0
@alias_name 11 10
5 11 
@minor_vers 12 0
4 12 
@vers 13 1
5 13 0
@reason 14 10
3 14 
2 2 
3 3 BOOMBOX_GOGB
3 4 1
3 5 139565
3 6 1
3 7 4
3 8 
4 9 
5 10 0
5 11 
4 12 
5 13 0
3 14 
2 2 
3 3 CORE_BLOCK
3 4 2
3 5 435
3 6 1
3 7 -1
3 8 
4 9 
5 10 0
5 11 
4 12 
5 13 0
3 14 
2 2 
3 3 BASE_PLATE
3 4 2
3 5 1
3 6 1
3 7 -1
3 8 
4 9 
5 10 0
5 11 
4 12 
5 13 0
3 14 
2 2 
3 3 BOX_CORE_WP
3 4 2
3 5 116
3 6 1
3 7 -1
3 8 
4 9 
5 10 0
5 11 
4 12 
5 13 0
3 14 
2 2 
3 3 BEM_25S
3 4 2
3 5 28
3 6 1
3 7 -1
3 8 
4 9 
5 10 0
5 11 
4 12 
5 13 0
3 14 
2 2 
3 3 CHUCK3
3 4 2
3 5 263
3 6 1
3 7 -1
3 8 
4 9 
5 10 0
5 11 
4 12 
5 13 0
3 14 
2 2 
3 3 FIXTURE_W_VISE
3 4 1
3 5 6
3 6 1
3 7 -1
3 8 
4 9 
5 10 0
5 11 
4 12 
5 13 0
3 14 
2 2 
3 3 VISE1
3 4 2
3 5 865
3 6 1
3 7 -1
3 8 
4 9 
5 10 0
5 11 
4 12 
5 13 0
3 14 
2 2 
3 3 CSIZE
3 4 33
3 5 19
3 6 1
3 7 16
3 8 
4 9 
5 10 0
5 11 
4 12 
5 13 0
3 14 
@dep_db 15 0
1 15 ->
@usr_rev 16 0
1 16 [2]
2 16 
@name 17 10
3 17 SHANNON
@mod_time 18 0
3 18 
@tm_sec 19 1
4 19 15
@tm_min 20 1
4 20 43
@tm_hour 21 1
4 21 21
@tm_mday 22 1
4 22 6
@tm_mon 23 1
4 23 9
@tm_year 24 1
4 24 97
@action 25 1
3 25 1000
@comment 26 10
3 26 Hostname: 'DAISY'
@rel_level 27 10
3 27 
@rev_string 28 10
3 28 
2 16 
3 17 USER
3 18 
4 19 48
4 20 39
4 21 14
4 22 9
4 23 9
4 24 97
3 25 1000
3 26 Hostname: 'joker1'
3 27 
3 28 
@revnum_std 29 1
1 29 228
@flag 30 1
1 30 0
@name 31 10
1 31 NULL
@inst_hidden 32 1
1 32 0
@old_name 33 10
1 33 NULL
@appl_data 34 0
1 34 NULL
@ver_key 35 0
1 35 NULL
@last_read 36 1
1 36 -1
#END_OF_P_OBJECT
#Pro/ENGINEER  TM  Version H-01-40  (c) 1988-97 by Parametric Technology Corporation  All Rights Reserved. 9738
@Toc 37 0
0 37 ->
@entry 38 10
1 38 [128]
2 38 ################################################################################
2 38 ################################################################################
2 38 ################################################################################
2 38 ################################################################################
2 38 ################################################################################
2 38 ################################################################################
2 38 ################################################################################
2 38 ################################################################################
2 38 ################################################################################
2 38 ################################################################################
2 38 ################################################################################
2 38 ################################################################################
2 38 ################################################################################
2 38 ################################################################################
2 38 ################################################################################
2 38 ################################################################################
2 38 ################################################################################
2 38 ################################################################################
2 38 ################################################################################
2 38 ################################################################################
2 38 ################################################################################
2 38 ################################################################################
2 38 ################################################################################
2 38 ################################################################################
2 38 ################################################################################
2 38 ################################################################################
2 38 ################################################################################
2 38 ################################################################################
2 38 ################################################################################
2 38 ################################################################################
2 38 ################################################################################
2 38 ################################################################################
2 38 ################################################################################
2 38 ################################################################################
2 38 ################################################################################
2 38 ################################################################################
2 38 ################################################################################
2 38 ################################################################################
2 38 ################################################################################
2 38 ################################################################################
2 38 ################################################################################
2 38 ################################################################################
2 38 ################################################################################
2 38 ################################################################################
2 38 ################################################################################
2 38 ################################################################################
2 38 ################################################################################
2 38 ################################################################################
2 38 ################################################################################
2 38 ################################################################################
2 38 ################################################################################
2 38 ################################################################################
2 38 ################################################################################
2 38 ################################################################################
2 38 ################################################################################
2 38 ################################################################################
2 38 ################################################################################
2 38 ################################################################################
2 38 ################################################################################
2 38 ################################################################################
2 38 ################################################################################
2 38 ################################################################################
2 38 ################################################################################
2 38 ################################################################################
2 38 ################################################################################
2 38 ################################################################################
2 38 ################################################################################
2 38 ################################################################################
2 38 ################################################################################
2 38 ################################################################################
2 38 ################################################################################
2 38 ################################################################################
2 38 ################################################################################
2 38 ################################################################################
2 38 ################################################################################
2 38 ################################################################################
2 38 ################################################################################
2 38 ################################################################################
2 38 ################################################################################
2 38 ################################################################################
2 38 ################################################################################
2 38 ################################################################################
2 38 ################################################################################
2 38 ################################################################################
2 38 ################################################################################
2 38 ################################################################################
2 38 ################################################################################
2 38 ################################################################################
2 38 ################################################################################
2 38 ################################################################################
2 38 ################################################################################
2 38 ################################################################################
2 38 ################################################################################
2 38 ################################################################################
2 38 ################################################################################
2 38 ################################################################################
2 38 ################################################################################
2 38 ################################################################################
2 38 ################################################################################
2 38 ################################################################################
2 38 ################################################################################
2 38 ################################################################################
2 38 ################################################################################
2 38 ################################################################################
2 38 ################################################################################
2 38 ################################################################################
2 38 ################################################################################
2 38 ################################################################################
2 38 ################################################################################
2 38 ################################################################################
2 38 ################################################################################
2 38 ################################################################################
2 38 ################################################################################
2 38 ################################################################################
2 38 ################################################################################
2 38 ################################################################################
2 38 ################################################################################
2 38 ################################################################################
2 38 ################################################################################
2 38 ################################################################################
2 38 ################################################################################
2 38 ################################################################################
2 38 ################################################################################
2 38 ################################################################################
2 38 ################################################################################
2 38 ################################################################################
2 38 ################################################################################
2 38 ################################################################################
@Models 39 0
0 39 
@model_names 40 10
1 40 [2]
2 40 H_ASM.ASM
2 40 BOOMBOX_GOGB.ASM
@Master_rep_ref 41 0
0 41 
@master_rep_ref 42 1
1 42 [2]
$1,0
@Drawing 43 0
0 43 ->
@type 44 1
1 44 4
@draw_type 45 1
1 45 0
@sheet(parent) 46 0
1 46 ->
@type 47 1
2 47 51
@id 48 1
2 48 0
@draft_ptr 49 0
1 49 ->
@draft_setup_ptr 50 0
2 50 ->
@grid_displayed 51 1
3 51 0
@grid 52 0
3 52 
@grid_type 53 1
4 53 0
@origin 54 2
4 54 [3]
$3*0
@grid_params(cart_params) 55 0
4 55 
@x_spacing 56 2
5 56 3FF
@y_spacing 57 2
5 57 3FF
@angle 58 2
4 58 0
@last_ent_id 59 1
2 59 -1
@tol_default_ptr 60 0
2 60 ->
@type 61 1
3 61 10
@value 62 2
3 62 [7]
$0,3FB9R,3F847AE147AE147B,3F50624DD2F1A9FC,3F1A36E2EB1C432D,
$3EE4F8B588E368F1,3EB0C6F7A0B5ED8E
@ang_value 63 2
3 63 [7]
$0,6*3FE
@standard 64 1
3 64 0
@iso_tol_tbls_ptr 65 0
3 65 NULL
@setup_ptr 66 0
1 66 ->
@txt_hgt_ptr 67 0
2 67 ->
@txt_hgt_units 68 1
3 68 0
@dim_txt_hgt 69 2
3 69 0
@note_txt_hgt 70 2
3 70 0
@tol_txt_hgt_factor 71 2
3 71 BFF
@frm_txt_hgt 72 2
3 72 3FC4
@slant_txt_ang 73 2
3 73 0
@tol_txt_width_factor 74 2
3 74 BFF
@txt_width_factor 75 2
3 75 3FE9R
@txt_thickness 76 2
3 76 0
@len_gap_ptr 77 0
2 77 ->
@arrow_length 78 2
3 78 3FC8
@arrow_width 79 2
3 79 3FB
@arrow_style 80 1
3 80 2
@dim_txt_gap 81 2
3 81 3FE
@wit_line_gap 82 2
3 82 3FB
@wit_line_delta 83 2
3 83 3FC
@leader_elbow 84 2
3 84 3FD
@dim_lead_len 85 2
3 85 3FE
@cline_offset 86 2
3 86 3FB9R
@sline_offset 87 2
3 87 3FB9R
@cut_line_seg 88 2
3 88 0
@dot_diameter 89 2
3 89 BFF
@att_sym_width 90 2
3 90 BFF
@att_sym_height 91 2
3 91 BFF
@dim_style_ptr 92 0
2 92 ->
@txt_orient 93 1
3 93 0
@orddim_txt_orient 94 1
3 94 0
@decimal_marker 95 1
3 95 2
@dual_dim 96 1
3 96 0
@dual_sec_units 97 1
3 97 11
@dual_dig_diff 98 1
3 98 -1
@dual_brackets 99 1
3 99 1
@iso_dim_placement 100 1
3 100 1
@ang_units 101 1
3 101 0
@lead_trl_zeros 102 1
3 102 40
@ref_dim_disp 103 1
3 103 0
@tol_display 104 1
3 104 0
@draft_scale 105 2
3 105 3FF
@associative_dims 106 1
3 106 0
@clip_dims 107 1
3 107 1
@blank_zero_tol 108 1
3 108 0
@gtol_dim_placement 109 1
3 109 0
@ord_dim_standard 110 1
3 110 1
@allow_3d_dims 111 1
3 111 0
@default_dim_elbows 112 1
3 112 1
@angdim_txt_orient 113 1
3 113 1
@iso_ordinate_delta 114 1
3 114 0
@model_digits_in_region 115 1
3 115 0
@view_disp_ptr 116 0
2 116 ->
@proj_type 117 1
3 117 0
@xsec_arr_style 118 1
3 118 1
@xsec_txt_place 119 1
3 119 2
@dtl_circle 120 1
3 120 1
@broken_view_offset 121 2
3 121 3FF
@xsec_arr_len 122 2
3 122 3FC8
@xsec_arr_width 123 2
3 123 3FB
@mesh_surf_lines 124 1
3 124 1
@cutting_line 125 1
3 125 0
@cutting_line_adapt 126 1
3 126 0
@view_note 127 1
3 127 0
@half_view_line 128 1
3 128 2
@scale_format 129 1
3 129 0
@scale_denominator 130 1
3 130 0
@view_disp_attr 131 1
3 131 2
@thread_standard 132 1
3 132 1
@dtl_circle_style 133 0
3 133 
@font 134 1
4 134 1
@txt_thickness 135 2
3 135 0
@txt_height 136 2
3 136 0
@disp_unfold_seam 137 1
3 137 1
@gtol_disp_ptr 138 0
2 138 ->
@dtm_disp_style 139 1
3 139 0
@fcs_disp_style 140 1
3 140 0
@new_iso_set_datums 141 1
3 141 0
@surffin_disp_ptr 142 0
2 142 ->
@surffin_disp_style 143 1
3 143 0
@unit_ptr 144 0
2 144 ->
@type 145 1
3 145 1
@factor 146 2
3 146 3FF
@name 147 10
3 147 INCH
@unit_type 148 1
3 148 0
@font_names 149 0
2 149 [2]
3 149 
@relat 150 10
4 150 font
3 149 
4 150 filled
@misc_flag 151 1
2 151 [2]
$889,0
@note_disp_ptr 152 0
2 152 ->
@min_balloon_radius 153 2
3 153 0
@max_balloon_radius 154 2
3 154 0
@mdl_grid_prefix 155 10
3 155 -
@grid_balloon_radius 156 2
3 156 3FC9R
@mdl_grid_num_dig 157 1
3 157 0
@bom_balloon_ldr_sym 158 1
3 158 2
@bool_param_disp 159 1
3 159 1
@sym_disp_ptr 160 0
2 160 ->
@sym_flip_rotated_text 161 1
3 161 0
@cblinf_setup_ptr 162 0
2 162 ->
@show_terminators 163 1
3 163 1
@location_radius 164 2
3 164 4
@hlr_for_thread 165 1
2 165 0
@dgm_setup_ptr 166 0
2 166 ->
@def_wire_label 167 10
3 167 NULL
@def_cable_label 168 10
3 168 NULL
@def_wire_break_label 169 10
3 169 NULL
@def_rail_label 170 10
3 170 NULL
@wire_notes_above 171 1
3 171 0
@rail_notes_above 172 1
3 172 0
@node_radius 173 2
3 173 BFF
@rail_node_radius 174 2
3 174 0
@default_wire_line_style 175 10
3 175 NULL
@default_highway_line_style 176 10
3 176 NULL
@default_rail_line_style 177 10
3 177 NULL
@default_wire_label_style 178 10
3 178 NULL
@default_rail_label_style 179 10
3 179 NULL
@def_para_conn_text_height 180 2
3 180 0
@wire_default_increment 181 1
3 181 0
@cable_default_increment 182 1
3 182 0
@break_point_size 183 2
3 183 0
@pc_node_label 184 10
3 184 NULL
@wire_default_prefix 185 10
3 185 NULL
@wire_default_suffix 186 10
3 186 NULL
@cable_default_prefix 187 10
3 187 NULL
@cable_default_suffix 188 10
3 188 NULL
@hway_default_prefix 189 10
3 189 NULL
@hway_default_suffix 190 10
3 190 NULL
@hway_notes_above 191 1
3 191 0
@def_hway_label 192 10
3 192 NULL
@hway_default_increment 193 1
3 193 0
@default_hway_label_style 194 10
3 194 NULL
@line_style_std 195 1
2 195 0
@chamf_45deg_style 196 1
2 196 0
@weld_symbol_standard 197 1
2 197 1
@datum_point_shape 198 1
2 198 1
@datum_point_size 199 2
2 199 3FD4
@hidden_tangent_edges 200 1
2 200 0
@bug_fix_display_version 201 2
2 201 403219R
@emergency_int_1 202 1
2 202 0
@emergency_int_2 203 1
2 203 0
@emergency_int_3 204 1
2 204 0
@emergency_int_4 205 1
2 205 0
@emergency_int_5 206 1
2 206 0
@emergency_dbl_1 207 2
2 207 0
@emergency_dbl_2 208 2
2 208 0
@emergency_dbl_3 209 2
2 209 0
@emergency_dbl_4 210 2
2 210 0
@emergency_dbl_5 211 2
2 211 0
@dim_notes 212 0
1 212 [405]
2 212 ->
@type 213 1
3 213 12
@attributes 214 1
3 214 143
@line_array 215 0
3 215 [1]
4 215 
@text_array 216 0
5 216 [1]
6 216 
@text_type 217 1
7 217 18
@text_value 218 10
7 218 ITEM
@height 219 2
7 219 3FD3R
@width_factor 220 2
7 220 3FE9R
@format_info 221 0
7 221 
@note_ldr 222 0
3 222 ->
@ldr_attrib 223 1
4 223 0
@note_att 224 0
4 224 ->
@type 225 1
5 225 30
@attach_id 226 1
5 226 0
@point 227 2
5 227 [3]
$3*0
@gen_info 228 0
3 228 
@color 229 1
4 229 10
@line_spacing 230 2
3 230 3FE
2 212 ->
3 213 12
3 214 143
3 215 [1]
4 215 
5 216 [1]
6 216 
7 217 18
7 218 DESCRIPTION
7 219 3FD3R
7 220 3FE9R
7 221 
3 222 ->
4 223 0
4 224 ->
5 225 30
5 226 0
@index 231 1
5 231 [2]
$0,1
5 227 [3]
$3*0
3 228 
4 229 10
3 230 3FE
2 212 ->
3 213 12
3 214 143
3 215 [1]
4 215 
5 216 [1]
6 216 
7 217 18
7 218 QTY
7 219 3FD3R
7 220 3FE9R
7 221 
3 222 ->
4 223 0
4 224 ->
5 225 30
5 226 0
5 231 [2]
$0,2
5 227 [3]
$3*0
3 228 
4 229 10
3 230 3FE
2 212 ->
3 213 12
3 214 143
3 215 [1]
4 215 
5 216 [1]
6 216 
7 217 77
7 218 1
@owner_id 232 1
7 232 0
7 219 3FD3R
7 220 3FE9R
7 221 
3 222 ->
4 223 0
4 224 ->
5 225 30
5 226 0
5 231 [2]
$1,0
5 227 [3]
$3*0
3 228 
2 212 ->
3 213 12
3 214 143
3 215 [1]
4 215 
5 216 [1]
6 216 
7 217 77
7 218 BOX_CORE_WP
7 232 1
7 219 3FD3R
7 220 3FE9R
7 221 
3 222 ->
4 223 0
4 224 ->
5 225 30
5 226 0
5 231 [2]
$2*1
5 227 [3]
$3*0
3 228 
2 212 ->
3 213 12
3 214 143
3 215 [1]
4 215 
5 216 [1]
6 216 
7 217 77
7 218 1
7 232 2
7 219 3FD3R
7 220 3FE9R
7 221 
3 222 ->
4 223 0
4 224 ->
5 225 30
5 226 0
5 231 [2]
$1,2
5 227 [3]
$3*0
3 228 
2 212 ->
3 213 12
3 214 262287
3 215 [1]
4 215 
5 216 [1]
6 216 
7 217 77
7 218 2
7 232 0
7 219 3FD3R
7 220 3FE9R
7 221 
3 222 ->
4 223 0
4 224 ->
5 225 30
5 226 0
5 231 [2]
$2,0
5 227 [3]
$3*0
3 228 
2 212 ->
3 213 12
3 214 262287
3 215 [1]
4 215 
5 216 [1]
6 216 
7 217 77
7 218 CORE_BLOCK
7 232 1
7 219 3FD3R
7 220 3FE9R
7 221 
3 222 ->
4 223 0
4 224 ->
5 225 30
5 226 0
5 231 [2]
$2,1
5 227 [3]
$3*0
3 228 
2 212 ->
3 213 12
3 214 262287
3 215 [1]
4 215 
5 216 [1]
6 216 
7 217 77
7 218 1
7 232 2
7 219 3FD3R
7 220 3FE9R
7 221 
3 222 ->
4 223 0
4 224 ->
5 225 30
5 226 0
5 231 [2]
$2*2
5 227 [3]
$3*0
3 228 
2 212 NULL
2 212 ->
3 213 12
3 214 262287
3 215 [1]
4 215 
5 216 [1]
6 216 
7 217 77
7 218 3
7 232 0
7 219 3FD3R
7 220 3FE9R
7 221 
3 222 ->
4 223 0
4 224 ->
5 225 30
5 226 0
5 231 [2]
$3,0
5 227 [3]
$3*0
3 228 
2 212 ->
3 213 12
3 214 262287
3 215 [1]
4 215 
5 216 [1]
6 216 
7 217 77
7 218 FIXTURE_W_VISE
7 232 1
7 219 3FD3R
7 220 3FE9R
7 221 
3 222 ->
4 223 0
4 224 ->
5 225 30
5 226 0
5 231 [2]
$3,1
5 227 [3]
$3*0
3 228 
2 212 ->
3 213 12
3 214 262287
3 215 [1]
4 215 
5 216 [1]
6 216 
7 217 77
7 218 1
7 232 2
7 219 3FD3R
7 220 3FE9R
7 221 
3 222 ->
4 223 0
4 224 ->
5 225 30
5 226 0
5 231 [2]
$3,2
5 227 [3]
$3*0
3 228 
2 212 NULL
2 212 NULL
2 212 NULL
2 212 NULL
2 212 NULL
2 212 NULL
2 212 NULL
2 212 NULL
2 212 NULL
2 212 NULL
2 212 NULL
2 212 NULL
2 212 NULL
2 212 NULL
2 212 NULL
2 212 NULL
2 212 NULL
2 212 NULL
2 212 NULL
2 212 NULL
2 212 NULL
2 212 NULL
2 212 NULL
2 212 NULL
2 212 NULL
2 212 NULL
2 212 NULL
2 212 NULL
2 212 NULL
2 212 NULL
2 212 NULL
2 212 NULL
2 212 NULL
2 212 NULL
2 212 NULL
2 212 NULL
2 212 NULL
2 212 NULL
2 212 NULL
2 212 NULL
2 212 NULL
2 212 NULL
2 212 NULL
2 212 NULL
2 212 NULL
2 212 NULL
2 212 NULL
2 212 NULL
2 212 NULL
2 212 NULL
2 212 NULL
2 212 NULL
2 212 NULL
2 212 NULL
2 212 NULL
2 212 NULL
2 212 NULL
2 212 NULL
2 212 NULL
2 212 NULL
2 212 NULL
2 212 NULL
2 212 NULL
2 212 NULL
2 212 NULL
2 212 NULL
2 212 NULL
2 212 NULL
2 212 NULL
2 212 NULL
2 212 NULL
2 212 NULL
2 212 NULL
2 212 NULL
2 212 NULL
2 212 NULL
2 212 NULL
2 212 NULL
2 212 NULL
2 212 NULL
2 212 NULL
2 212 NULL
2 212 NULL
2 212 NULL
2 212 NULL
2 212 NULL
2 212 NULL
2 212 NULL
2 212 NULL
2 212 NULL
2 212 NULL
2 212 NULL
2 212 NULL
2 212 NULL
2 212 NULL
2 212 NULL
2 212 NULL
2 212 NULL
2 212 NULL
2 212 NULL
2 212 NULL
2 212 NULL
2 212 NULL
2 212 NULL
2 212 NULL
2 212 NULL
2 212 NULL
2 212 NULL
2 212 NULL
2 212 NULL
2 212 NULL
2 212 NULL
2 212 NULL
2 212 NULL
2 212 NULL
2 212 NULL
2 212 NULL
2 212 NULL
2 212 NULL
2 212 NULL
2 212 NULL
2 212 NULL
2 212 NULL
2 212 NULL
2 212 NULL
2 212 NULL
2 212 NULL
2 212 NULL
2 212 NULL
2 212 NULL
2 212 NULL
2 212 NULL
2 212 NULL
2 212 NULL
2 212 NULL
2 212 NULL
2 212 NULL
2 212 NULL
2 212 NULL
2 212 NULL
2 212 NULL
2 212 NULL
2 212 NULL
2 212 NULL
2 212 NULL
2 212 NULL
2 212 NULL
2 212 NULL
2 212 NULL
2 212 NULL
2 212 NULL
2 212 NULL
2 212 NULL
2 212 NULL
2 212 NULL
2 212 NULL
2 212 NULL
2 212 NULL
2 212 NULL
2 212 NULL
2 212 NULL
2 212 NULL
2 212 ->
3 213 11
3 214 13
3 215 [1]
4 215 
5 216 [2]
6 216 
7 217 18
7 218 SCALE  
@part_id 233 1
7 233 7
7 221 
6 216 
7 217 52
7 218 1.200
7 233 7
7 221 
3 222 ->
4 223 0
4 224 ->
5 225 14
5 226 0
@att_offsets 234 0
5 234 [2]
6 234 ->
@offset_type 235 1
7 235 9
@offset 236 2
7 236 3FE
6 234 ->
7 235 10
7 236 C08130D391FBC4C1
@view_id 237 1
5 237 7
5 227 [3]
$406946F35B149BE6,4058A9C6ADA6040F,0
3 228 
2 212 NULL
2 212 ->
3 213 1
3 214 15
3 215 [3]
4 215 
5 216 [1]
6 216 
7 217 18
7 218 Toolpath #2 Semi-finishes the top surface
7 219 3FC5C28F5C28F5C3
7 221 
4 215 
5 216 [1]
6 216 
7 217 18
7 218 of the core.  Feed rate can probably be
7 219 3FC5C28F5C28F5C3
7 221 
4 215 
5 216 [1]
6 216 
7 217 18
7 218 increased at the machine.
7 219 3FC5C28F5C28F5C3
7 221 
3 222 ->
4 223 0
4 224 ->
5 225 14
5 226 0
5 234 [2]
6 234 ->
7 235 9
7 236 407CD0E239C07449
6 234 ->
7 235 10
7 236 4072C59635E5DFC
5 237 11
5 227 [3]
$407CD0E239C07449,4072C59635E5DFC,0
@ext_model_id 238 1
5 238 7
@ldr_paths 239 0
4 239 [2]
5 239 NULL
5 239 ->
@end_att 240 0
6 240 ->
7 225 1
7 226 1107296683
@member_id_tab 241 1
7 241 [1]
8 241 2
7 234 [1]
8 234 ->
9 235 0
9 236 3FC9FC2D06B0DD06
7 237 12
7 227 [3]
$4076250FC6FE5265,40700C9B53257C5,0
@attribute 242 1
7 242 513
7 238 10
3 228 
4 229 11
3 230 3FE
2 212 ->
3 213 11
3 214 13
3 215 [1]
4 215 
5 216 [2]
6 216 
7 217 18
7 218 SCALE  
7 233 10
7 219 3FD3R
7 221 
6 216 
7 217 52
7 218 0.430
7 233 10
7 219 3FD3R
7 221 
3 222 ->
4 223 0
4 224 ->
5 225 14
5 226 0
5 234 [2]
6 234 ->
7 235 9
7 236 3FED366849A35EFC
6 234 ->
7 235 10
7 236 C087362508E4B426
5 237 9
5 227 [3]
$40867F2562FB4D4F,406D0CEF222F51C4,0
3 228 
2 212 ->
3 213 7
3 214 15
3 215 [1]
4 215 
5 216 [1]
6 216 
7 217 80
7 218  1 
7 232 75
@aux_id 243 1
7 243 0
7 233 11
7 219 3FD3R
7 221 
3 222 ->
4 223 1
4 224 ->
5 225 14
5 226 0
5 234 [3]
6 234 ->
7 235 9
7 236 40A1C6E9F37CEF6A
6 234 ->
7 235 10
7 236 3FEE64C010436FE2
6 234 ->
7 235 23
7 236 40388BA2E8BA2E8A
5 237 9
5 227 [3]
$408BC11A908CE691,408653EB8B1E41BD,0
4 239 [1]
5 239 ->
6 240 ->
7 225 1
7 226 86
7 241 [1]
8 241 2
7 234 [1]
8 234 ->
9 235 0
9 236 3FEC47677327BF34
7 237 9
7 227 [3]
$40851F7D33227F2R,40856785B884466A,0
7 242 1
7 238 10
3 228 
2 212 ->
3 213 7
3 214 15
3 215 [1]
4 215 
5 216 [1]
6 216 
7 217 80
7 218  2 
7 232 371
7 243 0
7 233 2
7 219 3FD3R
7 221 
3 222 ->
4 223 1
4 224 ->
5 225 14
5 226 0
5 234 [3]
6 234 ->
7 235 9
7 236 C09535F9AC40753F
6 234 ->
7 235 10
7 236 3FC97834FFC981B1
6 234 ->
7 235 23
7 236 40388BA2E8BA2E8A
5 237 9
5 227 [3]
$405AB152E75958DA,4076B70E181312B1,0
4 239 [1]
5 239 ->
6 240 ->
7 225 1
7 226 115
7 241 [1]
8 241 1
7 234 [1]
8 234 ->
9 235 0
9 236 3FE4D34D34D34D35
7 237 9
7 227 [3]
$407A9092E6D34C1E,40804FECE34C1F6C,0
7 242 1
7 238 10
3 228 
2 212 ->
3 213 7
3 214 15
3 215 [1]
4 215 
5 216 [1]
6 216 
7 217 80
7 218  3 
7 232 9600
7 243 0
7 233 4
7 219 3FD3R
7 221 
3 222 ->
4 223 1
4 224 ->
5 225 14
5 226 0
5 234 [3]
6 234 ->
7 235 9
7 236 C097AE5D177AE88C
6 234 ->
7 235 10
7 236 3FEB83CCD9CF8CB3
6 234 ->
7 235 23
7 236 40388BA2E8BA2E8A
5 237 9
5 227 [3]
$4058ABA5D5D2940F,4085036E3FB9DB6C,0
4 239 [1]
5 239 ->
6 240 ->
7 225 1
7 226 9746
7 241 [2]
$6,1
7 234 [1]
8 234 ->
9 235 0
9 236 3FE784A19CEA2DAR
7 237 9
7 227 [3]
$406D9E94F696274,408272E80D924ADB,0
7 242 1
7 238 10
3 228 
2 212 ->
3 213 11
3 214 13
3 215 [1]
4 215 
5 216 [2]
6 216 
7 217 18
7 218 SCALE  
7 233 10
7 221 
6 216 
7 217 52
7 218 0.200
7 233 10
7 221 
3 222 ->
4 223 0
4 224 ->
5 225 14
5 226 0
5 234 [2]
6 234 ->
7 235 9
7 236 3FEA476121B56978
6 234 ->
7 235 10
7 236 3FBE6F72E8AD08FA
5 237 10
5 227 [3]
$408A2FE7A2F7A7A8,405B5D3139F7C116,0
3 228 
2 212 NULL
2 212 NULL
2 212 NULL
2 212 NULL
2 212 NULL
2 212 NULL
2 212 NULL
2 212 NULL
2 212 NULL
2 212 NULL
2 212 NULL
2 212 NULL
2 212 NULL
2 212 NULL
2 212 NULL
2 212 NULL
2 212 NULL
2 212 NULL
2 212 NULL
2 212 NULL
2 212 NULL
2 212 NULL
2 212 NULL
2 212 NULL
2 212 NULL
2 212 NULL
2 212 NULL
2 212 NULL
2 212 NULL
2 212 NULL
2 212 NULL
2 212 NULL
2 212 NULL
2 212 NULL
2 212 NULL
2 212 NULL
2 212 NULL
2 212 NULL
2 212 NULL
2 212 NULL
2 212 NULL
2 212 NULL
2 212 NULL
2 212 NULL
2 212 NULL
2 212 NULL
2 212 NULL
2 212 NULL
2 212 NULL
2 212 NULL
2 212 NULL
2 212 NULL
2 212 NULL
2 212 NULL
2 212 NULL
2 212 NULL
2 212 NULL
2 212 NULL
2 212 NULL
2 212 NULL
2 212 NULL
2 212 NULL
2 212 NULL
2 212 NULL
2 212 NULL
2 212 NULL
2 212 NULL
2 212 NULL
2 212 NULL
2 212 NULL
2 212 NULL
2 212 NULL
2 212 NULL
2 212 NULL
2 212 NULL
2 212 NULL
2 212 NULL
2 212 NULL
2 212 NULL
2 212 NULL
2 212 NULL
2 212 NULL
2 212 NULL
2 212 NULL
2 212 NULL
2 212 NULL
2 212 NULL
2 212 NULL
2 212 NULL
2 212 NULL
2 212 NULL
2 212 NULL
2 212 NULL
2 212 NULL
2 212 NULL
2 212 NULL
2 212 NULL
2 212 NULL
2 212 NULL
2 212 NULL
2 212 NULL
2 212 NULL
2 212 NULL
2 212 NULL
2 212 NULL
2 212 NULL
2 212 NULL
2 212 NULL
2 212 NULL
2 212 NULL
2 212 NULL
2 212 NULL
2 212 NULL
2 212 NULL
2 212 NULL
2 212 NULL
2 212 NULL
2 212 NULL
2 212 NULL
2 212 NULL
2 212 NULL
2 212 ->
3 213 12
3 214 271
3 215 [1]
4 215 
5 216 [1]
6 216 
7 217 18
7 218 OPER
7 219 3FC4
7 220 3FE9R
7 221 
3 222 ->
4 223 0
4 224 ->
5 225 30
5 226 9
5 237 11
5 227 [3]
$0,C041C1745D1745D,0
3 228 
4 229 10
3 230 3FE
2 212 ->
3 213 12
3 214 271
3 215 [1]
4 215 
5 216 [1]
6 216 
7 217 18
7 218 TOOLPATH SEQUENCE
7 219 3FC4
7 220 3FE9R
7 221 
3 222 ->
4 223 0
4 224 ->
5 225 30
5 226 9
5 231 [2]
$0,1
5 237 11
5 227 [3]
$0,C041C1745D1745D,0
3 228 
4 229 10
3 230 3FE
2 212 ->
3 213 12
3 214 271
3 215 [1]
4 215 
5 216 [1]
6 216 
7 217 18
7 218 TOOLS
7 219 3FC4
7 220 3FE9R
7 221 
3 222 ->
4 223 0
4 224 ->
5 225 30
5 226 9
5 231 [2]
$0,2
5 237 11
5 227 [3]
$0,C041C1745D1745D,0
3 228 
4 229 10
3 230 3FE
2 212 ->
3 213 12
3 214 271
3 215 [2]
4 215 
5 216 [1]
6 216 
7 217 18
7 218 FEED
7 219 3FC4
7 220 3FE9R
7 221 
4 215 
5 216 [1]
6 216 
7 217 18
7 218 RATE
7 219 3FC4
7 220 3FE9R
7 221 
3 222 ->
4 223 0
4 224 ->
5 225 30
5 226 9
5 231 [2]
$0,3
5 237 11
5 227 [3]
$0,C041C1745D1745D,0
3 228 
4 229 10
3 230 3FE
2 212 ->
3 213 12
3 214 271
3 215 [2]
4 215 
5 216 [1]
6 216 
7 217 18
7 218 SPINDLE
7 219 3FC4
7 220 3FE9R
7 221 
4 215 
5 216 [1]
6 216 
7 217 18
7 218 SPEED
7 219 3FC4
7 220 3FE9R
7 221 
3 222 ->
4 223 0
4 224 ->
5 225 30
5 226 9
5 231 [2]
$0,4
5 237 11
5 227 [3]
$0,C041C1745D1745D,0
3 228 
4 229 10
3 230 3FE
2 212 ->
3 213 12
3 214 783
3 215 [1]
4 215 
5 216 [1]
6 216 
7 217 77
7 218 OP010
7 232 3
7 219 3FC4
7 220 3FE9R
7 221 
3 222 ->
4 223 0
4 224 ->
5 225 30
5 226 9
5 231 [2]
$1,0
5 237 11
5 227 [3]
$0,C041C1745D1745D,0
3 228 
2 212 ->
3 213 12
3 214 1295
3 215 [1]
4 215 
5 216 [1]
6 216 
7 217 77
7 218 ROUGH_VOLUME
7 232 8
7 219 3FC4
7 220 3FE9R
7 221 
3 222 ->
4 223 0
4 224 ->
5 225 30
5 226 9
5 231 [2]
$2*1
5 237 11
5 227 [3]
$0,C041C1745D1745D,0
3 228 
2 212 ->
3 213 12
3 214 783
3 215 [1]
4 215 
5 216 [1]
6 216 
7 217 77
7 218 1_0FEM
7 232 9
7 219 3FC4
7 220 3FE9R
7 221 
3 222 ->
4 223 0
4 224 ->
5 225 30
5 226 9
5 231 [2]
$1,2
5 237 11
5 227 [3]
$0,C041C1745D1745D,0
3 228 
2 212 ->
3 213 12
3 214 1295
3 215 [1]
4 215 
5 216 [1]
6 216 
7 217 77
7 218 35.000
7 232 10
7 219 3FC4
7 220 3FE9R
7 221 
3 222 ->
4 223 0
4 224 ->
5 225 30
5 226 9
5 231 [2]
$1,3
5 237 11
5 227 [3]
$0,C041C1745D1745D,0
3 228 
2 212 ->
3 213 12
3 214 783
3 215 [1]
4 215 
5 216 [1]
6 216 
7 217 77
7 218 2500.000
7 232 11
7 219 3FC4
7 220 3FE9R
7 221 
3 222 ->
4 223 0
4 224 ->
5 225 30
5 226 9
5 231 [2]
$1,4
5 237 11
5 227 [3]
$0,C041C1745D1745D,0
3 228 
2 212 ->
3 213 12
3 214 263439
3 215 [1]
4 215 
5 216 [1]
6 216 
7 217 77
7 218 CONV_ROUGH
7 232 8
7 219 3FC4
7 220 3FE9R
7 221 
3 222 ->
4 223 0
4 224 ->
5 225 30
5 226 9
5 231 [2]
$2,1
5 237 11
5 227 [3]
$0,C041C1745D1745D,0
3 228 
2 212 ->
3 213 12
3 214 262927
3 215 [1]
4 215 
5 216 [1]
6 216 
7 217 77
7 218 0_5BEM
7 232 9
7 219 3FC4
7 220 3FE9R
7 221 
3 222 ->
4 223 0
4 224 ->
5 225 30
5 226 9
5 231 [2]
$2*2
5 237 11
5 227 [3]
$0,C041C1745D1745D,0
3 228 
2 212 ->
3 213 12
3 214 263439
3 215 [1]
4 215 
5 216 [1]
6 216 
7 217 77
7 218 30.000
7 232 10
7 219 3FC4
7 220 3FE9R
7 221 
3 222 ->
4 223 0
4 224 ->
5 225 30
5 226 9
5 231 [2]
$2,3
5 237 11
5 227 [3]
$0,C041C1745D1745D,0
3 228 
2 212 ->
3 213 12
3 214 262927
3 215 [1]
4 215 
5 216 [1]
6 216 
7 217 77
7 218 2500.000
7 232 11
7 219 3FC4
7 220 3FE9R
7 221 
3 222 ->
4 223 0
4 224 ->
5 225 30
5 226 9
5 231 [2]
$2,4
5 237 11
5 227 [3]
$0,C041C1745D1745D,0
3 228 
2 212 ->
3 213 12
3 214 263439
3 215 [1]
4 215 
5 216 [1]
6 216 
7 217 77
7 218 CONV_FINISH
7 232 8
7 219 3FC4
7 220 3FE9R
7 221 
3 222 ->
4 223 0
4 224 ->
5 225 30
5 226 9
5 231 [2]
$3,1
5 237 11
5 227 [3]
$0,C041C1745D1745D,0
3 228 
2 212 ->
3 213 12
3 214 262927
3 215 [1]
4 215 
5 216 [1]
6 216 
7 217 77
7 218 0_5BEM
7 232 9
7 219 3FC4
7 220 3FE9R
7 221 
3 222 ->
4 223 0
4 224 ->
5 225 30
5 226 9
5 231 [2]
$3,2
5 237 11
5 227 [3]
$0,C041C1745D1745D,0
3 228 
2 212 ->
3 213 12
3 214 263439
3 215 [1]
4 215 
5 216 [1]
6 216 
7 217 77
7 218 30.000
7 232 10
7 219 3FC4
7 220 3FE9R
7 221 
3 222 ->
4 223 0
4 224 ->
5 225 30
5 226 9
5 231 [2]
$2*3
5 237 11
5 227 [3]
$0,C041C1745D1745D,0
3 228 
2 212 ->
3 213 12
3 214 262927
3 215 [1]
4 215 
5 216 [1]
6 216 
7 217 77
7 218 2500.000
7 232 11
7 219 3FC4
7 220 3FE9R
7 221 
3 222 ->
4 223 0
4 224 ->
5 225 30
5 226 9
5 231 [2]
$3,4
5 237 11
5 227 [3]
$0,C041C1745D1745D,0
3 228 
2 212 ->
3 213 12
3 214 263439
3 215 [1]
4 215 
5 216 [1]
6 216 
7 217 77
7 218 PRE_DRILL
7 232 8
7 219 3FC4
7 220 3FE9R
7 221 
3 222 ->
4 223 0
4 224 ->
5 225 30
5 226 9
5 231 [2]
$4,1
5 237 11
5 227 [3]
$0,C041C1745D1745D,0
3 228 
2 212 ->
3 213 12
3 214 262927
3 215 [1]
4 215 
5 216 [1]
6 216 
7 217 77
7 218 0_5DRILL
7 232 9
7 219 3FC4
7 220 3FE9R
7 221 
3 222 ->
4 223 0
4 224 ->
5 225 30
5 226 9
5 231 [2]
$4,2
5 237 11
5 227 [3]
$0,C041C1745D1745D,0
3 228 
2 212 ->
3 213 12
3 214 263439
3 215 [1]
4 215 
5 216 [1]
6 216 
7 217 77
7 218 10.000
7 232 10
7 219 3FC4
7 220 3FE9R
7 221 
3 222 ->
4 223 0
4 224 ->
5 225 30
5 226 9
5 231 [2]
$4,3
5 237 11
5 227 [3]
$0,C041C1745D1745D,0
3 228 
2 212 ->
3 213 12
3 214 262927
3 215 [1]
4 215 
5 216 [1]
6 216 
7 217 77
7 218 3500.000
7 232 11
7 219 3FC4
7 220 3FE9R
7 221 
3 222 ->
4 223 0
4 224 ->
5 225 30
5 226 9
5 231 [2]
$2*4
5 237 11
5 227 [3]
$0,C041C1745D1745D,0
3 228 
2 212 ->
3 213 12
3 214 263439
3 215 [1]
4 215 
5 216 [1]
6 216 
7 217 77
7 218 HELICAL_HOLE1
7 232 8
7 219 3FC4
7 220 3FE9R
7 221 
3 222 ->
4 223 0
4 224 ->
5 225 30
5 226 9
5 231 [2]
$5,1
5 237 11
5 227 [3]
$0,C041C1745D1745D,0
3 228 
2 212 ->
3 213 12
3 214 262927
3 215 [1]
4 215 
5 216 [1]
6 216 
7 217 77
7 218 0_25FEM
7 232 9
7 219 3FC4
7 220 3FE9R
7 221 
3 222 ->
4 223 0
4 224 ->
5 225 30
5 226 9
5 231 [2]
$5,2
5 237 11
5 227 [3]
$0,C041C1745D1745D,0
3 228 
2 212 ->
3 213 12
3 214 263439
3 215 [1]
4 215 
5 216 [1]
6 216 
7 217 77
7 218 30.000
7 232 10
7 219 3FC4
7 220 3FE9R
7 221 
3 222 ->
4 223 0
4 224 ->
5 225 30
5 226 9
5 231 [2]
$5,3
5 237 11
5 227 [3]
$0,C041C1745D1745D,0
3 228 
2 212 ->
3 213 12
3 214 262927
3 215 [1]
4 215 
5 216 [1]
6 216 
7 217 77
7 218 4500.000
7 232 11
7 219 3FC4
7 220 3FE9R
7 221 
3 222 ->
4 223 0
4 224 ->
5 225 30
5 226 9
5 231 [2]
$5,4
5 237 11
5 227 [3]
$0,C041C1745D1745D,0
3 228 
2 212 ->
3 213 12
3 214 263439
3 215 [1]
4 215 
5 216 [1]
6 216 
7 217 77
7 218 HELICAL_HOLE2
7 232 8
7 219 3FC4
7 220 3FE9R
7 221 
3 222 ->
4 223 0
4 224 ->
5 225 30
5 226 9
5 231 [2]
$6,1
5 237 11
5 227 [3]
$0,C041C1745D1745D,0
3 228 
2 212 ->
3 213 12
3 214 262927
3 215 [1]
4 215 
5 216 [1]
6 216 
7 217 77
7 218 0_25FEM
7 232 9
7 219 3FC4
7 220 3FE9R
7 221 
3 222 ->
4 223 0
4 224 ->
5 225 30
5 226 9
5 231 [2]
$6,2
5 237 11
5 227 [3]
$0,C041C1745D1745D,0
3 228 
2 212 ->
3 213 12
3 214 263439
3 215 [1]
4 215 
5 216 [1]
6 216 
7 217 77
7 218 30.000
7 232 10
7 219 3FC4
7 220 3FE9R
7 221 
3 222 ->
4 223 0
4 224 ->
5 225 30
5 226 9
5 231 [2]
$6,3
5 237 11
5 227 [3]
$0,C041C1745D1745D,0
3 228 
2 212 ->
3 213 12
3 214 262927
3 215 [1]
4 215 
5 216 [1]
6 216 
7 217 77
7 218 4500.000
7 232 11
7 219 3FC4
7 220 3FE9R
7 221 
3 222 ->
4 223 0
4 224 ->
5 225 30
5 226 9
5 231 [2]
$6,4
5 237 11
5 227 [3]
$0,C041C1745D1745D,0
3 228 
2 212 ->
3 213 12
3 214 263439
3 215 [1]
4 215 
5 216 [1]
6 216 
7 217 77
7 218 HELICAL_HOLE3
7 232 8
7 219 3FC4
7 220 3FE9R
7 221 
3 222 ->
4 223 0
4 224 ->
5 225 30
5 226 9
5 231 [2]
$7,1
5 237 11
5 227 [3]
$0,C041C1745D1745D,0
3 228 
2 212 ->
3 213 12
3 214 262927
3 215 [1]
4 215 
5 216 [1]
6 216 
7 217 77
7 218 0_25FEM
7 232 9
7 219 3FC4
7 220 3FE9R
7 221 
3 222 ->
4 223 0
4 224 ->
5 225 30
5 226 9
5 231 [2]
$7,2
5 237 11
5 227 [3]
$0,C041C1745D1745D,0
3 228 
2 212 ->
3 213 12
3 214 263439
3 215 [1]
4 215 
5 216 [1]
6 216 
7 217 77
7 218 30.000
7 232 10
7 219 3FC4
7 220 3FE9R
7 221 
3 222 ->
4 223 0
4 224 ->
5 225 30
5 226 9
5 231 [2]
$7,3
5 237 11
5 227 [3]
$0,C041C1745D1745D,0
3 228 
2 212 ->
3 213 12
3 214 262927
3 215 [1]
4 215 
5 216 [1]
6 216 
7 217 77
7 218 4500.000
7 232 11
7 219 3FC4
7 220 3FE9R
7 221 
3 222 ->
4 223 0
4 224 ->
5 225 30
5 226 9
5 231 [2]
$7,4
5 237 11
5 227 [3]
$0,C041C1745D1745D,0
3 228 
2 212 ->
3 213 12
3 214 263439
3 215 [1]
4 215 
5 216 [1]
6 216 
7 217 77
7 218 HELICAL_HOLE4
7 232 8
7 219 3FC4
7 220 3FE9R
7 221 
3 222 ->
4 223 0
4 224 ->
5 225 30
5 226 9
5 231 [2]
$8,1
5 237 11
5 227 [3]
$0,C041C1745D1745D,0
3 228 
2 212 ->
3 213 12
3 214 262927
3 215 [1]
4 215 
5 216 [1]
6 216 
7 217 77
7 218 0_25FEM
7 232 9
7 219 3FC4
7 220 3FE9R
7 221 
3 222 ->
4 223 0
4 224 ->
5 225 30
5 226 9
5 231 [2]
$8,2
5 237 11
5 227 [3]
$0,C041C1745D1745D,0
3 228 
2 212 ->
3 213 12
3 214 263439
3 215 [1]
4 215 
5 216 [1]
6 216 
7 217 77
7 218 30.000
7 232 10
7 219 3FC4
7 220 3FE9R
7 221 
3 222 ->
4 223 0
4 224 ->
5 225 30
5 226 9
5 231 [2]
$8,3
5 237 11
5 227 [3]
$0,C041C1745D1745D,0
3 228 
2 212 ->
3 213 12
3 214 262927
3 215 [1]
4 215 
5 216 [1]
6 216 
7 217 77
7 218 4500.000
7 232 11
7 219 3FC4
7 220 3FE9R
7 221 
3 222 ->
4 223 0
4 224 ->
5 225 30
5 226 9
5 231 [2]
$8,4
5 237 11
5 227 [3]
$0,C041C1745D1745D,0
3 228 
2 212 ->
3 213 12
3 214 263439
3 215 [1]
4 215 
5 216 [1]
6 216 
7 217 77
7 218 SLOT_PROFILE_LEFT
7 232 8
7 219 3FC4
7 220 3FE9R
7 221 
3 222 ->
4 223 0
4 224 ->
5 225 30
5 226 9
5 231 [2]
$9,1
5 237 11
5 227 [3]
$0,C041C1745D1745D,0
3 228 
2 212 ->
3 213 12
3 214 262927
3 215 [1]
4 215 
5 216 [1]
6 216 
7 217 77
7 218 0_125_1DEG_TAPER
7 232 9
7 219 3FC4
7 220 3FE9R
7 221 
3 222 ->
4 223 0
4 224 ->
5 225 30
5 226 9
5 231 [2]
$9,2
5 237 11
5 227 [3]
$0,C041C1745D1745D,0
3 228 
2 212 ->
3 213 12
3 214 263439
3 215 [1]
4 215 
5 216 [1]
6 216 
7 217 77
7 218 25.000
7 232 10
7 219 3FC4
7 220 3FE9R
7 221 
3 222 ->
4 223 0
4 224 ->
5 225 30
5 226 9
5 231 [2]
$9,3
5 237 11
5 227 [3]
$0,C041C1745D1745D,0
3 228 
2 212 ->
3 213 12
3 214 262927
3 215 [1]
4 215 
5 216 [1]
6 216 
7 217 77
7 218 1250.000
7 232 11
7 219 3FC4
7 220 3FE9R
7 221 
3 222 ->
4 223 0
4 224 ->
5 225 30
5 226 9
5 231 [2]
$9,4
5 237 11
5 227 [3]
$0,C041C1745D1745D,0
3 228 
2 212 ->
3 213 12
3 214 263439
3 215 [1]
4 215 
5 216 [1]
6 216 
7 217 77
7 218 SLOT_PROFILE_RIGHT
7 232 8
7 219 3FC4
7 220 3FE9R
7 221 
3 222 ->
4 223 0
4 224 ->
5 225 30
5 226 9
5 231 [2]
$10,1
5 237 11
5 227 [3]
$0,C041C1745D1745D,0
3 228 
2 212 ->
3 213 12
3 214 262927
3 215 [1]
4 215 
5 216 [1]
6 216 
7 217 77
7 218 0_125_1DEG_TAPER
7 232 9
7 219 3FC4
7 220 3FE9R
7 221 
3 222 ->
4 223 0
4 224 ->
5 225 30
5 226 9
5 231 [2]
$10,2
5 237 11
5 227 [3]
$0,C041C1745D1745D,0
3 228 
2 212 ->
3 213 12
3 214 263439
3 215 [1]
4 215 
5 216 [1]
6 216 
7 217 77
7 218 25.000
7 232 10
7 219 3FC4
7 220 3FE9R
7 221 
3 222 ->
4 223 0
4 224 ->
5 225 30
5 226 9
5 231 [2]
$10,3
5 237 11
5 227 [3]
$0,C041C1745D1745D,0
3 228 
2 212 ->
3 213 12
3 214 262927
3 215 [1]
4 215 
5 216 [1]
6 216 
7 217 77
7 218 1250.000
7 232 11
7 219 3FC4
7 220 3FE9R
7 221 
3 222 ->
4 223 0
4 224 ->
5 225 30
5 226 9
5 231 [2]
$10,4
5 237 11
5 227 [3]
$0,C041C1745D1745D,0
3 228 
2 212 ->
3 213 12
3 214 263439
3 215 [1]
4 215 
5 216 [1]
6 216 
7 217 77
7 218 R_RECT_PROFILE_ROUGH
7 232 8
7 219 3FC4
7 220 3FE9R
7 221 
3 222 ->
4 223 0
4 224 ->
5 225 30
5 226 9
5 231 [2]
$11,1
5 237 11
5 227 [3]
$0,C041C1745D1745D,0
3 228 
2 212 ->
3 213 12
3 214 262927
3 215 [1]
4 215 
5 216 [1]
6 216 
7 217 77
7 218 0_5FEM
7 232 9
7 219 3FC4
7 220 3FE9R
7 221 
3 222 ->
4 223 0
4 224 ->
5 225 30
5 226 9
5 231 [2]
$11,2
5 237 11
5 227 [3]
$0,C041C1745D1745D,0
3 228 
2 212 ->
3 213 12
3 214 263439
3 215 [1]
4 215 
5 216 [1]
6 216 
7 217 77
7 218 25.000
7 232 10
7 219 3FC4
7 220 3FE9R
7 221 
3 222 ->
4 223 0
4 224 ->
5 225 30
5 226 9
5 231 [2]
$11,3
5 237 11
5 227 [3]
$0,C041C1745D1745D,0
3 228 
2 212 ->
3 213 12
3 214 262927
3 215 [1]
4 215 
5 216 [1]
6 216 
7 217 77
7 218 2500.000
7 232 11
7 219 3FC4
7 220 3FE9R
7 221 
3 222 ->
4 223 0
4 224 ->
5 225 30
5 226 9
5 231 [2]
$11,4
5 237 11
5 227 [3]
$0,C041C1745D1745D,0
3 228 
2 212 ->
3 213 12
3 214 263439
3 215 [1]
4 215 
5 216 [1]
6 216 
7 217 77
7 218 L_RECT_PROFILE_ROUGH
7 232 8
7 219 3FC4
7 220 3FE9R
7 221 
3 222 ->
4 223 0
4 224 ->
5 225 30
5 226 9
5 231 [2]
$12,1
5 237 11
5 227 [3]
$0,C041C1745D1745D,0
3 228 
2 212 ->
3 213 12
3 214 262927
3 215 [1]
4 215 
5 216 [1]
6 216 
7 217 77
7 218 0_5FEM
7 232 9
7 219 3FC4
7 220 3FE9R
7 221 
3 222 ->
4 223 0
4 224 ->
5 225 30
5 226 9
5 231 [2]
$12,2
5 237 11
5 227 [3]
$0,C041C1745D1745D,0
3 228 
2 212 ->
3 213 12
3 214 263439
3 215 [1]
4 215 
5 216 [1]
6 216 
7 217 77
7 218 25.000
7 232 10
7 219 3FC4
7 220 3FE9R
7 221 
3 222 ->
4 223 0
4 224 ->
5 225 30
5 226 9
5 231 [2]
$12,3
5 237 11
5 227 [3]
$0,C041C1745D1745D,0
3 228 
2 212 ->
3 213 12
3 214 262927
3 215 [1]
4 215 
5 216 [1]
6 216 
7 217 77
7 218 2500.000
7 232 11
7 219 3FC4
7 220 3FE9R
7 221 
3 222 ->
4 223 0
4 224 ->
5 225 30
5 226 9
5 231 [2]
$12,4
5 237 11
5 227 [3]
$0,C041C1745D1745D,0
3 228 
2 212 ->
3 213 12
3 214 263439
3 215 [1]
4 215 
5 216 [1]
6 216 
7 217 77
7 218 L_RECT_PROFILE_FINISH
7 232 8
7 219 3FC4
7 220 3FE9R
7 221 
3 222 ->
4 223 0
4 224 ->
5 225 30
5 226 9
5 231 [2]
$13,1
5 237 11
5 227 [3]
$0,C041C1745D1745D,0
3 228 
2 212 ->
3 213 12
3 214 262927
3 215 [1]
4 215 
5 216 [1]
6 216 
7 217 77
7 218 0_125FEM
7 232 9
7 219 3FC4
7 220 3FE9R
7 221 
3 222 ->
4 223 0
4 224 ->
5 225 30
5 226 9
5 231 [2]
$13,2
5 237 11
5 227 [3]
$0,C041C1745D1745D,0
3 228 
2 212 ->
3 213 12
3 214 263439
3 215 [1]
4 215 
5 216 [1]
6 216 
7 217 77
7 218 25.000
7 232 10
7 219 3FC4
7 220 3FE9R
7 221 
3 222 ->
4 223 0
4 224 ->
5 225 30
5 226 9
5 231 [2]
$13,3
5 237 11
5 227 [3]
$0,C041C1745D1745D,0
3 228 
2 212 ->
3 213 12
3 214 262927
3 215 [1]
4 215 
5 216 [1]
6 216 
7 217 77
7 218 2500.000
7 232 11
7 219 3FC4
7 220 3FE9R
7 221 
3 222 ->
4 223 0
4 224 ->
5 225 30
5 226 9
5 231 [2]
$13,4
5 237 11
5 227 [3]
$0,C041C1745D1745D,0
3 228 
2 212 ->
3 213 12
3 214 263439
3 215 [1]
4 215 
5 216 [1]
6 216 
7 217 77
7 218 R_RECT_PROFILE_FINISH
7 232 8
7 219 3FC4
7 220 3FE9R
7 221 
3 222 ->
4 223 0
4 224 ->
5 225 30
5 226 9
5 231 [2]
$14,1
5 237 11
5 227 [3]
$0,C041C1745D1745D,0
3 228 
2 212 ->
3 213 12
3 214 262927
3 215 [1]
4 215 
5 216 [1]
6 216 
7 217 77
7 218 0_125FEM
7 232 9
7 219 3FC4
7 220 3FE9R
7 221 
3 222 ->
4 223 0
4 224 ->
5 225 30
5 226 9
5 231 [2]
$14,2
5 237 11
5 227 [3]
$0,C041C1745D1745D,0
3 228 
2 212 ->
3 213 12
3 214 263439
3 215 [1]
4 215 
5 216 [1]
6 216 
7 217 77
7 218 25.000
7 232 10
7 219 3FC4
7 220 3FE9R
7 221 
3 222 ->
4 223 0
4 224 ->
5 225 30
5 226 9
5 231 [2]
$14,3
5 237 11
5 227 [3]
$0,C041C1745D1745D,0
3 228 
2 212 ->
3 213 12
3 214 262927
3 215 [1]
4 215 
5 216 [1]
6 216 
7 217 77
7 218 2500.000
7 232 11
7 219 3FC4
7 220 3FE9R
7 221 
3 222 ->
4 223 0
4 224 ->
5 225 30
5 226 9
5 231 [2]
$14,4
5 237 11
5 227 [3]
$0,C041C1745D1745D,0
3 228 
2 212 ->
3 213 12
3 214 263439
3 215 [1]
4 215 
5 216 [1]
6 216 
7 217 77
7 218 POCKET_PROFILE
7 232 8
7 219 3FC4
7 220 3FE9R
7 221 
3 222 ->
4 223 0
4 224 ->
5 225 30
5 226 9
5 231 [2]
$15,1
5 237 11
5 227 [3]
$0,C041C1745D1745D,0
3 228 
2 212 ->
3 213 12
3 214 262927
3 215 [1]
4 215 
5 216 [1]
6 216 
7 217 77
7 218 0_25FEM
7 232 9
7 219 3FC4
7 220 3FE9R
7 221 
3 222 ->
4 223 0
4 224 ->
5 225 30
5 226 9
5 231 [2]
$15,2
5 237 11
5 227 [3]
$0,C041C1745D1745D,0
3 228 
2 212 ->
3 213 12
3 214 263439
3 215 [1]
4 215 
5 216 [1]
6 216 
7 217 77
7 218 25.000
7 232 10
7 219 3FC4
7 220 3FE9R
7 221 
3 222 ->
4 223 0
4 224 ->
5 225 30
5 226 9
5 231 [2]
$15,3
5 237 11
5 227 [3]
$0,C041C1745D1745D,0
3 228 
2 212 ->
3 213 12
3 214 262927
3 215 [1]
4 215 
5 216 [1]
6 216 
7 217 77
7 218 2500.000
7 232 11
7 219 3FC4
7 220 3FE9R
7 221 
3 222 ->
4 223 0
4 224 ->
5 225 30
5 226 9
5 231 [2]
$15,4
5 237 11
5 227 [3]
$0,C041C1745D1745D,0
3 228 
2 212 ->
3 213 11
3 214 13
3 215 [1]
4 215 
5 216 [2]
6 216 
7 217 18
7 218 SCALE  
7 233 10
7 221 
6 216 
7 217 52
7 218 0.130
7 233 10
7 221 
3 222 ->
4 223 0
4 224 ->
5 225 14
5 226 0
5 234 [2]
6 234 ->
7 235 9
7 236 400990C52B0C9E5D
6 234 ->
7 235 10
7 236 3FA0F4AEC16E9239
5 237 12
5 227 [3]
$4077D28CF9D33539,4051343651E700D,0
3 228 
2 212 ->
3 213 12
3 214 143
3 215 [1]
4 215 
5 216 [1]
6 216 
7 217 18
7 218 OPERATION
7 219 3FC4
7 220 3FE9R
7 221 
3 222 ->
4 223 0
4 224 ->
5 225 30
5 226 10
5 237 4
5 227 [3]
$3*0
3 228 
4 229 10
3 230 3FE
2 212 ->
3 213 12
3 214 143
3 215 [1]
4 215 
5 216 [1]
6 216 
7 217 18
7 218 MACHINE
7 219 3FC4
7 220 3FE9R
7 221 
3 222 ->
4 223 0
4 224 ->
5 225 30
5 226 10
5 231 [2]
$0,1
5 237 4
5 227 [3]
$3*0
3 228 
4 229 10
3 230 3FE
2 212 ->
3 213 12
3 214 143
3 215 [1]
4 215 
5 216 [1]
6 216 
7 217 18
7 218 TOOLS
7 219 3FC4
7 220 3FE9R
7 221 
3 222 ->
4 223 0
4 224 ->
5 225 30
5 226 10
5 231 [2]
$0,2
5 237 4
5 227 [3]
$3*0
3 228 
4 229 10
3 230 3FE
2 212 ->
3 213 12
3 214 143
3 215 [1]
4 215 
5 216 [1]
6 216 
7 217 18
7 218 POCKET #
7 219 3FC4
7 220 3FE9R
7 221 
3 222 ->
4 223 0
4 224 ->
5 225 30
5 226 10
5 231 [2]
$0,3
5 237 4
5 227 [3]
$3*0
3 228 
4 229 10
3 230 3FE
2 212 ->
3 213 12
3 214 143
3 215 [1]
4 215 
5 216 [1]
6 216 
7 217 18
7 218 CUTTER DIAM
7 219 3FC4
7 220 3FE9R
7 221 
3 222 ->
4 223 0
4 224 ->
5 225 30
5 226 10
5 231 [2]
$0,4
5 237 4
5 227 [3]
$3*0
3 228 
4 229 10
3 230 3FE
2 212 ->
3 213 12
3 214 1295
3 215 [1]
4 215 
5 216 [1]
6 216 
7 217 77
7 218 OP010
7 232 3
7 219 3FC4
7 220 3FE9R
7 221 
3 222 ->
4 223 0
4 224 ->
5 225 30
5 226 10
5 231 [2]
$1,0
5 237 4
5 227 [3]
$3*0
3 228 
4 229 1
3 230 3FE
2 212 ->
3 213 12
3 214 1295
3 215 [1]
4 215 
5 216 [1]
6 216 
7 217 77
7 218 HAAS_3X
7 232 4
7 219 3FC4
7 220 3FE9R
7 221 
3 222 ->
4 223 0
4 224 ->
5 225 30
5 226 10
5 231 [2]
$2*1
5 237 4
5 227 [3]
$3*0
3 228 
4 229 1
3 230 3FE
2 212 ->
3 213 12
3 214 1295
3 215 [1]
4 215 
5 216 [1]
6 216 
7 217 77
7 218 0_5DRILL
7 232 5
7 219 3FC4
7 220 3FE9R
7 221 
3 222 ->
4 223 0
4 224 ->
5 225 30
5 226 10
5 231 [2]
$1,2
5 237 4
5 227 [3]
$3*0
3 228 
4 229 1
3 230 3FE
2 212 ->
3 213 12
3 214 1295
3 215 [1]
4 215 
5 216 [1]
6 216 
7 217 77
7 218 1
7 232 6
7 219 3FC4
7 220 3FE9R
7 221 
3 222 ->
4 223 0
4 224 ->
5 225 30
5 226 10
5 231 [2]
$1,3
5 237 4
5 227 [3]
$3*0
3 228 
4 229 1
3 230 3FE
2 212 ->
3 213 12
3 214 1295
3 215 [1]
4 215 
5 216 [1]
6 216 
7 217 77
7 218 0.500
7 232 7
7 219 3FC4
7 220 3FE9R
7 221 
3 222 ->
4 223 0
4 224 ->
5 225 30
5 226 10
5 231 [2]
$1,4
5 237 4
5 227 [3]
$3*0
3 228 
4 229 1
3 230 3FE
2 212 ->
3 213 12
3 214 263439
3 215 [1]
4 215 
5 216 [1]
6 216 
7 217 77
7 218 HAAS_3X
7 232 4
7 219 3FC4
7 220 3FE9R
7 221 
3 222 ->
4 223 0
4 224 ->
5 225 30
5 226 10
5 231 [2]
$2,1
5 237 4
5 227 [3]
$3*0
3 228 
4 229 1
3 230 3FE
2 212 ->
3 213 12
3 214 263439
3 215 [1]
4 215 
5 216 [1]
6 216 
7 217 77
7 218 0_125_1DEG_TAPER
7 232 5
7 219 3FC4
7 220 3FE9R
7 221 
3 222 ->
4 223 0
4 224 ->
5 225 30
5 226 10
5 231 [2]
$2*2
5 237 4
5 227 [3]
$3*0
3 228 
4 229 1
3 230 3FE
2 212 ->
3 213 12
3 214 263439
3 215 [1]
4 215 
5 216 [1]
6 216 
7 217 77
7 218 2
7 232 6
7 219 3FC4
7 220 3FE9R
7 221 
3 222 ->
4 223 0
4 224 ->
5 225 30
5 226 10
5 231 [2]
$2,3
5 237 4
5 227 [3]
$3*0
3 228 
4 229 1
3 230 3FE
2 212 ->
3 213 12
3 214 263439
3 215 [1]
4 215 
5 216 [1]
6 216 
7 217 77
7 218 0.125
7 232 7
7 219 3FC4
7 220 3FE9R
7 221 
3 222 ->
4 223 0
4 224 ->
5 225 30
5 226 10
5 231 [2]
$2,4
5 237 4
5 227 [3]
$3*0
3 228 
4 229 1
3 230 3FE
2 212 ->
3 213 12
3 214 263439
3 215 [1]
4 215 
5 216 [1]
6 216 
7 217 77
7 218 HAAS_3X
7 232 4
7 219 3FC4
7 220 3FE9R
7 221 
3 222 ->
4 223 0
4 224 ->
5 225 30
5 226 10
5 231 [2]
$3,1
5 237 4
5 227 [3]
$3*0
3 228 
4 229 1
3 230 3FE
2 212 ->
3 213 12
3 214 263439
3 215 [1]
4 215 
5 216 [1]
6 216 
7 217 77
7 218 0_25FEM
7 232 5
7 219 3FC4
7 220 3FE9R
7 221 
3 222 ->
4 223 0
4 224 ->
5 225 30
5 226 10
5 231 [2]
$3,2
5 237 4
5 227 [3]
$3*0
3 228 
4 229 1
3 230 3FE
2 212 ->
3 213 12
3 214 263439
3 215 [1]
4 215 
5 216 [1]
6 216 
7 217 77
7 218 3
7 232 6
7 219 3FC4
7 220 3FE9R
7 221 
3 222 ->
4 223 0
4 224 ->
5 225 30
5 226 10
5 231 [2]
$2*3
5 237 4
5 227 [3]
$3*0
3 228 
4 229 1
3 230 3FE
2 212 ->
3 213 12
3 214 263439
3 215 [1]
4 215 
5 216 [1]
6 216 
7 217 77
7 218 0.250
7 232 7
7 219 3FC4
7 220 3FE9R
7 221 
3 222 ->
4 223 0
4 224 ->
5 225 30
5 226 10
5 231 [2]
$3,4
5 237 4
5 227 [3]
$3*0
3 228 
4 229 1
3 230 3FE
2 212 ->
3 213 12
3 214 263439
3 215 [1]
4 215 
5 216 [1]
6 216 
7 217 77
7 218 HAAS_3X
7 232 4
7 219 3FC4
7 220 3FE9R
7 221 
3 222 ->
4 223 0
4 224 ->
5 225 30
5 226 10
5 231 [2]
$4,1
5 237 4
5 227 [3]
$3*0
3 228 
4 229 1
3 230 3FE
2 212 ->
3 213 12
3 214 263439
3 215 [1]
4 215 
5 216 [1]
6 216 
7 217 77
7 218 0_5FEM
7 232 5
7 219 3FC4
7 220 3FE9R
7 221 
3 222 ->
4 223 0
4 224 ->
5 225 30
5 226 10
5 231 [2]
$4,2
5 237 4
5 227 [3]
$3*0
3 228 
4 229 1
3 230 3FE
2 212 ->
3 213 12
3 214 263439
3 215 [1]
4 215 
5 216 [1]
6 216 
7 217 77
7 218 4
7 232 6
7 219 3FC4
7 220 3FE9R
7 221 
3 222 ->
4 223 0
4 224 ->
5 225 30
5 226 10
5 231 [2]
$4,3
5 237 4
5 227 [3]
$3*0
3 228 
4 229 1
3 230 3FE
2 212 ->
3 213 12
3 214 263439
3 215 [1]
4 215 
5 216 [1]
6 216 
7 217 77
7 218 0.500
7 232 7
7 219 3FC4
7 220 3FE9R
7 221 
3 222 ->
4 223 0
4 224 ->
5 225 30
5 226 10
5 231 [2]
$2*4
5 237 4
5 227 [3]
$3*0
3 228 
4 229 1
3 230 3FE
2 212 ->
3 213 12
3 214 263439
3 215 [1]
4 215 
5 216 [1]
6 216 
7 217 77
7 218 HAAS_3X
7 232 4
7 219 3FC4
7 220 3FE9R
7 221 
3 222 ->
4 223 0
4 224 ->
5 225 30
5 226 10
5 231 [2]
$5,1
5 237 4
5 227 [3]
$3*0
3 228 
4 229 1
3 230 3FE
2 212 ->
3 213 12
3 214 263439
3 215 [1]
4 215 
5 216 [1]
6 216 
7 217 77
7 218 0_125FEM
7 232 5
7 219 3FC4
7 220 3FE9R
7 221 
3 222 ->
4 223 0
4 224 ->
5 225 30
5 226 10
5 231 [2]
$5,2
5 237 4
5 227 [3]
$3*0
3 228 
4 229 1
3 230 3FE
2 212 ->
3 213 12
3 214 263439
3 215 [1]
4 215 
5 216 [1]
6 216 
7 217 77
7 218 5
7 232 6
7 219 3FC4
7 220 3FE9R
7 221 
3 222 ->
4 223 0
4 224 ->
5 225 30
5 226 10
5 231 [2]
$5,3
5 237 4
5 227 [3]
$3*0
3 228 
4 229 1
3 230 3FE
2 212 ->
3 213 12
3 214 263439
3 215 [1]
4 215 
5 216 [1]
6 216 
7 217 77
7 218 0.125
7 232 7
7 219 3FC4
7 220 3FE9R
7 221 
3 222 ->
4 223 0
4 224 ->
5 225 30
5 226 10
5 231 [2]
$5,4
5 237 4
5 227 [3]
$3*0
3 228 
4 229 1
3 230 3FE
2 212 ->
3 213 12
3 214 263439
3 215 [1]
4 215 
5 216 [1]
6 216 
7 217 77
7 218 HAAS_3X
7 232 4
7 219 3FC4
7 220 3FE9R
7 221 
3 222 ->
4 223 0
4 224 ->
5 225 30
5 226 10
5 231 [2]
$6,1
5 237 4
5 227 [3]
$3*0
3 228 
4 229 1
3 230 3FE
2 212 ->
3 213 12
3 214 263439
3 215 [1]
4 215 
5 216 [1]
6 216 
7 217 77
7 218 1_0FEM
7 232 5
7 219 3FC4
7 220 3FE9R
7 221 
3 222 ->
4 223 0
4 224 ->
5 225 30
5 226 10
5 231 [2]
$6,2
5 237 4
5 227 [3]
$3*0
3 228 
4 229 1
3 230 3FE
2 212 ->
3 213 12
3 214 263439
3 215 [1]
4 215 
5 216 [1]
6 216 
7 217 77
7 218 6
7 232 6
7 219 3FC4
7 220 3FE9R
7 221 
3 222 ->
4 223 0
4 224 ->
5 225 30
5 226 10
5 231 [2]
$6,3
5 237 4
5 227 [3]
$3*0
3 228 
4 229 1
3 230 3FE
2 212 ->
3 213 12
3 214 263439
3 215 [1]
4 215 
5 216 [1]
6 216 
7 217 77
7 218 1.000
7 232 7
7 219 3FC4
7 220 3FE9R
7 221 
3 222 ->
4 223 0
4 224 ->
5 225 30
5 226 10
5 231 [2]
$6,4
5 237 4
5 227 [3]
$3*0
3 228 
4 229 1
3 230 3FE
2 212 ->
3 213 12
3 214 263439
3 215 [1]
4 215 
5 216 [1]
6 216 
7 217 77
7 218 HAAS_3X
7 232 4
7 219 3FC4
7 220 3FE9R
7 221 
3 222 ->
4 223 0
4 224 ->
5 225 30
5 226 10
5 231 [2]
$7,1
5 237 4
5 227 [3]
$3*0
3 228 
4 229 1
3 230 3FE
2 212 ->
3 213 12
3 214 263439
3 215 [1]
4 215 
5 216 [1]
6 216 
7 217 77
7 218 0_5BEM
7 232 5
7 219 3FC4
7 220 3FE9R
7 221 
3 222 ->
4 223 0
4 224 ->
5 225 30
5 226 10
5 231 [2]
$7,2
5 237 4
5 227 [3]
$3*0
3 228 
4 229 1
3 230 3FE
2 212 ->
3 213 12
3 214 263439
3 215 [1]
4 215 
5 216 [1]
6 216 
7 217 77
7 218 7
7 232 6
7 219 3FC4
7 220 3FE9R
7 221 
3 222 ->
4 223 0
4 224 ->
5 225 30
5 226 10
5 231 [2]
$7,3
5 237 4
5 227 [3]
$3*0
3 228 
4 229 1
3 230 3FE
2 212 ->
3 213 12
3 214 263439
3 215 [1]
4 215 
5 216 [1]
6 216 
7 217 77
7 218 0.500
7 232 7
7 219 3FC4
7 220 3FE9R
7 221 
3 222 ->
4 223 0
4 224 ->
5 225 30
5 226 10
5 231 [2]
$7,4
5 237 4
5 227 [3]
$3*0
3 228 
4 229 1
3 230 3FE
@revnum_ptr 244 0
1 244 ->
@geom_revnum 245 1
2 245 0
@cosm_revnum 246 1
2 246 212
@page_info 247 0
1 247 [3]
2 247 
@model_page_infos 248 0
3 248 [12]
4 248 
@mdl_to_wld_scale 249 2
5 249 3FF
@user_scale 250 2
5 250 3FF
@geom_rev_num 251 1
5 251 0
4 248 
5 249 40222E8BA2E8BA2E
5 250 3FC9R
5 251 111
4 248 
5 249 0
5 250 0
5 251 436
4 248 
5 249 0
5 250 0
5 251 235494
4 248 
5 249 0
5 250 0
5 251 6
4 248 
5 249 0
5 250 0
5 251 369
4 248 
5 249 0
5 250 0
5 251 840
4 248 
5 249 4046BA2E8BA2E8BA
5 250 3FF
5 251 16
4 248 
5 249 0
5 250 0
5 251 250
4 248 
5 249 0
5 250 0
5 251 466
4 248 
5 249 4019F959C427E56R
5 250 3FC2492492492492
5 251 139492
4 248 
5 249 0
5 250 0
5 251 113
@number 252 1
3 252 1
@p_format 253 0
3 253 ->
@dwgform_ptr 254 0
4 254 ->
@type 255 1
5 255 33
@draw_type 256 1
5 256 1048576
@setup_ptr 257 0
5 257 ->
6 67 ->
7 68 0
7 69 0
7 70 0
7 71 BFF
7 72 3FBEB851EB851EB8
7 73 0
7 74 3FE9R
7 75 3FE9R
7 76 0
6 77 ->
7 78 3FC8
7 79 3FB
7 80 2
7 81 3FE
7 82 3FB
7 83 3FC
7 84 3FD
7 85 3FE
7 86 3FB9R
7 87 3FB9R
7 88 0
7 89 BFF
7 90 BFF
7 91 BFF
6 92 ->
7 93 0
7 94 0
7 95 2
7 96 0
7 97 11
7 98 -1
7 99 1
7 100 1
7 101 0
7 102 40
7 103 0
7 104 0
7 105 3FF
7 106 0
7 107 1
7 108 0
7 109 0
7 110 1
7 111 0
7 112 0
7 113 1
7 114 0
7 115 0
6 116 ->
7 117 0
7 118 1
7 119 2
7 120 1
7 121 3FF
7 122 3FC8
7 123 3FB
7 124 1
7 125 0
7 126 0
7 127 0
7 128 2
7 129 0
7 130 0
7 131 0
7 132 1
7 133 
7 135 0
7 136 0
7 137 1
6 138 ->
7 139 0
7 140 0
7 141 0
6 142 ->
7 143 0
6 144 ->
7 145 1
7 146 3FF
7 147 INCH
7 148 0
6 149 [2]
7 149 
8 150 font
7 149 
8 150 filled
6 151 [2]
$832,0
6 152 ->
7 153 0
7 154 0
7 155 -
7 156 3FC9R
7 157 0
7 158 0
7 159 1
6 160 ->
7 161 0
6 162 ->
7 163 0
7 164 0
6 165 0
6 166 ->
7 167 NULL
7 168 NULL
7 169 NULL
7 170 NULL
7 171 1
7 172 1
7 173 BFF
7 174 BFF
7 175 NULL
7 176 NULL
7 177 NULL
7 178 NULL
7 179 NULL
7 180 BFF
7 181 1
7 182 1
7 183 BFF
7 184 &node_name
7 185 WIRE
7 186 0001
7 187 CABLE
7 188 0001
7 189 HIGHWAY
7 190 0001
7 191 1
7 192 NULL
7 193 1
7 194 NULL
6 195 0
6 196 0
6 197 1
6 198 1
6 199 BFF
6 200 0
6 201 0
6 202 0
6 203 0
6 204 0
6 205 0
6 206 0
6 207 0
6 208 0
6 209 0
6 210 0
6 211 0
@format_info 258 0
5 258 ->
@size_flag 259 1
6 259 2
@x_size 260 2
6 260 4036
@y_size 261 2
6 261 4031
@saved_grid_step 262 2
6 262 3FF
@saved_unit 263 1
6 263 1
@name 264 10
4 264 CSIZE
@page_number 265 1
4 265 1
@height 266 2
4 266 408825D1745D1746
@width 267 2
4 267 408F4
@draw_scale 268 2
4 268 4046BA2E8BA2E8BA
@attributes 269 1
3 269 0
2 247 
3 248 [12]
4 248 
5 249 3FF
5 250 3FF
5 251 0
4 248 
5 249 40322E8BA2E8BA2E
5 250 3FC9R
5 251 111
4 248 
5 249 0
5 250 0
5 251 436
4 248 
5 249 0
5 250 0
5 251 235494
4 248 
5 249 0
5 250 0
5 251 6
4 248 
5 249 0
5 250 0
5 251 369
4 248 
5 249 0
5 250 0
5 251 840
4 248 
5 249 4046BA2E8BA2E8BA
5 250 3FE
5 251 16
4 248 
5 249 0
5 250 0
5 251 250
4 248 
5 249 0
5 250 0
5 251 466
4 248 
5 249 4056BA2E8BA2E8BA
5 250 3FF
5 251 139492
4 248 
5 249 0
5 250 0
5 251 113
3 252 2
3 253 ->
4 254 ->
5 255 33
5 256 0
5 257 ->
6 67 ->
7 68 0
7 69 0
7 70 0
7 71 0
7 72 3FC4
7 73 0
7 74 0
7 75 3FE9R
7 76 0
6 77 ->
7 78 3FC8
7 79 3FB
7 80 2
7 81 0
7 82 0
7 83 0
7 84 3FD
7 85 0
7 86 0
7 87 0
7 88 0
7 89 BFF
7 90 BFF
7 91 BFF
6 92 ->
7 93 0
7 94 0
7 95 0
7 96 0
7 97 0
7 98 0
7 99 0
7 100 0
7 101 0
7 102 0
7 103 0
7 104 0
7 105 0
7 106 0
7 107 0
7 108 0
7 109 0
7 110 0
7 111 0
7 112 0
7 113 0
7 114 0
7 115 0
6 116 ->
7 117 0
7 118 0
7 119 0
7 120 0
7 121 0
7 122 0
7 123 0
7 124 0
7 125 0
7 126 0
7 127 0
7 128 0
7 129 0
7 130 0
7 131 0
7 132 0
7 133 
7 135 0
7 136 0
7 137 0
6 138 ->
7 139 0
7 140 0
7 141 0
6 142 ->
7 143 0
6 144 ->
7 145 1
7 146 3FF
7 147 INCH
7 148 0
6 149 [2]
7 149 
8 150 font
7 149 
8 150 filled
6 151 [2]
$768,0
6 152 ->
7 153 0
7 154 0
7 155 
7 156 0
7 157 0
7 158 0
7 159 1
6 160 ->
7 161 0
6 162 ->
7 163 0
7 164 0
6 165 0
6 166 ->
7 167 NULL
7 168 NULL
7 169 NULL
7 170 NULL
7 171 0
7 172 0
7 173 BFF
7 174 0
7 175 NULL
7 176 NULL
7 177 NULL
7 178 NULL
7 179 NULL
7 180 0
7 181 0
7 182 0
7 183 0
7 184 NULL
7 185 NULL
7 186 NULL
7 187 NULL
7 188 NULL
7 189 NULL
7 190 NULL
7 191 0
7 192 NULL
7 193 0
7 194 NULL
6 195 0
6 196 0
6 197 0
6 198 0
6 199 0
6 200 0
6 201 403219R
6 202 0
6 203 0
6 204 0
6 205 0
6 206 0
6 207 0
6 208 0
6 209 0
6 210 0
6 211 0
5 258 ->
6 259 0
6 260 4026
6 261 4021
6 262 3FF
6 263 1
4 264 ___noname_.frm
4 265 -1
4 266 408825D1745D1746
4 267 408F4
4 268 4056BA2E8BA2E8BA
3 269 0
2 247 
3 248 [12]
4 248 
5 249 3FF
5 250 3FF
5 251 -1
4 248 
5 249 40322E8BA2E8BA2E
5 250 3FC9R
5 251 111
4 248 
5 249 0
5 250 0
5 251 435
4 248 
5 249 0
5 250 0
5 251 235494
4 248 
5 249 0
5 250 0
5 251 5
4 248 
5 249 0
5 250 0
5 251 368
4 248 
5 249 0
5 250 0
5 251 839
4 248 
5 249 4056BA2E8BA2E8BA
5 250 3FF
5 251 15
4 248 
5 249 0
5 250 0
5 251 249
4 248 
5 249 0
5 250 0
5 251 465
4 248 
5 249 4029F959C427E56R
5 250 3FC2492492492492
5 251 139491
4 248 
5 249 0
5 250 0
5 251 112
3 252 3
3 253 ->
4 254 ->
5 255 33
5 256 0
5 257 ->
6 67 ->
7 68 0
7 69 0
7 70 0
7 71 0
7 72 3FC4
7 73 0
7 74 0
7 75 3FE9R
7 76 0
6 77 ->
7 78 3FC8
7 79 3FB
7 80 2
7 81 0
7 82 0
7 83 0
7 84 3FD
7 85 0
7 86 0
7 87 0
7 88 0
7 89 BFF
7 90 BFF
7 91 BFF
6 92 ->
7 93 0
7 94 0
7 95 0
7 96 0
7 97 0
7 98 0
7 99 0
7 100 0
7 101 0
7 102 0
7 103 0
7 104 0
7 105 0
7 106 0
7 107 0
7 108 0
7 109 0
7 110 0
7 111 0
7 112 0
7 113 0
7 114 0
7 115 0
6 116 ->
7 117 0
7 118 0
7 119 0
7 120 0
7 121 0
7 122 0
7 123 0
7 124 0
7 125 0
7 126 0
7 127 0
7 128 0
7 129 0
7 130 0
7 131 0
7 132 0
7 133 
7 135 0
7 136 0
7 137 0
6 138 ->
7 139 0
7 140 0
7 141 0
6 142 ->
7 143 0
6 144 ->
7 145 1
7 146 3FF
7 147 INCH
7 148 0
6 149 [2]
7 149 
8 150 font
7 149 
8 150 filled
6 151 [2]
$768,0
6 152 ->
7 153 0
7 154 0
7 155 
7 156 0
7 157 0
7 158 0
7 159 1
6 160 ->
7 161 0
6 162 ->
7 163 0
7 164 0
6 165 0
6 166 ->
7 167 NULL
7 168 NULL
7 169 NULL
7 170 NULL
7 171 0
7 172 0
7 173 BFF
7 174 0
7 175 NULL
7 176 NULL
7 177 NULL
7 178 NULL
7 179 NULL
7 180 0
7 181 0
7 182 0
7 183 0
7 184 NULL
7 185 NULL
7 186 NULL
7 187 NULL
7 188 NULL
7 189 NULL
7 190 NULL
7 191 0
7 192 NULL
7 193 0
7 194 NULL
6 195 0
6 196 0
6 197 0
6 198 0
6 199 0
6 200 0
6 201 403219R
6 202 0
6 203 0
6 204 0
6 205 0
6 206 0
6 207 0
6 208 0
6 209 0
6 210 0
6 211 0
5 258 ->
6 259 0
6 260 4026
6 261 4021
6 262 3FF
6 263 1
4 264 ___noname_.frm
4 265 -1
4 266 408825D1745D1746
4 267 408F4
4 268 4056BA2E8BA2E8BA
3 269 0
@current_page 270 1
1 270 0
@next_table 271 0
1 271 ->
@tbl_page_infos 272 0
2 272 [1]
3 272 
@page_id 273 1
4 273 0
@origin 274 2
4 274 [3]
$40519D3948B1A869,407291D1B425327R,0
@outline 275 2
4 275 [2][3]
$40519D3948B1A869,406780BAAE1BD94B,0
$407438C2AF43AFEA,407291D1B425327R,0
@extent 276 2
4 276 [3]
$4035CBCDB7C60761,C0450622B14562D,0
@attributes 277 1
4 277 0
@ext_id 278 1
4 278 0
@saved_tbl_page_infos 279 0
2 279 [1]
3 279 
4 273 0
4 274 [3]
$4036BA2E8BA2E8B3,40700658FC06976A,0
4 275 [2][3]
$4036BA2E8BA2E8B3,40693B3D9AF5E904,0
$40713D1745D1745B,40700658FC06976A,0
4 276 [3]
$C039EEE8DF5DB18F,C054B0F4391D1D9C,0
4 277 0
4 278 0
@last_ext_seg_id 280 1
2 280 0
@ncols 281 1
2 281 3
@nrows 282 1
2 282 4
@char_height 283 2
2 283 0
@char_hgt 284 2
2 284 4015D1745D1745D1
@char_wdt_fct 285 2
2 285 3FE9R
@col 286 0
2 286 [3]
3 286 
@id 287 1
4 287 0
@in_reg_id 288 1
4 288 2
@n_chars 289 2
4 289 4024
@col_attrib 290 1
4 290 128
@reg_info 291 0
4 291 [1]
5 291 
@region_id 292 1
6 292 0
@reg_info_attr 293 1
6 293 1
3 286 
4 287 1
4 288 3
4 289 4043
4 290 128
4 291 [1]
5 291 
6 292 0
6 293 0
3 286 
4 287 2
4 288 4
4 289 401C
4 290 128
4 291 [1]
5 291 
6 292 0
6 293 2
@row 294 0
2 294 [4]
3 294 
@id 295 1
4 295 0
@in_reg_id 296 1
4 296 -1
@n_lines 297 2
4 297 4008
@row_attrib 298 1
4 298 0
@cells 299 0
4 299 [3]
5 299 
@cell_attrib 300 1
6 300 1
@id_in_cell 301 1
6 301 0
@far_row 302 1
6 302 0
@far_col 303 1
6 303 0
5 299 
6 300 1
6 301 1
6 302 0
6 303 1
5 299 
6 300 1
6 301 2
6 302 0
6 303 2
@seg_id 304 1
4 304 0
3 294 
4 295 1
4 296 1
4 297 4008
4 298 0
4 299 [3]
5 299 
6 300 1
6 301 3
6 302 1
6 303 0
5 299 
6 300 1
6 301 4
6 302 1
6 303 1
5 299 
6 300 1
6 301 5
6 302 1
6 303 2
@reg_info 305 0
4 305 [1]
5 305 
6 292 0
6 293 3
4 304 0
3 294 
4 295 2
4 296 1
4 297 4008
4 298 0
4 299 [3]
5 299 
6 300 1
6 301 6
6 302 2
6 303 0
5 299 
6 300 1
6 301 7
6 302 2
6 303 1
5 299 
6 300 1
6 301 8
6 302 2
6 303 2
4 305 [1]
5 305 
6 292 0
6 293 3
4 304 0
3 294 
4 295 3
4 296 1
4 297 4008
4 298 0
4 299 [3]
5 299 
6 300 1
6 301 10
6 302 3
6 303 0
5 299 
6 300 1
6 301 11
6 302 3
6 303 1
5 299 
6 300 1
6 301 12
6 302 3
6 303 2
4 305 [1]
5 305 
6 292 0
6 293 3
4 304 0
@id 306 1
2 306 0
@table_attrib 307 1
2 307 16
@last_in_reg_id 308 1
2 308 4
@regions 309 0
2 309 [1]
3 309 ->
@id 310 1
4 310 0
@parent_id 311 1
4 311 -1
@region_attr 312 1
4 312 1605641
@repeat_symbol_id 313 1
4 313 -1
@min_repetitions 314 1
4 314 1
@tbl_elem_infos 315 0
4 315 [3]
5 315 
@cur_index 316 1
6 316 1
@dash_items 317 1
6 317 0
@fix_index 318 1
6 318 0
@attributes 319 1
6 319 0
@stack 320 0
6 320 
@sym_id 321 1
7 321 1
@elems 322 0
7 322 [2]
8 322 
@sym_depth 323 1
9 323 0
@data_val 324 0
9 324 
@type 325 1
10 325 13
@value(gen_model) 326 0
10 326 
@model_id 327 1
11 327 10
@simp_rep_id 328 1
11 328 1
@obj_identifier 329 0
11 329 NULL
8 322 
9 323 1
9 324 
10 325 13
10 326 
11 327 11
11 328 -1
11 329 NULL
5 315 
6 316 2
6 317 0
6 318 0
6 319 0
6 320 
7 321 1
7 322 [2]
8 322 
9 323 0
9 324 
10 325 13
10 326 
11 327 10
11 328 1
11 329 NULL
8 322 
9 323 1
9 324 
10 325 13
10 326 
11 327 2
11 328 -1
11 329 NULL
5 315 
6 316 3
6 317 0
6 318 0
6 319 0
6 320 
7 321 1
7 322 [2]
8 322 
9 323 0
9 324 
10 325 13
10 326 
11 327 10
11 328 1
11 329 NULL
8 322 
9 323 1
9 324 
10 325 13
10 326 
11 327 4
11 328 -1
11 329 NULL
@start_idx_reg 330 1
4 330 -1
@rpt_seeds 331 0
4 331 [1]
5 331 
@name 332 10
6 332 asm
@value 333 0
6 333 
7 325 13
7 326 
8 327 10
8 328 0
8 329 NULL
@balloon_sym_id 334 1
4 334 -1
@relpar_id 335 1
4 335 -1
@titles 336 0
4 336 
@header_region_id 337 1
5 337 -1
@footer_region_id 338 1
5 338 -1
@dwg_model_id 339 1
4 339 10
@simp_rep_id 340 1
4 340 0
@symdef_id 341 1
4 341 -1
@rotation 342 1
2 342 0
@gen_info 343 0
2 343 
3 134 1
3 229 570359809
@next_table 344 0
1 344 ->
2 272 [1]
3 272 
4 273 2
4 274 [3]
$4012CB3007C9618,40892EEA28795B0E,0
4 275 [2][3]
$4012CB3007C9618,40769F8E7F7E5902,0
$40895C2202F84CEF,40892EEA28795B0E,0
4 276 [3]
$C040425B0823D2FR,404919B73DD9A04,0
4 277 0
4 278 0
2 279 [1]
3 279 
4 273 0
4 274 [3]
$BFB87A5049820E6,40794246DF635794,0
4 275 [2][3]
$BFB87A5049820E6,4066C647ED52520E,0
$40793503FDE4220D,40794246DF635794,0
4 276 [3]
$C032B43B5966813E,403A4F82AC7968A8,0
4 277 0
4 278 0
2 280 0
2 281 5
2 282 16
2 283 0
2 284 402C68BA2E8BA2E7
2 285 3FE9R
2 286 [5]
3 286 
4 287 0
4 288 2
4 289 4018
4 290 1280
4 291 [1]
5 291 
6 292 0
6 293 1
3 286 
4 287 1
4 288 3
4 289 4039
4 290 1280
4 291 [2]
5 291 
6 292 0
6 293 0
5 291 
6 292 1
6 293 1
3 286 
4 287 2
4 288 4
4 289 4032
4 290 1280
4 291 [2]
5 291 
6 292 0
6 293 0
5 291 
6 292 1
6 293 0
3 286 
4 287 3
4 288 5
4 289 402
4 290 1280
4 291 [2]
5 291 
6 292 0
6 293 0
5 291 
6 292 1
6 293 0
3 286 
4 287 4
4 288 6
4 289 4022
4 290 1280
4 291 [2]
5 291 
6 292 0
6 293 2
5 291 
6 292 1
6 293 2
2 294 [16]
3 294 
4 295 0
4 296 -1
4 297 4
4 298 0
4 299 [5]
5 299 
6 300 1
6 301 304
6 302 0
6 303 0
5 299 
6 300 1
6 301 305
6 302 0
6 303 1
5 299 
6 300 1
6 301 306
6 302 0
6 303 2
5 299 
6 300 1
6 301 307
6 302 0
6 303 3
5 299 
6 300 1
6 301 308
6 302 0
6 303 4
4 304 0
3 294 
4 295 1
4 296 1
4 297 3FECR
4 298 0
4 299 [5]
5 299 
6 300 1
6 301 309
6 302 1
6 303 0
5 299 
6 300 1
6 301 310
6 302 1
6 303 1
5 299 
6 300 1
6 301 311
6 302 1
6 303 2
5 299 
6 300 1
6 301 312
6 302 1
6 303 3
5 299 
6 300 1
6 301 313
6 302 1
6 303 4
4 305 [2]
5 305 
6 292 0
6 293 1
5 305 
6 292 1
6 293 3
4 304 0
3 294 
4 295 2
4 296 1
4 297 3FECR
4 298 0
4 299 [5]
5 299 
6 300 1
6 301 -1
6 302 2
6 303 0
5 299 
6 300 1
6 301 314
6 302 2
6 303 1
5 299 
6 300 1
6 301 315
6 302 2
6 303 2
5 299 
6 300 1
6 301 316
6 302 2
6 303 3
5 299 
6 300 1
6 301 317
6 302 2
6 303 4
4 305 [2]
5 305 
6 292 0
6 293 0
5 305 
6 292 1
6 293 3
4 304 0
3 294 
4 295 3
4 296 1
4 297 3FECR
4 298 0
4 299 [5]
5 299 
6 300 1
6 301 -1
6 302 3
6 303 0
5 299 
6 300 1
6 301 318
6 302 3
6 303 1
5 299 
6 300 1
6 301 319
6 302 3
6 303 2
5 299 
6 300 1
6 301 320
6 302 3
6 303 3
5 299 
6 300 1
6 301 321
6 302 3
6 303 4
4 305 [2]
5 305 
6 292 0
6 293 0
5 305 
6 292 1
6 293 3
4 304 0
3 294 
4 295 4
4 296 1
4 297 3FECR
4 298 0
4 299 [5]
5 299 
6 300 1
6 301 -1
6 302 4
6 303 0
5 299 
6 300 1
6 301 322
6 302 4
6 303 1
5 299 
6 300 1
6 301 323
6 302 4
6 303 2
5 299 
6 300 1
6 301 324
6 302 4
6 303 3
5 299 
6 300 1
6 301 325
6 302 4
6 303 4
4 305 [2]
5 305 
6 292 0
6 293 0
5 305 
6 292 1
6 293 3
4 304 0
3 294 
4 295 5
4 296 1
4 297 3FECR
4 298 0
4 299 [5]
5 299 
6 300 1
6 301 -1
6 302 5
6 303 0
5 299 
6 300 1
6 301 326
6 302 5
6 303 1
5 299 
6 300 1
6 301 327
6 302 5
6 303 2
5 299 
6 300 1
6 301 328
6 302 5
6 303 3
5 299 
6 300 1
6 301 329
6 302 5
6 303 4
4 305 [2]
5 305 
6 292 0
6 293 0
5 305 
6 292 1
6 293 3
4 304 0
3 294 
4 295 6
4 296 1
4 297 3FECR
4 298 0
4 299 [5]
5 299 
6 300 1
6 301 -1
6 302 6
6 303 0
5 299 
6 300 1
6 301 330
6 302 6
6 303 1
5 299 
6 300 1
6 301 331
6 302 6
6 303 2
5 299 
6 300 1
6 301 332
6 302 6
6 303 3
5 299 
6 300 1
6 301 333
6 302 6
6 303 4
4 305 [2]
5 305 
6 292 0
6 293 0
5 305 
6 292 1
6 293 3
4 304 0
3 294 
4 295 7
4 296 1
4 297 3FECR
4 298 0
4 299 [5]
5 299 
6 300 1
6 301 -1
6 302 7
6 303 0
5 299 
6 300 1
6 301 334
6 302 7
6 303 1
5 299 
6 300 1
6 301 335
6 302 7
6 303 2
5 299 
6 300 1
6 301 336
6 302 7
6 303 3
5 299 
6 300 1
6 301 337
6 302 7
6 303 4
4 305 [2]
5 305 
6 292 0
6 293 0
5 305 
6 292 1
6 293 3
4 304 0
3 294 
4 295 8
4 296 1
4 297 3FECR
4 298 0
4 299 [5]
5 299 
6 300 1
6 301 -1
6 302 8
6 303 0
5 299 
6 300 1
6 301 338
6 302 8
6 303 1
5 299 
6 300 1
6 301 339
6 302 8
6 303 2
5 299 
6 300 1
6 301 340
6 302 8
6 303 3
5 299 
6 300 1
6 301 341
6 302 8
6 303 4
4 305 [2]
5 305 
6 292 0
6 293 0
5 305 
6 292 1
6 293 3
4 304 0
3 294 
4 295 9
4 296 1
4 297 3FECR
4 298 0
4 299 [5]
5 299 
6 300 1
6 301 -1
6 302 9
6 303 0
5 299 
6 300 1
6 301 342
6 302 9
6 303 1
5 299 
6 300 1
6 301 343
6 302 9
6 303 2
5 299 
6 300 1
6 301 344
6 302 9
6 303 3
5 299 
6 300 1
6 301 345
6 302 9
6 303 4
4 305 [2]
5 305 
6 292 0
6 293 0
5 305 
6 292 1
6 293 3
4 304 0
3 294 
4 295 10
4 296 1
4 297 3FECR
4 298 0
4 299 [5]
5 299 
6 300 1
6 301 -1
6 302 10
6 303 0
5 299 
6 300 1
6 301 346
6 302 10
6 303 1
5 299 
6 300 1
6 301 347
6 302 10
6 303 2
5 299 
6 300 1
6 301 348
6 302 10
6 303 3
5 299 
6 300 1
6 301 349
6 302 10
6 303 4
4 305 [2]
5 305 
6 292 0
6 293 0
5 305 
6 292 1
6 293 3
4 304 0
3 294 
4 295 11
4 296 1
4 297 3FECR
4 298 0
4 299 [5]
5 299 
6 300 1
6 301 -1
6 302 11
6 303 0
5 299 
6 300 1
6 301 350
6 302 11
6 303 1
5 299 
6 300 1
6 301 351
6 302 11
6 303 2
5 299 
6 300 1
6 301 352
6 302 11
6 303 3
5 299 
6 300 1
6 301 353
6 302 11
6 303 4
4 305 [2]
5 305 
6 292 0
6 293 0
5 305 
6 292 1
6 293 3
4 304 0
3 294 
4 295 12
4 296 1
4 297 3FECR
4 298 0
4 299 [5]
5 299 
6 300 1
6 301 -1
6 302 12
6 303 0
5 299 
6 300 1
6 301 354
6 302 12
6 303 1
5 299 
6 300 1
6 301 355
6 302 12
6 303 2
5 299 
6 300 1
6 301 356
6 302 12
6 303 3
5 299 
6 300 1
6 301 357
6 302 12
6 303 4
4 305 [2]
5 305 
6 292 0
6 293 0
5 305 
6 292 1
6 293 3
4 304 0
3 294 
4 295 13
4 296 1
4 297 3FECR
4 298 0
4 299 [5]
5 299 
6 300 1
6 301 -1
6 302 13
6 303 0
5 299 
6 300 1
6 301 358
6 302 13
6 303 1
5 299 
6 300 1
6 301 359
6 302 13
6 303 2
5 299 
6 300 1
6 301 360
6 302 13
6 303 3
5 299 
6 300 1
6 301 361
6 302 13
6 303 4
4 305 [2]
5 305 
6 292 0
6 293 0
5 305 
6 292 1
6 293 3
4 304 0
3 294 
4 295 14
4 296 1
4 297 3FECR
4 298 0
4 299 [5]
5 299 
6 300 1
6 301 -1
6 302 14
6 303 0
5 299 
6 300 1
6 301 362
6 302 14
6 303 1
5 299 
6 300 1
6 301 363
6 302 14
6 303 2
5 299 
6 300 1
6 301 364
6 302 14
6 303 3
5 299 
6 300 1
6 301 365
6 302 14
6 303 4
4 305 [2]
5 305 
6 292 0
6 293 0
5 305 
6 292 1
6 293 3
4 304 0
3 294 
4 295 15
4 296 1
4 297 3FECR
4 298 0
4 299 [5]
5 299 
6 300 1
6 301 -1
6 302 15
6 303 0
5 299 
6 300 1
6 301 366
6 302 15
6 303 1
5 299 
6 300 1
6 301 367
6 302 15
6 303 2
5 299 
6 300 1
6 301 368
6 302 15
6 303 3
5 299 
6 300 1
6 301 369
6 302 15
6 303 4
4 305 [2]
5 305 
6 292 0
6 293 2
5 305 
6 292 1
6 293 3
4 304 0
2 306 9
2 307 0
2 308 7
2 309 [2]
3 309 ->
4 310 0
4 311 -1
4 312 0
4 313 -1
4 314 1
4 315 [1]
5 315 
6 316 1
6 317 0
6 318 0
6 319 0
6 320 
7 321 3
7 322 [2]
8 322 
9 323 0
9 324 
10 325 13
10 326 
11 327 10
11 328 1
11 329 NULL
8 322 
9 323 1
9 324 
10 325 8
@value(rpt_int_ptr) 345 0
10 345 
@integer 346 1
11 346 9
4 330 -1
4 331 [1]
5 331 
6 332 mfg
6 333 
7 325 13
7 326 
8 327 10
8 328 1
8 329 NULL
4 334 -1
4 335 -1
4 336 
5 337 -1
5 338 -1
4 339 10
4 340 1
4 341 0
3 309 ->
4 310 1
4 311 0
4 312 0
4 313 -1
4 314 1
4 315 [15]
5 315 
6 316 1
6 317 0
6 318 0
6 319 0
6 320 
7 321 8
7 322 [3]
8 322 
9 323 0
9 324 
10 325 13
10 326 
11 327 10
11 328 1
11 329 NULL
8 322 
9 323 1
9 324 
10 325 8
10 345 
11 346 9
8 322 
9 323 2
9 324 
10 325 8
10 345 
11 346 11
5 315 
6 316 2
6 317 0
6 318 0
6 319 0
6 320 
7 321 8
7 322 [3]
8 322 
9 323 0
9 324 
10 325 13
10 326 
11 327 10
11 328 1
11 329 NULL
8 322 
9 323 1
9 324 
10 325 8
10 345 
11 346 9
8 322 
9 323 2
9 324 
10 325 8
10 345 
11 346 798
5 315 
6 316 3
6 317 0
6 318 0
6 319 0
6 320 
7 321 8
7 322 [3]
8 322 
9 323 0
9 324 
10 325 13
10 326 
11 327 10
11 328 1
11 329 NULL
8 322 
9 323 1
9 324 
10 325 8
10 345 
11 346 9
8 322 
9 323 2
9 324 
10 325 8
10 345 
11 346 1198
5 315 
6 316 4
6 317 0
6 318 0
6 319 0
6 320 
7 321 8
7 322 [3]
8 322 
9 323 0
9 324 
10 325 13
10 326 
11 327 10
11 328 1
11 329 NULL
8 322 
9 323 1
9 324 
10 325 8
10 345 
11 346 9
8 322 
9 323 2
9 324 
10 325 8
10 345 
11 346 1546
5 315 
6 316 5
6 317 0
6 318 0
6 319 0
6 320 
7 321 8
7 322 [3]
8 322 
9 323 0
9 324 
10 325 13
10 326 
11 327 10
11 328 1
11 329 NULL
8 322 
9 323 1
9 324 
10 325 8
10 345 
11 346 9
8 322 
9 323 2
9 324 
10 325 8
10 345 
11 346 1970
5 315 
6 316 6
6 317 0
6 318 0
6 319 0
6 320 
7 321 8
7 322 [3]
8 322 
9 323 0
9 324 
10 325 13
10 326 
11 327 10
11 328 1
11 329 NULL
8 322 
9 323 1
9 324 
10 325 8
10 345 
11 346 9
8 322 
9 323 2
9 324 
10 325 8
10 345 
11 346 2015
5 315 
6 316 7
6 317 0
6 318 0
6 319 0
6 320 
7 321 8
7 322 [3]
8 322 
9 323 0
9 324 
10 325 13
10 326 
11 327 10
11 328 1
11 329 NULL
8 322 
9 323 1
9 324 
10 325 8
10 345 
11 346 9
8 322 
9 323 2
9 324 
10 325 8
10 345 
11 346 2016
5 315 
6 316 8
6 317 0
6 318 0
6 319 0
6 320 
7 321 8
7 322 [3]
8 322 
9 323 0
9 324 
10 325 13
10 326 
11 327 10
11 328 1
11 329 NULL
8 322 
9 323 1
9 324 
10 325 8
10 345 
11 346 9
8 322 
9 323 2
9 324 
10 325 8
10 345 
11 346 2017
5 315 
6 316 9
6 317 0
6 318 0
6 319 0
6 320 
7 321 8
7 322 [3]
8 322 
9 323 0
9 324 
10 325 13
10 326 
11 327 10
11 328 1
11 329 NULL
8 322 
9 323 1
9 324 
10 325 8
10 345 
11 346 9
8 322 
9 323 2
9 324 
10 325 8
10 345 
11 346 2069
5 315 
6 316 10
6 317 0
6 318 0
6 319 0
6 320 
7 321 8
7 322 [3]
8 322 
9 323 0
9 324 
10 325 13
10 326 
11 327 10
11 328 1
11 329 NULL
8 322 
9 323 1
9 324 
10 325 8
10 345 
11 346 9
8 322 
9 323 2
9 324 
10 325 8
10 345 
11 346 2070
5 315 
6 316 11
6 317 0
6 318 0
6 319 0
6 320 
7 321 8
7 322 [3]
8 322 
9 323 0
9 324 
10 325 13
10 326 
11 327 10
11 328 1
11 329 NULL
8 322 
9 323 1
9 324 
10 325 8
10 345 
11 346 9
8 322 
9 323 2
9 324 
10 325 8
10 345 
11 346 2071
5 315 
6 316 12
6 317 0
6 318 0
6 319 0
6 320 
7 321 8
7 322 [3]
8 322 
9 323 0
9 324 
10 325 13
10 326 
11 327 10
11 328 1
11 329 NULL
8 322 
9 323 1
9 324 
10 325 8
10 345 
11 346 9
8 322 
9 323 2
9 324 
10 325 8
10 345 
11 346 2440
5 315 
6 316 13
6 317 0
6 318 0
6 319 0
6 320 
7 321 8
7 322 [3]
8 322 
9 323 0
9 324 
10 325 13
10 326 
11 327 10
11 328 1
11 329 NULL
8 322 
9 323 1
9 324 
10 325 8
10 345 
11 346 9
8 322 
9 323 2
9 324 
10 325 8
10 345 
11 346 2441
5 315 
6 316 14
6 317 0
6 318 0
6 319 0
6 320 
7 321 8
7 322 [3]
8 322 
9 323 0
9 324 
10 325 13
10 326 
11 327 10
11 328 1
11 329 NULL
8 322 
9 323 1
9 324 
10 325 8
10 345 
11 346 9
8 322 
9 323 2
9 324 
10 325 8
10 345 
11 346 2442
5 315 
6 316 15
6 317 0
6 318 0
6 319 0
6 320 
7 321 8
7 322 [3]
8 322 
9 323 0
9 324 
10 325 13
10 326 
11 327 10
11 328 1
11 329 NULL
8 322 
9 323 1
9 324 
10 325 8
10 345 
11 346 9
8 322 
9 323 2
9 324 
10 325 8
10 345 
11 346 2443
4 330 -1
4 334 -1
4 335 -1
4 336 
5 337 -1
5 338 -1
4 339 10
4 340 1
4 341 0
2 342 0
2 343 
3 229 1
1 344 ->
2 272 [1]
3 272 
4 273 1
4 274 [3]
$3FF88015BE416D8,4089494BF67F5A75,0
4 275 [2][3]
$3FF88015BE416D8,40803206250AFD5D,0
$4084EDB467F66687,4089494BF67F5A75,0
4 276 [3]
$C041D7C05B2AF3C,404ABFD41E3996B,0
4 277 0
4 278 0
2 279 [1]
3 279 
4 273 0
4 274 [3]
$402D204F88B2F394,4088EDE0848E7F96,0
4 275 [2][3]
$402D204F88B2F394,407FAD35663444FC,0
$408555F59B3A11A,4088EDE0848E7F96,0
4 276 [3]
$C036A75A4DE0848E,4045091CFF2BE8C,0
4 277 0
4 278 0
2 280 0
2 281 5
2 282 8
2 283 0
2 284 402C68BA2E8BA2E8
2 285 3FE9R
2 286 [5]
3 286 
4 287 0
4 288 2
4 289 4022
4 290 768
4 291 [1]
5 291 
6 292 0
6 293 1
3 286 
4 287 1
4 288 3
4 289 4022
4 290 1280
4 291 [2]
5 291 
6 292 0
6 293 0
5 291 
6 292 1
6 293 1
3 286 
4 287 2
4 288 4
4 289 402F9R
4 290 768
4 291 [2]
5 291 
6 292 0
6 293 0
5 291 
6 292 1
6 293 0
3 286 
4 287 3
4 288 5
4 289 4022
4 290 1280
4 291 [2]
5 291 
6 292 0
6 293 0
5 291 
6 292 1
6 293 0
3 286 
4 287 4
4 288 6
4 289 4026
4 290 768
4 291 [2]
5 291 
6 292 0
6 293 2
5 291 
6 292 1
6 293 2
2 294 [8]
3 294 
4 295 0
4 296 -1
4 297 3FF5F92C5F92C5FB
4 298 0
4 299 [5]
5 299 
6 300 1
6 301 371
6 302 0
6 303 0
5 299 
6 300 1
6 301 372
6 302 0
6 303 1
5 299 
6 300 1
6 301 373
6 302 0
6 303 2
5 299 
6 300 1
6 301 374
6 302 0
6 303 3
5 299 
6 300 1
6 301 375
6 302 0
6 303 4
4 304 0
3 294 
4 295 1
4 296 1
4 297 3FF5F92C5F92C5FB
4 298 0
4 299 [5]
5 299 
6 300 1
6 301 376
6 302 1
6 303 0
5 299 
6 300 1
6 301 377
6 302 1
6 303 1
5 299 
6 300 1
6 301 378
6 302 1
6 303 2
5 299 
6 300 1
6 301 379
6 302 1
6 303 3
5 299 
6 300 1
6 301 380
6 302 1
6 303 4
4 305 [2]
5 305 
6 292 0
6 293 1
5 305 
6 292 1
6 293 3
4 304 0
3 294 
4 295 2
4 296 1
4 297 3FF5F92C5F92C5FB
4 298 0
4 299 [5]
5 299 
6 300 1
6 301 -1
6 302 2
6 303 0
5 299 
6 300 1
6 301 381
6 302 2
6 303 1
5 299 
6 300 1
6 301 382
6 302 2
6 303 2
5 299 
6 300 1
6 301 383
6 302 2
6 303 3
5 299 
6 300 1
6 301 384
6 302 2
6 303 4
4 305 [2]
5 305 
6 292 0
6 293 0
5 305 
6 292 1
6 293 3
4 304 0
3 294 
4 295 3
4 296 1
4 297 3FF5F92C5F92C5FB
4 298 0
4 299 [5]
5 299 
6 300 1
6 301 -1
6 302 3
6 303 0
5 299 
6 300 1
6 301 385
6 302 3
6 303 1
5 299 
6 300 1
6 301 386
6 302 3
6 303 2
5 299 
6 300 1
6 301 387
6 302 3
6 303 3
5 299 
6 300 1
6 301 388
6 302 3
6 303 4
4 305 [2]
5 305 
6 292 0
6 293 0
5 305 
6 292 1
6 293 3
4 304 0
3 294 
4 295 4
4 296 1
4 297 3FF5F92C5F92C5FB
4 298 0
4 299 [5]
5 299 
6 300 1
6 301 -1
6 302 4
6 303 0
5 299 
6 300 1
6 301 389
6 302 4
6 303 1
5 299 
6 300 1
6 301 390
6 302 4
6 303 2
5 299 
6 300 1
6 301 391
6 302 4
6 303 3
5 299 
6 300 1
6 301 392
6 302 4
6 303 4
4 305 [2]
5 305 
6 292 0
6 293 0
5 305 
6 292 1
6 293 3
4 304 0
3 294 
4 295 5
4 296 1
4 297 3FF5F92C5F92C5FB
4 298 0
4 299 [5]
5 299 
6 300 1
6 301 -1
6 302 5
6 303 0
5 299 
6 300 1
6 301 393
6 302 5
6 303 1
5 299 
6 300 1
6 301 394
6 302 5
6 303 2
5 299 
6 300 1
6 301 395
6 302 5
6 303 3
5 299 
6 300 1
6 301 396
6 302 5
6 303 4
4 305 [2]
5 305 
6 292 0
6 293 0
5 305 
6 292 1
6 293 3
4 304 0
3 294 
4 295 6
4 296 1
4 297 3FF5F92C5F92C5FB
4 298 0
4 299 [5]
5 299 
6 300 1
6 301 -1
6 302 6
6 303 0
5 299 
6 300 1
6 301 397
6 302 6
6 303 1
5 299 
6 300 1
6 301 398
6 302 6
6 303 2
5 299 
6 300 1
6 301 399
6 302 6
6 303 3
5 299 
6 300 1
6 301 400
6 302 6
6 303 4
4 305 [2]
5 305 
6 292 0
6 293 0
5 305 
6 292 1
6 293 3
4 304 0
3 294 
4 295 7
4 296 1
4 297 3FF5F92C5F92C5FB
4 298 0
4 299 [5]
5 299 
6 300 1
6 301 -1
6 302 7
6 303 0
5 299 
6 300 1
6 301 401
6 302 7
6 303 1
5 299 
6 300 1
6 301 402
6 302 7
6 303 2
5 299 
6 300 1
6 301 403
6 302 7
6 303 3
5 299 
6 300 1
6 301 404
6 302 7
6 303 4
4 305 [2]
5 305 
6 292 0
6 293 2
5 305 
6 292 1
6 293 3
4 304 0
2 306 10
2 307 0
2 308 6
2 309 [2]
3 309 ->
4 310 0
4 311 -1
4 312 0
4 313 -1
4 314 1
4 315 [1]
5 315 
6 316 1
6 317 0
6 318 0
6 319 0
6 320 
7 321 3
7 322 [2]
8 322 
9 323 0
9 324 
10 325 13
10 326 
11 327 10
11 328 1
11 329 NULL
8 322 
9 323 1
9 324 
10 325 8
10 345 
11 346 9
4 330 -1
4 331 [1]
5 331 
6 332 mfg
6 333 
7 325 13
7 326 
8 327 10
8 328 1
8 329 NULL
4 334 -1
4 335 -1
4 336 
5 337 -1
5 338 -1
4 339 10
4 340 1
4 341 0
3 309 ->
4 310 1
4 311 0
4 312 0
4 313 -1
4 314 1
4 315 [7]
5 315 
6 316 1
6 317 0
6 318 0
6 319 0
6 320 
7 321 6
7 322 [6]
8 322 
9 323 0
9 324 
10 325 13
10 326 
11 327 10
11 328 1
11 329 NULL
8 322 
9 323 1
9 324 
10 325 8
10 345 
11 346 9
8 322 
9 323 2
9 324 
10 325 8
10 345 
11 346 10
8 322 
9 323 3
9 324 
10 325 8
10 345 
11 346 0
8 322 
9 323 4
9 324 
10 325 8
10 345 
11 346 0
8 322 
9 323 5
9 324 
10 325 8
10 345 
11 346 1
5 315 
6 316 2
6 317 0
6 318 0
6 319 0
6 320 
7 321 6
7 322 [6]
8 322 
9 323 0
9 324 
10 325 13
10 326 
11 327 10
11 328 1
11 329 NULL
8 322 
9 323 1
9 324 
10 325 8
10 345 
11 346 9
8 322 
9 323 2
9 324 
10 325 8
10 345 
11 346 10
8 322 
9 323 3
9 324 
10 325 8
10 345 
11 346 0
8 322 
9 323 4
9 324 
10 325 8
10 345 
11 346 1
8 322 
9 323 5
9 324 
10 325 8
10 345 
11 346 2
5 315 
6 316 3
6 317 0
6 318 0
6 319 0
6 320 
7 321 6
7 322 [6]
8 322 
9 323 0
9 324 
10 325 13
10 326 
11 327 10
11 328 1
11 329 NULL
8 322 
9 323 1
9 324 
10 325 8
10 345 
11 346 9
8 322 
9 323 2
9 324 
10 325 8
10 345 
11 346 10
8 322 
9 323 3
9 324 
10 325 8
10 345 
11 346 0
8 322 
9 323 4
9 324 
10 325 8
10 345 
11 346 2
8 322 
9 323 5
9 324 
10 325 8
10 345 
11 346 3
5 315 
6 316 4
6 317 0
6 318 0
6 319 0
6 320 
7 321 6
7 322 [6]
8 322 
9 323 0
9 324 
10 325 13
10 326 
11 327 10
11 328 1
11 329 NULL
8 322 
9 323 1
9 324 
10 325 8
10 345 
11 346 9
8 322 
9 323 2
9 324 
10 325 8
10 345 
11 346 10
8 322 
9 323 3
9 324 
10 325 8
10 345 
11 346 0
8 322 
9 323 4
9 324 
10 325 8
10 345 
11 346 3
8 322 
9 323 5
9 324 
10 325 8
10 345 
11 346 4
5 315 
6 316 5
6 317 0
6 318 0
6 319 0
6 320 
7 321 6
7 322 [6]
8 322 
9 323 0
9 324 
10 325 13
10 326 
11 327 10
11 328 1
11 329 NULL
8 322 
9 323 1
9 324 
10 325 8
10 345 
11 346 9
8 322 
9 323 2
9 324 
10 325 8
10 345 
11 346 10
8 322 
9 323 3
9 324 
10 325 8
10 345 
11 346 0
8 322 
9 323 4
9 324 
10 325 8
10 345 
11 346 4
8 322 
9 323 5
9 324 
10 325 8
10 345 
11 346 5
5 315 
6 316 6
6 317 0
6 318 0
6 319 0
6 320 
7 321 6
7 322 [6]
8 322 
9 323 0
9 324 
10 325 13
10 326 
11 327 10
11 328 1
11 329 NULL
8 322 
9 323 1
9 324 
10 325 8
10 345 
11 346 9
8 322 
9 323 2
9 324 
10 325 8
10 345 
11 346 10
8 322 
9 323 3
9 324 
10 325 8
10 345 
11 346 0
8 322 
9 323 4
9 324 
10 325 8
10 345 
11 346 5
8 322 
9 323 5
9 324 
10 325 8
10 345 
11 346 6
5 315 
6 316 7
6 317 0
6 318 0
6 319 0
6 320 
7 321 6
7 322 [6]
8 322 
9 323 0
9 324 
10 325 13
10 326 
11 327 10
11 328 1
11 329 NULL
8 322 
9 323 1
9 324 
10 325 8
10 345 
11 346 9
8 322 
9 323 2
9 324 
10 325 8
10 345 
11 346 10
8 322 
9 323 3
9 324 
10 325 8
10 345 
11 346 0
8 322 
9 323 4
9 324 
10 325 8
10 345 
11 346 6
8 322 
9 323 5
9 324 
10 325 8
10 345 
11 346 7
4 330 -1
4 334 -1
4 335 -1
4 336 
5 337 -1
5 338 -1
4 339 10
4 340 1
4 341 0
2 342 0
2 343 
3 229 1
1 344 NULL
@dwg_models 347 0
1 347 [12]
2 347 ->
@type 348 1
3 348 44
@id 349 1
3 349 0
@overall_geom_rev_num 350 1
3 350 0
@model 351 0
3 351 
@type 352 1
4 352 4
@obj_identifier 353 0
3 353 NULL
@dwg_model_attr 354 1
3 354 1
@pmeta_dep_id 355 1
3 355 -1
@cur_simp_rep_id 356 1
3 356 0
2 347 NULL
2 347 ->
3 348 44
3 349 2
3 350 436
3 351 
4 352 2
3 353 ->
@object_type 357 1
4 357 2
@name 358 10
4 358 CORE_BLOCK
@simpl_rep 359 0
4 359 NULL
3 354 4
3 355 -1
@mdl_back_refs 360 0
3 360 [2]
4 360 
@parent_dwg_mdl_id 361 1
5 361 1
@feat_ids 362 1
5 362 [1]
6 362 1
4 360 
5 361 10
5 362 [1]
6 362 1
3 356 0
2 347 NULL
2 347 ->
3 348 44
3 349 4
3 350 6
3 351 
4 352 1
3 353 ->
4 357 1
4 358 FIXTURE_W_VISE
4 359 NULL
3 354 4
3 355 -1
3 360 [2]
4 360 
5 361 1
5 362 [1]
6 362 6
4 360 
5 361 10
5 362 [1]
6 362 6
3 356 0
2 347 ->
3 348 44
3 349 5
3 350 369
3 351 
4 352 2
3 353 ->
4 357 2
4 358 BASE_PLATE
4 359 NULL
3 354 4
3 355 -1
3 360 [1]
4 360 
5 361 4
5 362 [1]
6 362 1
3 356 0
2 347 ->
3 348 44
3 349 6
3 350 840
3 351 
4 352 2
3 353 ->
4 357 2
4 358 VISE1
4 359 NULL
3 354 4
3 355 -1
3 360 [1]
4 360 
5 361 4
5 362 [1]
6 362 2
3 356 0
2 347 ->
3 348 44
3 349 7
3 350 16
3 351 
4 352 1
3 353 ->
4 357 1
4 358 H_ASM
4 359 NULL
3 354 2
3 355 -1
@p_simp_reps 363 0
3 363 [1]
4 363 ->
@simpl_rep 364 0
5 364 ->
@state_id 365 1
6 365 -1
@type 366 1
6 366 309
@state_name 367 10
6 367 Master Rep
@prs_step_id 368 1
6 368 -1
@expld_ref 369 0
6 369 NULL
3 356 0
2 347 ->
3 348 44
3 349 8
3 350 250
3 351 
4 352 2
3 353 ->
4 357 2
4 358 CHUCK3
4 359 NULL
3 354 4
3 355 -1
3 360 [1]
4 360 
5 361 7
5 362 [1]
6 362 2
3 356 0
2 347 ->
3 348 44
3 349 9
3 350 466
3 351 
4 352 2
3 353 ->
4 357 2
4 358 BEM_25S
4 359 NULL
3 354 4
3 355 -1
3 360 [1]
4 360 
5 361 7
5 362 [1]
6 362 3
3 356 0
2 347 ->
3 348 44
3 349 10
3 350 139492
3 351 
4 352 1
3 353 ->
4 357 1
4 358 BOOMBOX_GOGB
4 359 NULL
3 354 10
3 355 -1
3 363 [2]
4 363 ->
5 364 ->
6 365 -1
6 366 309
6 367 Master Rep
6 368 5
6 369 NULL
4 363 ->
5 364 ->
6 365 -1
6 366 309
6 367 Master Rep
6 368 2443
6 369 NULL
3 356 0
2 347 ->
3 348 44
3 349 11
3 350 113
3 351 
4 352 2
3 353 ->
4 357 2
4 358 BOX_CORE_WP
4 359 NULL
3 354 4
3 355 -1
3 360 [1]
4 360 
5 361 10
5 362 [1]
6 362 2
3 356 0
@last_table_id 370 1
1 370 10
@format_info 371 0
1 371 NULL
@layout_info 372 0
1 372 NULL
@view_ptrs 373 0
1 373 [14]
2 373 ->
@id 374 1
3 374 0
@viewattr 375 0
3 375 
@attr_arr 376 1
4 376 [4]
$1,3*0
@mpoint 377 0
3 377 
@id 378 1
4 378 0
@coord 379 2
4 379 [3]
$3*0
@first_instr_ptr 380 0
4 380 NULL
@attach_ptr 381 0
4 381 NULL
@vpoint 382 0
3 382 
4 378 0
4 379 [3]
$407F4,407A5E,0
4 380 NULL
4 381 NULL
@orient 383 2
3 383 [4][4]
$3FF,3*0
$0,3FF,2*0
$2*0,3FF,0
$3*0,3FF
@local_sys 384 2
3 384 [4][4]
$3FF,3*0
$0,3FF,2*0
$2*0,3FF,0
$3*0,3FF
@first_instr_ptr 385 0
3 385 NULL
@outer_xsec_index 386 1
3 386 -1
@next_view_id 387 1
3 387 -2
@simp_rep_id 388 1
3 388 0
@name 389 10
3 389 overlay_view
@matrix 390 2
3 390 [4][4]
$3FF,3*0
$0,3FF,2*0
$2*0,3FF,0
$3*0,3FF
@fit_outline 391 2
3 391 [2][3]
$4059,405518,0
$408C2,4087BB,0
@det_info_ptr 392 0
3 392 NULL
@named_view_pzmatr 393 0
3 393 NULL
@page_id 394 1
3 394 0
@model_name 395 10
3 395 CORE_BOM.DRW
@unrep_model_name 396 10
3 396 CORE_BOM.DRW
@explode_state 397 0
3 397 NULL
2 373 NULL
2 373 NULL
2 373 NULL
2 373 ->
3 374 4
3 375 
4 376 [4]
$1,3*0
3 377 
4 378 0
4 379 [3]
$3*0
4 380 NULL
4 381 NULL
3 382 
4 378 0
4 379 [3]
$407F4,407A5E,0
4 380 NULL
4 381 NULL
3 383 [4][4]
$3FF,3*0
$0,3FF,2*0
$2*0,3FF,0
$3*0,3FF
3 384 [4][4]
$3FF,3*0
$0,3FF,2*0
$2*0,3FF,0
$3*0,3FF
3 385 NULL
3 386 -1
3 387 -2
3 388 0
3 389 overlay_view
3 390 [4][4]
$3FF,3*0
$0,3FF,2*0
$2*0,3FF,0
$3*0,3FF
3 391 [2][3]
$4059,405518,0
$408C2,4087BB,0
3 392 NULL
3 393 NULL
3 394 1
3 395 CORE_BOM.DRW
3 396 CORE_BOM.DRW
3 397 NULL
2 373 NULL
2 373 NULL
2 373 ->
3 374 7
3 375 
4 376 [4]
$65600,-1879048192,2,0
3 377 
4 378 0
4 379 [3]
$BFA01D787894217,BFB049CFD18FE4E,3FA995E66B61C14
4 380 NULL
4 381 NULL
3 382 
4 378 0
4 379 [3]
$406946F35B149BE6,40718EFB2B61D01R,0
4 380 NULL
4 381 NULL
3 383 [4][4]
$3FED7954E7DBA2F8,0,3FD8EC3AE92B676B,0
$BFD385CE5246572,3FE3E43A9692E21C,3FE7167619F550A2,0
$BFCEFC077F3F36A6,BFE91103985DA841,3FE25240DD3851BF,0
$3*0,3FF
3 384 [4][4]
$40591EAE2E555F41,0,40453DB23544FDF5,0
$C040A37E63362186,4050F3F7C0547512,4053AD533336E4B8,0
$C03A684092446BAR,C0555D0BCA95A3C2,404F3AC004B74585,0
$406992A07110306,40721856F0BC9F86,4009CA6BB08F9507,3FF
3 385 ->
@type 398 1
4 398 111
@geom_id 399 1
4 399 -1
@view_id 400 1
4 400 -1
@memb_num 401 1
4 401 0
@offset 402 2
4 402 3FF3R
@matrix 403 0
4 403 NULL
@next_instr_ptr 404 0
3 404 ->
4 398 215
4 399 -1
4 400 -1
4 401 0
4 402 0
4 403 ->
@matrix 405 2
5 405 [4][4]
$3FED7954E7DBA2F8,0,3FD8EC3AE92B676B,0
$BFD385CE5246572,3FE3E43A9692E21C,3FE7167619F550A2,0
$BFCEFC077F3F36A6,BFE91103985DA841,3FE25240DD3851BF,0
$3*0,3FF
3 404 NULL
3 386 -1
3 387 -2
3 388 -1
3 389 main_view
3 390 [4][4]
$3FF,3*0
$0,3FF,2*0
$2*0,3FF,0
$3*0,3FF
3 391 [2][3]
$405A1BF9AE3A0468,4059EC80DC31A6F8,C061BF122720E7E9
$4072BFF4EF861ACR,407CA2D61FB736R,4061BF122720E7E9
3 392 NULL
3 393 NULL
3 394 1
3 395 H_ASM.ASM
3 396 H_ASM.ASM
3 397 NULL
2 373 NULL
2 373 ->
3 374 9
3 375 
4 376 [4]
$65601,-1879048192,2,0
3 377 
4 378 0
4 379 [3]
$401307FE882D039A,40102D09BCC3C5AR,3FE8CD0248A765A
4 380 NULL
4 381 NULL
3 382 
4 378 0
4 379 [3]
$407D9FF440C3296R,407F82F22450845R,0
4 380 NULL
4 381 NULL
3 383 [4][4]
$BFE860C3ABC195FA,3FDF832B2BC85174,BFDAF0EEE85912C5,0
$BF9B5F47A289332,BFE58A914BB8115D,BFE7A5F64E1E055E,0
$BFE4B63E06CCC794,BFE1A7CD3320DD4R,3FE0D4E266322B7B,0
$3*0,3FF
3 384 [4][4]
$C02DC7A9362DEFEF,40233F63D2BDFD63,C020749D8F5F2202,0
$BFE0B803C1182A2R,C02A508BAC7F66A9,C02CE37710E1C3A5,0
$C0294D2BC565CB13,C0259159372F6B62,40248FB1A87A60C,0
$40816610B87BF99F,40803FB16C94ACDR,405665CE3D7FD05C,3FF
3 385 ->
4 398 215
4 399 -1
4 400 -1
4 401 0
4 402 0
4 403 ->
5 405 [4][4]
$3FED7954E7DBA2F8,0,3FD8EC3AE92B676B,0
$BFD385CE5246572,3FE3E43A9692E21C,3FE7167619F550A2,0
$BFCEFC077F3F36A6,BFE91103985DA841,3FE25240DD3851BF,0
$3*0,3FF
3 404 ->
4 398 125
4 399 -1
4 400 -1
4 401 0
4 402 0
4 403 ->
5 405 [4][4]
$BFE12DD53FD0A15D,3FE95B71629B7785,BFD28924DA6AF74E,0
$3FDF628A7BA902E4,3F8C249C0310728,BFEBE277E19A8253,0
$BFE5F8021100C79B,BFE383BBF65A153B,BFD95789AE6192A1,0
$3*0,3FF
3 404 ->
4 398 111
4 399 -1
4 400 -1
4 401 0
4 402 3FDB851EB851EB85
4 403 NULL
3 404 NULL
3 386 -1
3 387 -2
3 388 0
3 389 main_view
3 390 [4][4]
$3FF,3*0
$0,3FF,2*0
$2*0,3FF,0
$3*0,3FF
3 391 [2][3]
$40660729D6C11A5C,4070E6801E813858,C06F49FD06A918BC
$40881E29CB12E2CE,40870FB2150FE82C,406F49FD06A9187E
3 392 NULL
3 393 NULL
3 394 0
3 395 BOOMBOX_GOGB.ASM
3 396 BOOMBOX_GOGB.ASM
3 397 NULL
2 373 ->
3 374 10
3 375 
4 376 [4]
$65601,-1879048192,2,0
3 377 
4 378 0
4 379 [3]
$40131C4EB19B18CR,400E6C9F403134D,3FE85F41A31C548
4 380 NULL
4 381 NULL
3 382 
4 378 0
4 379 [3]
$4084A04BB2C50A7A,40715B36A9A122CA,0
4 380 NULL
4 381 NULL
3 383 [4][4]
$BFE860C3ABC195FA,3FDF832B2BC85174,BFDAF0EEE85912C5,0
$BF9B5F47A289332,BFE58A914BB8115D,BFE7A5F64E1E055E,0
$BFE4B63E06CCC794,BFE1A7CD3320DD4R,3FE0D4E266322B7B,0
$3*0,3FF
3 384 [4][4]
$C02BB3C714A1CD5R,4021E79E58E05CD3,C01E9D6C93AB09B,0
$BFDF1AD1673ED15E,C0287A8DD60B598C,C02ADF809E967A76,0
$C02789467C173FE2,C02410235D026FCD,40232075A2AD5FF4,0
$40870831169626DE,407211DDA5AB4A08,4054187E176DDBEC,3FF
3 385 ->
4 398 215
4 399 -1
4 400 -1
4 401 0
4 402 0
4 403 ->
5 405 [4][4]
$3FED7954E7DBA2F8,0,3FD8EC3AE92B676B,0
$BFD385CE5246572,3FE3E43A9692E21C,3FE7167619F550A2,0
$BFCEFC077F3F36A6,BFE91103985DA841,3FE25240DD3851BF,0
$3*0,3FF
3 404 ->
4 398 125
4 399 -1
4 400 -1
4 401 0
4 402 0
4 403 ->
5 405 [4][4]
$BFE12DD53FD0A15D,3FE95B71629B7785,BFD28924DA6AF74E,0
$3FDF628A7BA902E4,3F8C249C0310728,BFEBE277E19A8253,0
$BFE5F8021100C79B,BFE383BBF65A153B,BFD95789AE6192A1,0
$3*0,3FF
3 404 ->
4 398 111
4 399 -1
4 400 -1
4 401 0
4 402 3FC9R
4 403 NULL
3 404 NULL
3 386 -1
3 387 -2
3 388 1
3 389 new_view_10
3 390 [4][4]
$3FF,3*0
$0,3FF,2*0
$2*0,3FF,0
$3*0,3FF
3 391 [2][3]
$4077F09DF858069B,404C7C6DB45F4BF,C06D79CAC3BC9BD2
$408D4848695E11A5,407F26DF9CB65C1B,406D79CAC3BC9B9A
3 392 NULL
3 393 NULL
3 394 1
3 395 BOOMBOX_GOGB.ASM
3 396 BOOMBOX_GOGB.ASM
3 397 NULL
2 373 ->
3 374 11
3 375 
4 376 [4]
$1,3*0
3 377 
4 378 0
4 379 [3]
$3*0
4 380 NULL
4 381 NULL
3 382 
4 378 0
4 379 [3]
$407F4,407A5E,0
4 380 NULL
4 381 NULL
3 383 [4][4]
$3FF,3*0
$0,3FF,2*0
$2*0,3FF,0
$3*0,3FF
3 384 [4][4]
$3FF,3*0
$0,3FF,2*0
$2*0,3FF,0
$3*0,3FF
3 385 NULL
3 386 -1
3 387 -2
3 388 0
3 389 overlay_view
3 390 [4][4]
$3FF,3*0
$0,3FF,2*0
$2*0,3FF,0
$3*0,3FF
3 391 [2][3]
$4059,405518,0
$408C2,4087BB,0
3 392 NULL
3 393 NULL
3 394 2
3 395 CORE_BOM.DRW
3 396 CORE_BOM.DRW
3 397 NULL
2 373 ->
3 374 12
3 375 
4 376 [4]
$65600,-1879048192,2*0
3 377 
4 378 0
4 379 [3]
$4015EF4F425BC1CR,3FF45E6F9D19126A,BFC167EE957CE5
4 380 NULL
4 381 NULL
3 382 
4 378 0
4 379 [3]
$406D4D18B37AD45E,4069B586C0D71D87,0
4 380 NULL
4 381 NULL
3 383 [4][4]
$0,BFF,2*0
$2*0,BFF,0
$3FF,3*0
$3*0,3FF
3 384 [4][4]
$0,C027A2E8BA2E8BA3,2*0
$2*0,C027A2E8BA2E8BA3,0
$4027A2E8BA2E8BA3,3*0
$406D8085F4630B31,4070E7AE604F6918,402E1724E2422105,3FF
3 385 ->
4 398 111
4 399 -1
4 400 -1
4 401 0
4 402 3FC0A3D70A3D70A4
4 403 NULL
3 404 ->
4 398 215
4 399 -1
4 400 -1
4 401 0
4 402 0
4 403 ->
5 405 [4][4]
$3FED7954E7DBA2F8,0,3FD8EC3AE92B676B,0
$BFD385CE5246572,3FE3E43A9692E21C,3FE7167619F550A2,0
$BFCEFC077F3F36A6,BFE91103985DA841,3FE25240DD3851BF,0
$3*0,3FF
3 404 ->
4 398 217
4 399 24
4 400 -1
4 401 2
@memb_id_tab 406 1
4 406 [2]
$6,1
4 402 0
4 403 NULL
3 404 ->
4 398 208
4 399 22
4 400 -1
4 401 2
4 406 [2]
$6,1
4 402 0
4 403 NULL
3 404 NULL
3 386 -1
3 387 -2
3 388 1
3 389 new_view_12
3 390 [4][4]
$3FF,3*0
$0,3FF,2*0
$2*0,3FF,0
$3*0,3FF
3 391 [2][3]
$4055F612DE4D59CR,404D8DDDF20BD834,C04E62A25BFDCD0F
$4077CF93FBE77DEB,407603CB0295A27F,404E62A25BFDCD0F
3 392 NULL
@part_disp_array 407 0
3 407 [1]
4 407 
@feat_disp_array 408 0
5 408 [1]
6 408 
@id 409 1
7 409 798
@type 410 1
7 410 -1
@mode 411 1
7 411 16
@member_disp 412 0
5 412 
6 409 -1
6 410 -1
6 411 -1
3 393 NULL
3 394 2
3 395 BOOMBOX_GOGB.ASM
3 396 BOOMBOX_GOGB.ASM
3 397 NULL
2 373 ->
3 374 13
3 375 
4 376 [4]
$1,3*0
3 377 
4 378 0
4 379 [3]
$3*0
4 380 NULL
4 381 NULL
3 382 
4 378 0
4 379 [3]
$407F4,407A5E,0
4 380 NULL
4 381 NULL
3 383 [4][4]
$3FF,3*0
$0,3FF,2*0
$2*0,3FF,0
$3*0,3FF
3 384 [4][4]
$3FF,3*0
$0,3FF,2*0
$2*0,3FF,0
$3*0,3FF
3 385 NULL
3 386 -1
3 387 -2
3 388 0
3 389 overlay_view
3 390 [4][4]
$3FF,3*0
$0,3FF,2*0
$2*0,3FF,0
$3*0,3FF
3 391 [2][3]
$4059,405518,0
$408C2,4087BB,0
3 392 NULL
3 393 NULL
3 394 2
3 395 CORE_BOM.DRW
3 396 CORE_BOM.DRW
3 397 NULL
@report_symbols 413 0
1 413 [17]
2 413 ->
@path 414 0
3 414 [2]
4 414 
@weird_wname 415 10
5 415 rpt
4 414 
5 415 index
2 413 ->
3 414 [3]
4 414 
5 415 asm
4 414 
5 415 mbr
4 414 
5 415 name
2 413 ->
3 414 [2]
4 414 
5 415 rpt
4 414 
5 415 qty
2 413 ->
3 414 [3]
4 414 
5 415 mfg
4 414 
5 415 oper
4 414 
5 415 name
2 413 ->
3 414 [4]
4 414 
5 415 mfg
4 414 
5 415 oper
4 414 
5 415 workcell
4 414 
5 415 name
2 413 ->
3 414 [6]
4 414 
5 415 mfg
4 414 
5 415 oper
4 414 
5 415 workcell
4 414 
5 415 head
4 414 
5 415 tooltbl
4 414 
5 415 tool_id
2 413 ->
3 414 [7]
4 414 
5 415 mfg
4 414 
5 415 oper
4 414 
5 415 workcell
4 414 
5 415 head
4 414 
5 415 tooltbl
4 414 
5 415 tool_pocket
4 414 
5 415 tool_position
2 413 ->
3 414 [6]
4 414 
5 415 mfg
4 414 
5 415 oper
4 414 
5 415 workcell
4 414 
5 415 head
4 414 
5 415 tooltbl
4 414 
5 415 CUTTER_DIAM
2 413 ->
3 414 [4]
4 414 
5 415 mfg
4 414 
5 415 oper
4 414 
5 415 ncseq
4 414 
5 415 name
2 413 ->
3 414 [4]
4 414 
5 415 mfg
4 414 
5 415 oper
4 414 
5 415 ncseq
4 414 
5 415 tool_id
2 413 ->
3 414 [4]
4 414 
5 415 mfg
4 414 
5 415 oper
4 414 
5 415 ncseq
4 414 
5 415 cut_feed
2 413 ->
3 414 [4]
4 414 
5 415 mfg
4 414 
5 415 oper
4 414 
5 415 ncseq
4 414 
5 415 spindle_speed
2 413 ->
3 414 [3]
4 414 
5 415 prs
4 414 
5 415 step
4 414 
5 415 number
2 413 ->
3 414 [3]
4 414 
5 415 prs
4 414 
5 415 step
4 414 
5 415 desc
2 413 ->
3 414 [4]
4 414 
5 415 prs
4 414 
5 415 step
4 414 
5 415 comp
4 414 
5 415 name
2 413 ->
3 414 [3]
4 414 
5 415 prs
4 414 
5 415 step
4 414 
5 415 time_estimate
2 413 ->
3 414 [3]
4 414 
5 415 prs
4 414 
5 415 step
4 414 
5 415 cost_estimate
@sequence_data 416 0
1 416 ->
@current_seq_idx 417 1
2 417 -1
@seq_info_arr 418 0
2 418 [1]
3 418 
@diagram_info_ptr 419 0
1 419 NULL
@mdl_status_ptr 420 0
1 420 NULL
@p_xref_data 421 0
1 421 ->
@dwg_prgm 422 0
1 422 NULL
@relpar_sets 423 0
1 423 [1]
2 423 
@id 424 1
3 424 -1
@type 425 1
3 425 4
@ext_ref_id 426 1
3 426 -1
@relatnum 427 1
3 427 0
@styles 428 0
1 428 [2]
2 428 
@arr 429 0
3 429 [1]
4 429 
@elem(Text_style) 430 0
5 430 ->
@type 431 1
6 431 0
@id 432 1
6 432 0
@name 433 10
6 433 Default
@modify_mode 434 1
6 434 1
@flag_spec 435 1
6 435 3638
@flag_def 436 1
6 436 3638
@font_id 437 1
6 437 0
@height 438 2
6 438 BFF
@width_factor 439 2
6 439 BFF
@slant_angle 440 2
6 440 0
@thickness 441 2
6 441 BFF
@line_spacing 442 2
6 442 BFF
@angle 443 2
6 443 0
@txt_attrib 444 1
6 444 0
@justify_attrib 445 1
6 445 -1
@color 446 1
6 446 -1
@curr_style_id 447 1
3 447 -1
@num_internal 448 1
3 448 1
2 428 
3 429 [6]
4 429 
@elem(Ln_style) 449 0
5 449 ->
@type 450 1
6 450 1
@id 451 1
6 451 0
@name 452 10
6 452 Hidden
@modify_mode 453 1
6 453 0
@flag_spec 454 1
6 454 5
@flag_def 455 1
6 455 0
@font_id 456 1
6 456 0
@width 457 2
6 457 0
@color 458 1
6 458 4
4 429 
5 449 ->
6 450 1
6 451 1
6 452 Geometry
6 453 0
6 454 5
6 455 0
6 456 0
6 457 0
6 458 2
4 429 
5 449 ->
6 450 1
6 451 2
6 452 Leader
6 453 0
6 454 5
6 455 0
6 456 0
6 457 0
6 458 0
4 429 
5 449 ->
6 450 1
6 451 3
6 452 Cut Plane
6 453 0
6 454 5
6 455 0
6 456 3
6 457 0
6 458 2
4 429 
5 449 ->
6 450 1
6 451 4
6 452 Phantom
6 453 0
6 454 5
6 455 0
6 456 3
6 457 0
6 458 4
4 429 
5 449 ->
6 450 1
6 451 5
6 452 Centerline
6 453 0
6 454 5
6 455 0
6 456 2
6 457 0
6 458 0
3 447 -1
3 448 6
@drv_tbl_ptr 459 0
1 459 NULL
#END_OF_UGC
