#UGC:2 ASSEMBLY 982 420 -1 1 1 15 1900 9734 00000b5a \
#- VERS 0 0                                                          \
#- HOST                                                              \
#- LINK                                                              \
#- DBID                                                              \
#- REVS 0,                                                           \
#- RELL 0,                                                           \
#- UOBJ_ID 870960277 246927351 -2139526928                           \
#- MACH SUN_SunOS_5.5_Generic                                        \
#-END_OF_UGC_HEADER
#P_OBJECT 6
@P_object 1 0
0 1 ->
@depend 2 0
1 2 [3]
2 2 
@model_name 3 10
3 3 TURNING
@model_type 4 1
3 4 37
@revnum 5 1
3 5 154
@bom_count 6 1
3 6 1
@dep_type 7 1
3 7 64
@stamp 8 0
3 8 
@major_vers 9 0
4 9 
@vers 10 1
5 10 0
@alias_name 11 10
5 11 
@minor_vers 12 0
4 12 
@vers 13 1
5 13 0
@reason 14 10
3 14 
2 2 
3 3 FITTING
3 4 2
3 5 1191
3 6 1
3 7 2
3 8 
4 9 
5 10 0
5 11 
4 12 
5 13 0
3 14 
@comp_ids 15 1
3 15 [1]
4 15 1
2 2 
3 3 TURNING_WP
3 4 2
3 5 1979
3 6 1
3 7 4194306
3 8 
4 9 
5 10 0
5 11 
4 12 
5 13 0
3 14 
3 15 [1]
4 15 2
@dep_db 16 0
1 16 ->
@dep_db 17 0
2 17 [4]
3 17 ->
@to_model_id 18 1
4 18 0
@dep_type 19 1
4 19 2
@obj_id 20 1
4 20 1
@obj_type 21 1
4 21 3
3 17 ->
4 18 1
4 19 2
4 20 2
4 21 3
3 17 ->
4 18 2
4 19 2
4 20 6
4 21 3
3 17 ->
4 18 -3
4 19 4
4 20 0
4 21 242
@model_db 22 0
2 22 [3]
3 22 ->
@model_t_type 23 1
4 23 2
@model_name 24 10
4 24 FITTING
@generic_name 25 10
4 25 
@stamp 26 0
4 26 
3 22 ->
4 23 2
4 24 TURNING_WP
4 25 
4 26 
3 22 ->
4 23 2
4 24 TURNING_WP#SC1147
4 25 TURNING_WP
4 26 
@usr_rev 27 0
1 27 [5]
2 27 
@name 28 10
3 28 USER
@mod_time 29 0
3 29 
@tm_sec 30 1
4 30 9
@tm_min 31 1
4 31 4
@tm_hour 32 1
4 32 17
@tm_mday 33 1
4 33 7
@tm_mon 34 1
4 34 7
@tm_year 35 1
4 35 97
@action 36 1
3 36 1000
@comment 37 10
3 37 Hostname: 'gascar'
@rel_level 38 10
3 38 
@rev_string 39 10
3 39 
2 27 
3 28 USER
3 29 
4 30 45
4 31 43
4 32 0
4 33 30
4 34 8
4 35 97
3 36 1000
3 37 Hostname: 'ALOHA'
3 38 
3 39 
2 27 
3 28 USER
3 29 
4 30 46
4 31 28
4 32 20
4 33 2
4 34 9
4 35 97
3 36 1000
3 37 Hostname: 'gascar'
3 38 
3 39 
2 27 
3 28 USER
3 29 
4 30 19
4 31 42
4 32 18
4 33 17
4 34 9
4 35 97
3 36 1000
3 37 Hostname: 'platypus'
3 38 
3 39 
2 27 
3 28 SHANNON
3 29 
4 30 41
4 31 32
4 32 22
4 33 10
4 34 10
4 35 97
3 36 1000
3 37 Hostname: 'DAISY'
3 38 
3 39 
@revnum_std 40 1
1 40 65
@flag 41 1
1 41 0
@name 42 10
1 42 NULL
@inst_hidden 43 1
1 43 0
@old_name 44 10
1 44 NULL
@appl_data 45 0
1 45 ->
@bounding_box 46 2
2 46 [2][3]
$C00EA40790CC2CD3,C00E065351CB519F,C008
$401,400E065351CB519F,40282901E4330B35
@ver_key 47 0
1 47 ->
@time 48 1
2 48 879201154
@random_num 49 1
2 49 4776784
@hostid 50 1
2 50 -918709179
@last_read 51 1
1 51 -1
@names 52 0
1 52 [1]
2 52 
@name 53 10
3 53 QUIT
@feat_id 54 1
3 54 2
#END_OF_P_OBJECT
#Pro/ENGINEER  TM  Release 19.0 Beta  (c) 1988-97 by Parametric Technology Corporation  All Rights Reserved. 9734
@Toc 55 0
0 55 ->
@entry 56 10
1 56 [128]
2 56 BasicData 2b9c 517 0 982########################################################
2 56 BasicText 30b3 359 0 982########################################################
2 56 GeomDepen 340c 71 0 982#########################################################
2 56 DispCntrl 347d 42 0 982#########################################################
2 56 DisplData 34bf 38 0 982#########################################################
2 56 LargeText 34f7 518 0 982########################################################
2 56 FamilyInf 3a0f 40 0 982#########################################################
2 56 VisibGeom 3a4f 39 0 982#########################################################
2 56 NovisGeom 3a88 56 0 982#########################################################
2 56 ActEntity 3ade 24 0 982#########################################################
2 56 AllFeatur 3b02 18a2 0 982#######################################################
2 56 FullMData 53a4 65b 0 982########################################################
2 56 ModelView#0 59ff fcb 0 982######################################################
2 56 ModelView#4 69ca 882 0 982######################################################
2 56 ModelView#7 724c 880 0 982######################################################
2 56 ModelView#8 7acc 884 0 982######################################################
2 56 ModelView#9 8350 9b8 0 982######################################################
2 56 ModelView#10 8d08 9ba 0 982#####################################################
2 56 ModelView#11 96c2 894 0 982#####################################################
2 56 ModelView#14 9f56 97a 0 982#####################################################
2 56 DispDataColor a8d0 32d 0 982####################################################
2 56 DispDataTable abfd 6a9 0 982####################################################
2 56 AssMrgPrt b2a6 29 0 982#########################################################
2 56 ################################################################################
2 56 ################################################################################
2 56 ################################################################################
2 56 ################################################################################
2 56 ################################################################################
2 56 ################################################################################
2 56 ################################################################################
2 56 ################################################################################
2 56 ################################################################################
2 56 ################################################################################
2 56 ################################################################################
2 56 ################################################################################
2 56 ################################################################################
2 56 ################################################################################
2 56 ################################################################################
2 56 ################################################################################
2 56 ################################################################################
2 56 ################################################################################
2 56 ################################################################################
2 56 ################################################################################
2 56 ################################################################################
2 56 ################################################################################
2 56 ################################################################################
2 56 ################################################################################
2 56 ################################################################################
2 56 ################################################################################
2 56 ################################################################################
2 56 ################################################################################
2 56 ################################################################################
2 56 ################################################################################
2 56 ################################################################################
2 56 ################################################################################
2 56 ################################################################################
2 56 ################################################################################
2 56 ################################################################################
2 56 ################################################################################
2 56 ################################################################################
2 56 ################################################################################
2 56 ################################################################################
2 56 ################################################################################
2 56 ################################################################################
2 56 ################################################################################
2 56 ################################################################################
2 56 ################################################################################
2 56 ################################################################################
2 56 ################################################################################
2 56 ################################################################################
2 56 ################################################################################
2 56 ################################################################################
2 56 ################################################################################
2 56 ################################################################################
2 56 ################################################################################
2 56 ################################################################################
2 56 ################################################################################
2 56 ################################################################################
2 56 ################################################################################
2 56 ################################################################################
2 56 ################################################################################
2 56 ################################################################################
2 56 ################################################################################
2 56 ################################################################################
2 56 ################################################################################
2 56 ################################################################################
2 56 ################################################################################
2 56 ################################################################################
2 56 ################################################################################
2 56 ################################################################################
2 56 ################################################################################
2 56 ################################################################################
2 56 ################################################################################
2 56 ################################################################################
2 56 ################################################################################
2 56 ################################################################################
2 56 ################################################################################
2 56 ################################################################################
2 56 ################################################################################
2 56 ################################################################################
2 56 ################################################################################
2 56 ################################################################################
2 56 ################################################################################
2 56 ################################################################################
2 56 ################################################################################
2 56 ################################################################################
2 56 ################################################################################
2 56 ################################################################################
2 56 ################################################################################
2 56 ################################################################################
2 56 ################################################################################
2 56 ################################################################################
2 56 ################################################################################
2 56 ################################################################################
2 56 ################################################################################
2 56 ################################################################################
2 56 ################################################################################
2 56 ################################################################################
2 56 ################################################################################
2 56 ################################################################################
2 56 ################################################################################
2 56 ################################################################################
2 56 ################################################################################
2 56 ################################################################################
2 56 ################################################################################
2 56 ################################################################################
2 56 ################################################################################
2 56 ################################################################################
#BasicData
@Sld_BasicData 1 0
0 1 ->
@tab_key 2 1
1 2 0
@tab_key_struct 3 0
1 3 ->
@type 4 4
2 4 H
@tab_key_ptr 5 0
2 5 [19]
@cmprs_tabkey 6 0
2 6 NULL
@type 7 1
1 7 1
@revnum_ptr 8 0
1 8 ->
@geom_revnum 9 1
2 9 59
@cosm_revnum 10 1
2 10 8
@tol_default_ptr 11 0
1 11 ->
@type 12 1
2 12 10
@value 13 2
2 13 [7]
$0,3FB9R,3F847AE147AE147B,3F50624DD2F1A9FC,3F1A36E2EB1C432D,
$3EE4F8B588E368F1,3EB0C6F7A0B5ED8E
@ang_value 14 2
2 14 [7]
$0,6*3FE
@standard 15 1
2 15 0
@iso_tol_tbls_ptr 16 0
2 16 NULL
@datum_count 17 1
1 17 0
@axis_count 18 1
1 18 0
@insert_layer_id 19 1
1 19 -1
@layer_count 20 1
1 20 1
@rel_part_eps 21 2
1 21 3F53A92A30553261
@model_eps 22 2
1 22 0
@fixed_model_eps 23 1
1 23 0
@assembled_count 24 1
1 24 0
@part_type 25 1
1 25 2
@first_ent_id 26 1
1 26 513569
@first_view_id 27 1
1 27 0
@outline 28 2
1 28 [2][3]
$C00E,C00E065351CB519F,0
$400E,400E065351CB519F,4028
@dim_num 29 1
1 29 0
@geom_lib_ptr 30 0
1 30 NULL
@attrib_array 31 1
1 31 [3]
$536871944,0,16
@max_part_size 32 2
1 32 0
@model_name 33 10
1 33 TURNING
@disp_outl_info 34 0
1 34 
@disp_outline 35 2
2 35 [2][3]
$C00EA40790CC2CD3,C00E065351CB519F,C008
$401,400E065351CB519F,40282901E4330B35
@sel_outl_info 36 0
1 36 ->
@outline 37 2
2 37 [2][3]
$C00EA40790CC2CD3,C00E065351CB519F,C008
$401,400E065351CB519F,40282901E4330B35
#BasicText
@Sld_BasicText 1 0
0 1 ->
@assem_mass_prop_ptr 2 0
1 2 NULL
@mass_prop_ptr 3 0
1 3 ->
@type 4 1
2 4 0
@density 5 2
2 5 0
@init_dens 6 5
2 6 0
@rel_density 7 2
2 7 0
@init_rel_dens 8 5
2 8 0
@aver_density 9 2
2 9 0
@vrevnum 10 1
2 10 -1
@volume 11 2
2 11 0
@cg 12 2
2 12 [3]
$3*0
@inertia 13 2
2 13 [3][3]
$3*0
$3*0
$3*0
@eps 14 2
2 14 0
@surfarea 15 2
2 15 0
@assign_mp_ptr 16 0
1 16 NULL
@mat_name_ptr 17 10
1 17 NULL
@unit_arr 18 0
1 18 [3]
2 18 
@type 19 1
3 19 1
@factor 20 2
3 20 3FF
@name 21 10
3 21 INCH
@unit_type 22 1
3 22 0
2 18 
3 19 2
3 20 3FF
3 21 POUND
3 22 1
2 18 
3 19 11
3 20 3FF
3 21 HOURS
3 22 2
@p_unit_info 23 0
1 23 ->
@custom_unit_arr 24 0
2 24 [6]
3 24 
3 24 
3 24 
3 24 
3 24 
3 24 
@principal_sys_units 25 10
2 25 Inch lbm Second (Pro/E Default)
@history_scale 26 2
2 26 [6][2]
$3FF,0
$3FF,0
$3FF,0
$3FF,0
$3FF,0
$3FF,0
#GeomDepen
@Sld_GeomDepend 1 0
0 1 ->
@frst_geom_ptr 2 1
1 2 0
@fem_data 3 0
1 3 NULL
@first_quilt_ptr 4 1
1 4 0
#DispCntrl
@Sld_DispCntrl 1 0
0 1 ->
@color_prop_ptr 2 0
1 2 NULL
#DisplData
@Sld_DispData 1 0
0 1 ->
@disp_data 2 0
1 2 
#LargeText
@Sld_LargeText 1 0
0 1 ->
@names_table 2 0
1 2 [7]
2 2 ->
@id 3 1
3 3 2
@type 4 1
3 4 3
@name 5 10
3 5 QUIT
2 2 ->
3 3 5
3 4 309
3 5 NOCUTS
2 2 ->
3 3 12
3 4 309
3 5 WORKPIECE
2 2 ->
3 3 13
3 4 309
3 5 ALL
2 2 ->
3 3 15
3 4 309
3 5 OPEN
2 2 ->
3 3 16
3 4 309
3 5 MASTER
2 2 ->
3 3 18
3 4 309
3 5 NOFACE
@relpar_sets 6 0
1 6 [1]
2 6 
@id 7 1
3 7 -1
@type 8 1
3 8 1
@ext_ref_id 9 1
3 9 -1
@relatnum 10 1
3 10 0
@cfg_states 11 0
1 11 ->
@sld_configs 12 0
2 12 [6]
3 12 ->
@id 13 1
4 13 5
@type 14 1
4 14 309
@state_type 15 1
4 15 1
@conf_data 16 0
4 16 ->
@comp_incr_arr 17 0
5 17 [1]
6 17 
@memb_id_tab 18 1
7 18 [1]
8 18 2
@status 19 1
7 19 4
@subst_id_tab 20 1
7 20 [1]
8 20 6
@simpl_rep 21 0
7 21 ->
@state_id 22 1
8 22 1147
@type 23 1
8 23 309
@state_name 24 10
8 24 NOCUTS
@prs_step_id 25 1
8 25 -1
@expld_ref 26 0
8 26 NULL
@state_ft 27 0
5 27 NULL
3 12 ->
4 13 12
4 14 309
4 15 8
4 16 ->
5 17 [1]
6 17 
7 18 [1]
8 18 1
7 19 0
7 21 NULL
5 27 NULL
3 12 ->
4 13 13
4 14 309
4 15 8
4 16 ->
5 27 NULL
3 12 ->
4 13 15
4 14 309
4 15 8
4 16 ->
5 17 [2]
6 17 
7 18 [1]
8 18 1
7 19 4
7 21 NULL
6 17 
7 18 [1]
8 18 2
7 19 1
7 21 NULL
5 27 NULL
3 12 ->
4 13 16
4 14 309
4 15 1
4 16 ->
5 27 NULL
3 12 ->
4 13 18
4 14 309
4 15 1
4 16 ->
5 27 NULL
@active_state 28 1
2 28 -1
@current_state 29 1
2 29 -1
#FamilyInf
@Sld_FamilyInfo 1 0
0 1 ->
@drv_tbl_ptr 2 0
1 2 NULL
#VisibGeom
@Sld_VisGeom 1 0
0 1 ->
@active_geom 2 0
1 2 
#NovisGeom
@Sld_NonVisGeom 1 0
0 1 ->
@inactive_geom 2 0
1 2 
@external_geom 3 0
1 3 
#ActEntity
@Sld_Entities 1 0
0 1 ->
#AllFeatur
@Sld_Features 1 0
0 1 ->
@first_feat_ptr 2 0
1 2 ->
@id 3 1
2 3 1
@indep_attributes 4 1
2 4 4097
@feat_type_ptr 5 0
2 5 ->
@table_id 6 1
3 6 -1
@type 7 1
3 7 1000
@feattype_key 8 10
3 8 NULL
@form 9 1
3 9 0
@attributes 10 1
3 10 [3]
$3*0
@placement 11 1
3 11 0
@intersection 12 1
3 12 -1
@internal_udf_type 13 1
3 13 -1
@param_choice_ptr 14 0
3 14 ->
@blend_choice 15 1
4 15 0
@depth_choice 16 1
4 16 0
@angle_choice 17 1
4 17 0
@pat_choice 18 1
4 18 -1
@round_choice 19 1
4 19 -1
@subsec_choice 20 1
4 20 -1
@sweep_choice 21 1
4 21 0
@dome_choice 22 1
4 22 0
@draft_choice 23 1
4 23 0
@misc_choice 24 1
4 24 [2]
$32,0
@assoc_type 25 1
3 25 0
@symbol_key 26 1
2 26 -1
@sect_name 27 10
2 27 no_name
@model_type 28 1
2 28 1
@idtab_ptr 29 0
2 29 ->
@save_geoms 30 0
3 30 NULL
@cr_flags_xar 31 1
3 31 [31]
$3*-1,-2049,2*-1,-16777217,3*-1,-536870913,-1,-1126176897,-2,-2097185,
$-2097665,-1,-1073741843,-1,-1073741825,-257,-261121,-1,-32769,-1,-4194305,
$2*-1,-536870913,65535,0
@cvt_feat_dat 32 0
3 32 NULL
@feat_dates_ptr 33 0
3 33 ->
@creat_date 34 1
4 34 190016
@regen_date 35 1
4 35 190019
@group_info_ptr 36 0
2 36 NULL
@intrs_pairs_ptr 37 0
2 37 ->
@place_rec_ptr 38 0
2 38 ->
@local_sys 39 2
3 39 [4][3]
$3FF,2*0
$0,3FF,0
$2*0,3FF
$3*0
@own_ref_id 40 1
3 40 0
@orient 41 1
3 41 0
@trf_arr 42 0
3 42 [1]
4 42 
@type 43 1
5 43 19
@idx 44 1
5 44 0
@transf 45 2
5 45 [4][3]
$3FF,2*0
$0,3FF,0
$2*0,3FF
$3*0
@next_prop 46 0
2 46 NULL
@first_geom_id 47 1
2 47 -1
@cond_tbl_idx 48 1
2 48 -1
@comment 49 10
2 49 NULL
@merge_info_ptr 50 0
2 50 NULL
@dat_ptr(comp_data) 51 0
2 51 ->
@type 52 1
3 52 123
@model_ptr 53 0
3 53 
@object_type 54 1
4 54 2
@name 55 10
4 55 FITTING
@simpl_rep 56 0
4 56 NULL
@placed_flag 57 1
3 57 1
@subst_asm_ref_id 58 1
3 58 -1
@instance 59 3
3 59 NULL
@stamp 60 0
3 60 
@major_vers 61 0
4 61 
@vers 62 1
5 62 0
@alias_name 63 10
5 63 
@minor_vers 64 0
4 64 
@vers 65 1
5 65 0
@dep_id 66 1
3 66 0
@interchange_info 67 0
3 67 NULL
@topology_increment 68 0
2 68 ->
@first_geom 69 1
3 69 0
@first_quilt 70 1
3 70 0
@outline 71 2
3 71 [2][3]
$3*0
$3*0
@max_part_size 72 2
3 72 0
@xform_increment 73 0
3 73 NULL
@roll_back_id 74 1
3 74 -1
@state_ind 75 1
2 75 -1
@alumni_info 76 0
2 76 NULL
@revnum 77 1
2 77 51
@rev_rec 78 0
2 78 ->
@revnums 79 0
3 79 [1]
4 79 ->
@owner_type 80 1
5 80 3
@owner_ind 81 1
5 81 -1
@ref_id 82 1
5 82 -1
@ref_revnum 83 1
5 83 -1
@num_plins 84 1
3 84 0
@expl_state_ref 85 0
2 85 NULL
@feat_outl_info 86 0
2 86 NULL
@next_feat_ptr 87 0
1 87 ->
2 3 2
2 4 12289
2 5 ->
3 6 -1
3 7 1000
3 8 NULL
3 9 0
3 10 [3]
$3*0
3 11 0
3 12 -1
3 13 -1
3 14 ->
4 15 0
4 16 0
4 17 0
4 18 -1
4 19 -1
4 20 -1
4 21 0
4 22 0
4 23 0
4 24 [2]
$64,0
3 25 0
2 26 -1
2 27 no_name
2 28 1
@entity(text) 88 0
2 88 ->
@text_type 89 1
3 89 116
@text_value 90 10
3 90 QUIT
@txt_attrib 91 1
3 91 1
@coord 92 2
3 92 [3]
$3*0
@owner_id 93 1
3 93 2
@height 94 2
3 94 BFF
@width_factor 95 2
3 95 BFF
@format_info 96 0
3 96 
@thickness 97 2
3 97 BFF
2 29 ->
3 30 NULL
3 31 [31]
$3*-1,-2049,2*-1,-16777217,3*-1,-536870913,-1,-1126176897,-2,-2097185,
$-2097665,-1,-1073741843,-1,-1073741825,-257,-261121,-1,-32769,-1,-4194305,
$2*-1,-536870913,65535,0
3 32 NULL
3 33 ->
4 34 190016
4 35 190019
2 36 NULL
2 37 ->
2 38 ->
3 39 [4][3]
$3FF,2*0
$0,3FF,0
$2*0,3FF
$3*0
@place_instruction_ptrs 98 0
3 98 [2]
4 98 ->
@type 99 1
5 99 52
@offset 100 2
5 100 0
@dim_id 101 1
5 101 -1
@ref_id 102 1
5 102 0
@geometry1_id 103 1
5 103 -1
@geometry2_id 104 1
5 104 -1
@memb_num1 105 1
5 105 0
@memb_num2 106 1
5 106 0
@attr 107 1
5 107 0
@plin_info_arr 108 0
5 108 [1]
6 108 ->
@type 109 1
7 109 6
@data(plin_info_ui_step) 110 0
7 110 ->
@step_ids 111 1
8 111 [1]
9 111 -100
4 98 ->
5 99 5
5 100 0
5 101 0
5 102 1
5 103 7
5 104 7
5 105 1
5 106 1
@memb_id_tab1 112 1
5 112 [1]
6 112 2
@memb_id_tab2 113 1
5 113 [1]
6 113 2
5 107 512
5 108 [1]
6 108 ->
7 109 6
7 110 ->
8 111 [1]
9 111 -100
3 40 0
3 41 0
3 42 [1]
4 42 
5 43 19
5 44 0
5 45 [4][3]
$3FF,2*0
$0,3FF,0
$2*0,3FF
$3*0
2 46 NULL
2 47 -1
2 48 -1
2 49 NULL
2 50 NULL
2 51 ->
3 52 123
3 53 
4 54 2
4 55 TURNING_WP
4 56 NULL
3 57 1
3 58 -1
3 59 NULL
3 60 
4 61 
5 62 0
5 63 
4 64 
5 65 0
3 66 1
3 67 NULL
2 68 ->
3 69 0
3 70 0
3 71 [2][3]
$C00D,C00D061D5799DFF7,0
$400D,400D061D5799DFF7,4028
3 72 0
3 73 NULL
3 74 -1
2 75 -1
2 76 NULL
2 77 51
2 78 ->
3 79 [3]
4 79 ->
5 80 3
5 81 -1
5 82 -1
5 83 -1
4 79 ->
5 80 1
5 81 -1
5 82 1
5 83 0
@memb_tab_revnums 114 1
5 114 [1]
6 114 51
4 79 ->
5 80 2
5 81 -1
5 82 1
5 83 0
5 114 [1]
6 114 51
3 84 2
2 85 NULL
2 86 NULL
1 87 ->
2 3 6
2 4 1
2 5 ->
3 6 -1
3 7 1000
3 8 NULL
3 9 0
3 10 [3]
$3*0
3 11 0
3 12 -1
3 13 -1
3 14 ->
4 15 0
4 16 0
4 17 0
4 18 -1
4 19 -1
4 20 -1
4 21 0
4 22 0
4 23 0
4 24 [2]
$8192,0
3 25 0
2 26 -1
2 27 no_name
2 28 1
2 29 ->
3 30 NULL
3 31 [31]
$3*-1,-2049,2*-1,-16777217,3*-1,-536870913,-1,-1126176897,-2,-2097185,
$-2097665,-1,-1073741843,-1,-1073741825,-257,-261121,-1,-32769,-1,-4194305,
$2*-1,-536870913,65535,0
3 32 NULL
3 33 ->
4 34 190016
4 35 190019
2 36 NULL
2 37 ->
2 38 ->
3 39 [4][3]
$3FF,2*0
$0,3FF,0
$2*0,3FF
$3*0
3 98 [1]
4 98 ->
5 99 4050
5 100 0
5 101 -1
5 102 0
5 103 2
5 104 -1
5 105 1
5 106 0
5 112 [1]
6 112 2
5 107 512
5 108 [1]
6 108 ->
7 109 6
7 110 ->
8 111 [1]
9 111 -100
3 40 0
3 41 0
3 42 [2]
4 42 
5 43 14
5 44 -1
5 45 [4][3]
$3FF,2*0
$0,3FF,0
$2*0,3FF
$3*0
4 42 
5 43 19
5 44 0
5 45 [4][3]
$3FF,2*0
$0,3FF,0
$2*0,3FF
$3*0
2 46 NULL
2 47 -1
2 48 -1
2 49 NULL
2 50 NULL
2 51 ->
3 52 123
3 53 
4 54 2
4 55 TURNING_WP
4 56 ->
@state_id 115 1
5 115 1147
@type 116 1
5 116 309
@state_name 117 10
5 117 NOCUTS
@prs_step_id 118 1
5 118 -1
@expld_ref 119 0
5 119 NULL
3 57 0
3 58 -1
3 59 NULL
3 60 
4 61 
5 62 0
5 63 
4 64 
5 65 0
3 66 2
3 67 NULL
@parent_table 120 1
2 120 [1]
3 120 2
2 68 NULL
2 75 -1
2 76 ->
@replaced_by 121 1
3 121 0
@repl_lead_id 122 1
3 122 0
@repl_type 123 1
3 123 0
@group_name 124 10
3 124 
@moved_comp 125 0
3 125 ->
@id 126 1
4 126 6
@type 127 1
4 127 2
@mv_type 128 1
4 128 2
@depth_from_lca 129 1
4 129 1
@lca_restr_idx 130 1
4 130 0
@asm_ref_id 131 1
4 131 -1
2 77 1
2 78 ->
3 79 [1]
4 79 ->
5 80 3
5 81 -1
5 82 -1
5 83 -1
3 84 1
2 85 NULL
2 86 NULL
1 87 NULL
@layer_list 132 0
1 132 [3]
2 132 
@feat_id 133 1
3 133 1
@layer_id 134 1
3 134 0
@back_layer_id 135 1
3 135 0
2 132 
3 133 2
3 134 0
3 135 0
2 132 
3 133 6
3 134 0
3 135 0
#FullMData
@Sld_FullData 1 0
0 1 ->
@first_member_ptr 2 0
1 2 NULL
@alumni_members 3 0
1 3 NULL
@ref_part_table 4 0
1 4 [1]
2 4 ->
@name 5 10
3 5 TURNING
@id 6 1
3 6 -1
@type 7 1
3 7 1
@revnum 8 1
3 8 -1
@dep_id 9 1
3 9 3
@attributes 10 1
3 10 0
@simpl_rep 11 0
3 11 NULL
@first_xsec_ptr 12 0
1 12 NULL
@lang_ptr 13 0
1 13 ->
@interact_on 14 1
2 14 -1
@first_csys_ptr 15 0
1 15 NULL
@offset 16 2
1 16 [1]
2 16 402034C55CC09E1
@ipar_num 17 1
1 17 0
@smt_info_ptr 18 0
1 18 NULL
@cable_info_ptr 19 0
1 19 ->
@id 20 1
2 20 -1
@type 21 1
2 21 94
@ref_harness_id 22 1
2 22 -1
@cable_assem_id 23 1
2 23 -1
@work_subharn_id 24 1
2 24 -3253
@parent_ext_ref_id 25 1
2 25 -1
@p_frbn_info 26 0
2 26 NULL
@log_info_src_name 27 10
2 27 NULL
@log_info_src_type 28 1
2 28 0
@comp_info_ptr 29 0
1 29 NULL
@prt_misc_ptr 30 0
1 30 ->
@shrink_data_ptr 31 0
2 31 NULL
@expld_mv_info 32 0
1 32 ->
@act_expl_state 33 1
2 33 -1
@default_state 34 0
2 34 ->
@id 35 1
3 35 -1
@type 36 1
3 36 500
@state_type 37 1
3 37 0
@cur_stage_ind 38 1
3 38 -1
@stage_info 39 0
3 39 [1]
4 39 
@unexpl_subass_info 40 0
3 40 ->
@expld_comp_ref 41 0
3 41 ->
@comp_id 42 1
4 42 -1
@gen_info 43 0
3 43 
@font 44 1
4 44 5
@color 45 1
4 45 10
@state_info_ptr 46 0
1 46 NULL
@alumni_feats 47 0
1 47 NULL
@p_mdl_grid 48 0
1 48 NULL
@mdl_status_ptr 49 0
1 49 NULL
@appl_info_arr 50 0
1 50 [3]
2 50 
@id 51 1
3 51 -1
@type 52 1
3 52 2
@restr_comp_info 53 0
3 53 [1]
4 53 
@orig_id_tab 54 1
5 54 [1]
6 54 6
@new_id_tab 55 1
5 55 [1]
6 55 2
2 50 
3 51 -1
3 52 14
2 50 
3 51 -1
3 52 13
@ribbon_info_ptr 56 0
1 56 NULL
@p_xref_data 57 0
1 57 ->
@first_analysis_feat 58 0
1 58 NULL
#ModelView#0
@View 1 0
0 1 ->
@id 2 1
1 2 0
@viewattr 3 0
1 3 
@attr_arr 4 1
2 4 [4]
$1,3*0
@mpoint 5 0
1 5 
@id 6 1
2 6 0
@coord 7 2
2 7 [3]
$3FB5BF86F33D32D,0,40122901E4330B35
@first_instr_ptr 8 0
2 8 NULL
@attach_ptr 9 0
2 9 NULL
@vpoint 10 0
1 10 
2 6 0
2 7 [3]
$407F4,407A5E,0
2 8 NULL
2 9 NULL
@orient 11 2
1 11 [4][4]
$BFB429457E1E1534,BFEEC9BFE827BF8A,BFD0B3D19D939762,0
$BFD434B0BF153961,BFCCB3F035DBA032,3FED80D34750A973,0
$BFEE423085D0AA2,3FC3D72C0E83BBB4,BFD24F7226417704,0
$4026B1A4645C7F97,BFFDC2C215C5999,400B772B39623286,3FF
@local_sys 12 2
1 12 [4][4]
$C00CD074E8EB671,C0460046032C09A7,C027DEF92C489DB6,0
$C02CE0C6CE447B5E,C02482D04820C228,40451539A6675FC2,0
$C0459F671552E18A,401C5B1EEC340446,C02A2B44A6E8E615,0
$4085C52267EE85F3,407896DC773FFA29,C0999ABD839AE29E,3FF
@world_matrix_ptr 13 0
1 13 NULL
@first_instr_ptr 14 0
1 14 ->
@type 15 1
2 15 100
@geom_id 16 1
2 16 -1
@view_id 17 1
2 17 -1
@memb_num 18 1
2 18 0
@offset 19 2
2 19 0
@matrix 20 0
2 20 NULL
@next_instr_ptr 21 0
1 21 ->
2 15 115
2 16 7
2 17 -1
2 18 1
@memb_id_tab 22 1
2 22 [1]
3 22 2
2 19 0
2 20 NULL
1 21 ->
2 15 125
2 16 -1
2 17 -1
2 18 0
2 19 0
2 20 ->
@matrix 23 2
3 23 [4][4]
$3FE26D536DE162BA,3FBCBC9F2EF733A9,BFE9EA0256AA3813,0
$3FB971A8C37CA049,3FEF277CD677CA89,3FCA51FBFFCDA2B4,0
$3FE9F7C397F80806,BFC975780CB25ED5,3FE195403B512529,0
$3*0,3FF
1 21 ->
2 15 301
2 16 -1
2 17 -1
2 18 0
2 19 4046DDFA382AAB9C
2 20 NULL
1 21 ->
2 15 125
2 16 -1
2 17 -1
2 18 0
2 19 0
2 20 ->
3 23 [4][4]
$3FE90071DE446EBA,3FD9FB522CFE305A,3FDE57682D0B7057,0
$BFDF24875EA9F774,BFB458FDD14FAE7E,3FEBD7086B6B9AC6,0
$3FD9040500A62C04,BFED22358B76EA1B,3FC15638E79A14R,0
$3*0,3FF
1 21 NULL
@outer_xsec_index 24 1
1 24 -1
@next_view_id 25 1
1 25 4
@simp_rep_id 26 1
1 26 0
@name 27 10
1 27 no name
@fit_outline 28 2
1 28 [2][3]
$4059,405518,C082FA34BE745EAE
$408C2,4087BB,0
@det_info_ptr 29 0
1 29 NULL
@named_view_pzmatr 30 0
1 30 NULL
@page_id 31 1
1 31 0
@model_name 32 10
1 32 NULL
@unrep_model_name 33 10
1 33 NULL
@saved_pro_dls 34 0
1 34 ->
@pro_dls 35 0
2 35 [9]
3 35 
@pro_dl_data 36 0
4 36 ->
@appl_type 37 1
5 37 1
@dl_type 38 1
5 38 5
@dl_id 39 1
5 39 0
@dl_hdr 40 0
5 40 
@disp_list_version 41 1
6 41 0
@visibility 42 1
6 42 33554440
@status_mask 43 1
6 43 3
@creation_scale 44 2
6 44 0
@view_matrix 45 2
6 45 [4][4]
$3FF,3*0
$0,3FF,2*0
$2*0,3FF,0
$3*0,3FF
@outline 46 2
6 46 [2][3]
$2*C00E,0
$2*400E,4028
@dl_block_mem_size 47 0
6 47 
@dl_block_mem_size 48 1
7 48 32768
@list 49 0
6 49 NULL
@token_contents 50 5
6 50 21
@render_attribs 51 5
6 51 1
@wire_colors 52 1
6 52 [6]
$540752698,541462030,543581798,546542481,548348964,553648127
@children 53 0
6 53 [1]
7 53 
@dl_data 54 0
8 54 
9 36 ->
10 37 46
10 38 5
10 39 1
@o_data 55 0
6 55 
@disp_data 56 0
7 56 NULL
3 35 
4 36 ->
5 37 10
5 38 7
5 39 0
3 35 
4 36 ->
5 37 46
5 38 5
5 39 1
5 40 
6 41 0
6 42 16
6 43 19
6 44 0
6 45 [4][4]
$3FF,3*0
$0,3FF,2*0
$2*0,3FF,0
$3*0,3FF
6 46 [2][3]
$2*C00E,0
$2*400E,4028
6 47 
7 48 1024
6 49 NULL
6 50 21
6 51 0
6 52 [6]
$540752698,541462030,543581798,546542481,548348964,553648127
6 53 [2]
7 53 
8 54 
9 36 ->
10 37 46
10 38 5
10 39 1
@key_list 57 1
10 57 [1]
11 57 1
7 53 
8 54 
9 36 ->
10 37 46
10 38 5
10 39 1
10 57 [1]
11 57 2
6 55 
7 56 ->
@model_type 58 1
8 58 1
@generic_name 59 10
8 59 NULL
3 35 
4 36 ->
5 37 46
5 38 5
5 39 1
5 57 [1]
6 57 1
5 40 
6 41 0
6 42 16
6 43 19
6 44 0
6 45 [4][4]
$3FF,3*0
$0,3FF,2*0
$2*0,3FF,0
$3*0,3FF
6 46 [2][3]
$2*C00D,0
$2*400D,4028
6 47 
7 48 1024
6 49 NULL
6 50 5
6 51 0
6 52 [2]
$541462030,548348964
6 55 
7 56 ->
8 58 2
@model_name 60 10
8 60 fitting
8 59 NULL
3 35 
4 36 ->
5 37 46
5 38 5
5 39 1
5 57 [1]
6 57 2
5 40 
6 41 0
6 42 16
6 43 19
6 44 0
6 45 [4][4]
$3FF,3*0
$0,3FF,2*0
$2*0,3FF,0
$3*0,3FF
6 46 [2][3]
$2*C00E,0
$2*400E,4028
6 47 
7 48 1024
6 49 NULL
6 50 5
6 51 0
6 52 [2]
$540752698,546542481
6 55 
7 56 ->
8 58 2
8 60 TURNING_WP
8 59 NULL
3 35 
4 36 ->
5 37 47
5 38 7
5 39 0
3 35 
4 36 ->
5 37 48
5 38 8
5 39 0
3 35 
4 36 ->
5 37 49
5 38 7
5 39 0
3 35 
4 36 ->
5 37 64
5 38 7
5 39 0
@explode_state 61 0
1 61 NULL
#ModelView#4
@View 1 0
0 1 ->
@id 2 1
1 2 4
@viewattr 3 0
1 3 
@attr_arr 4 1
2 4 [4]
$1,3*0
@mpoint 5 0
1 5 
@id 6 1
2 6 0
@coord 7 2
2 7 [3]
$3FC,0,40122869CCC6548F
@first_instr_ptr 8 0
2 8 NULL
@attach_ptr 9 0
2 9 NULL
@vpoint 10 0
1 10 
2 6 0
2 7 [3]
$407F4,407A5E,0
2 8 NULL
2 9 NULL
@orient 11 2
1 11 [4][4]
$0,3FF,2*0
$2*0,BFF,0
$BFF,3*0
$3*0,3FF
@local_sys 12 2
1 12 [4][4]
$0,4046EDCE62F9CBDR,2*0
$2*0,C046EDCE62F9CBDR,0
$C046EDCE62F9CBDR,3*0
$4086215C9457C7B5,407A0248C67418D1,C09A91F3,3FF
@world_matrix_ptr 13 0
1 13 ->
@world_matrix 14 2
2 14 [4][4]
$0,4046EDCE62F9CBDR,2*0
$2*0,C046EDCE62F9CBDR,0
$C046EDCE62F9CBDR,3*0
$4086215C9457C7B5,407A0248C67418D1,0,3FF
@first_instr_ptr 15 0
1 15 ->
@type 16 1
2 16 100
@geom_id 17 1
2 17 -1
@view_id 18 1
2 18 -1
@memb_num 19 1
2 19 0
@offset 20 2
2 20 0
@matrix 21 0
2 21 NULL
@next_instr_ptr 22 0
1 22 ->
2 16 115
2 17 7
2 18 -1
2 19 1
@memb_id_tab 23 1
2 23 [1]
3 23 2
2 20 0
2 21 NULL
1 22 ->
2 16 125
2 17 -1
2 18 -1
2 19 0
2 20 0
2 21 ->
@matrix 24 2
3 24 [4][4]
$3FE26D536DE162BA,3FBCBC9F2EF733A9,BFE9EA0256AA3813,0
$3FB971A8C37CA049,3FEF277CD677CA89,3FCA51FBFFCDA2B4,0
$3FE9F7C397F80806,BFC975780CB25ED5,3FE195403B512529,0
$3*0,3FF
1 22 ->
2 16 301
2 17 -1
2 18 -1
2 19 0
2 20 4046EDCE62F9CBDR
2 21 NULL
1 22 ->
2 16 125
2 17 -1
2 18 -1
2 19 0
2 20 0
2 21 ->
3 24 [4][4]
$3FED79C3BFD68B54,BFD0C1B7E257793B,BFD2701E4779383C,0
$BFBB9539ABB3E426,3FE144F98B4B74FD,BFEAB7F074C675F7,0
$3FD7F105448520A4,3FE99AA62D5AB35,3FDE023E48115FDR,0
$3*0,3FF
1 22 ->
2 16 206
2 17 26
2 18 -1
2 19 1
2 23 [1]
3 23 1
2 20 0
2 21 NULL
1 22 ->
2 16 217
2 17 2
2 18 -1
2 19 1
2 23 [1]
3 23 1
2 20 0
2 21 NULL
1 22 NULL
@outer_xsec_index 25 1
1 25 -1
@next_view_id 26 1
1 26 7
@simp_rep_id 27 1
1 27 0
@name 28 10
1 28 turning
@fit_outline 29 2
1 29 [2][3]
$4059,405518,C07582AD5EA1EDC
$408C2,4087BB,0
@det_info_ptr 30 0
1 30 NULL
@named_view_pzmatr 31 0
1 31 ->
2 24 [4][4]
$3FF389607137E66E,3*0
$0,3FF389607137E66E,2*0
$2*0,3FF389607137E66E,0
$C054BE4E7064DFC3,C057FC0DF60829A2,3F24084089A99E3,3FF
@page_id 32 1
1 32 0
@model_name 33 10
1 33 NULL
@unrep_model_name 34 10
1 34 NULL
@saved_pro_dls 35 0
1 35 ->
@explode_state 36 0
1 36 NULL
#ModelView#7
@View 1 0
0 1 ->
@id 2 1
1 2 7
@viewattr 3 0
1 3 
@attr_arr 4 1
2 4 [4]
$1,3*0
@mpoint 5 0
1 5 
@id 6 1
2 6 0
@coord 7 2
2 7 [3]
$3FB5BF86F33D32D,0,40122901E4330B35
@first_instr_ptr 8 0
2 8 NULL
@attach_ptr 9 0
2 9 NULL
@vpoint 10 0
1 10 
2 6 0
2 7 [3]
$407F4,407A5E,0
2 8 NULL
2 9 NULL
@orient 11 2
1 11 [4][4]
$0,3FF,2*0
$2*0,BFF,0
$BFF,3*0
$3*0,3FF
@local_sys 12 2
1 12 [4][4]
$0,4046DDFA382AAB9C,2*0
$2*0,C046DDFA382AAB9C,0
$C046DDFA382AAB9C,3*0
$40861D154118ECC7,407A1FD5D9B92E58,C09A8C69E,3FF
@world_matrix_ptr 13 0
1 13 ->
@world_matrix 14 2
2 14 [4][4]
$0,4046DDFA382AAB9C,2*0
$2*0,C046DDFA382AAB9C,0
$C046DDFA382AAB9C,3*0
$40861D154118ECC7,407A1FD5D9B92E58,0,3FF
@first_instr_ptr 15 0
1 15 ->
@type 16 1
2 16 100
@geom_id 17 1
2 17 -1
@view_id 18 1
2 18 -1
@memb_num 19 1
2 19 0
@offset 20 2
2 20 0
@matrix 21 0
2 21 NULL
@next_instr_ptr 22 0
1 22 ->
2 16 115
2 17 7
2 18 -1
2 19 1
@memb_id_tab 23 1
2 23 [1]
3 23 2
2 20 0
2 21 NULL
1 22 ->
2 16 125
2 17 -1
2 18 -1
2 19 0
2 20 0
2 21 ->
@matrix 24 2
3 24 [4][4]
$3FE26D536DE162BA,3FBCBC9F2EF733A9,BFE9EA0256AA3813,0
$3FB971A8C37CA049,3FEF277CD677CA89,3FCA51FBFFCDA2B4,0
$3FE9F7C397F80806,BFC975780CB25ED5,3FE195403B512529,0
$3*0,3FF
1 22 ->
2 16 301
2 17 -1
2 18 -1
2 19 0
2 20 4046DDFA382AAB9C
2 21 NULL
1 22 ->
2 16 125
2 17 -1
2 18 -1
2 19 0
2 20 0
2 21 ->
3 24 [4][4]
$3FED79C3BFD68B54,BFD0C1B7E257793B,BFD2701E4779383C,0
$BFBB9539ABB3E426,3FE144F98B4B74FD,BFEAB7F074C675F7,0
$3FD7F105448520A4,3FE99AA62D5AB35,3FDE023E48115FDR,0
$3*0,3FF
1 22 ->
2 16 206
2 17 26
2 18 -1
2 19 1
2 23 [1]
3 23 1
2 20 0
2 21 NULL
1 22 ->
2 16 217
2 17 2
2 18 -1
2 19 1
2 23 [1]
3 23 1
2 20 0
2 21 NULL
1 22 NULL
@outer_xsec_index 25 1
1 25 -1
@next_view_id 26 1
1 26 8
@simp_rep_id 27 1
1 27 0
@name 28 10
1 28 GROOVE
@fit_outline 29 2
1 29 [2][3]
$4059,405518,C075749FBDC6B67
$408C2,4087BB,0
@det_info_ptr 30 0
1 30 NULL
@named_view_pzmatr 31 0
1 31 ->
2 24 [4][4]
$4018508A1D9A70DE,3*0
$0,4018508A1D9A70DE,2*0
$2*0,4018508A1D9A70DE,0
$C0AC0D6D3F0CE91R,C0A6DCA179ED719B,0,3FF
@page_id 32 1
1 32 0
@model_name 33 10
1 33 NULL
@unrep_model_name 34 10
1 34 NULL
@saved_pro_dls 35 0
1 35 ->
@explode_state 36 0
1 36 NULL
#ModelView#8
@View 1 0
0 1 ->
@id 2 1
1 2 8
@viewattr 3 0
1 3 
@attr_arr 4 1
2 4 [4]
$1,3*0
@mpoint 5 0
1 5 
@id 6 1
2 6 0
@coord 7 2
2 7 [3]
$3FC,0,40122869CCC6548F
@first_instr_ptr 8 0
2 8 NULL
@attach_ptr 9 0
2 9 NULL
@vpoint 10 0
1 10 
2 6 0
2 7 [3]
$407F4,407A5E,0
2 8 NULL
2 9 NULL
@orient 11 2
1 11 [4][4]
$0,3FF,2*0
$2*0,BFF,0
$BFF,3*0
$3*0,3FF
@local_sys 12 2
1 12 [4][4]
$0,4046EDCE62F9CBDR,2*0
$2*0,C046EDCE62F9CBDR,0
$C046EDCE62F9CBDR,3*0
$4086215C9457C7B5,407A0248C67418D1,C09A91F3,3FF
@world_matrix_ptr 13 0
1 13 ->
@world_matrix 14 2
2 14 [4][4]
$0,4046EDCE62F9CBDR,2*0
$2*0,C046EDCE62F9CBDR,0
$C046EDCE62F9CBDR,3*0
$4086215C9457C7B5,407A0248C67418D1,0,3FF
@first_instr_ptr 15 0
1 15 ->
@type 16 1
2 16 100
@geom_id 17 1
2 17 -1
@view_id 18 1
2 18 -1
@memb_num 19 1
2 19 0
@offset 20 2
2 20 0
@matrix 21 0
2 21 NULL
@next_instr_ptr 22 0
1 22 ->
2 16 115
2 17 7
2 18 -1
2 19 1
@memb_id_tab 23 1
2 23 [1]
3 23 2
2 20 0
2 21 NULL
1 22 ->
2 16 125
2 17 -1
2 18 -1
2 19 0
2 20 0
2 21 ->
@matrix 24 2
3 24 [4][4]
$3FE26D536DE162BA,3FBCBC9F2EF733A9,BFE9EA0256AA3813,0
$3FB971A8C37CA049,3FEF277CD677CA89,3FCA51FBFFCDA2B4,0
$3FE9F7C397F80806,BFC975780CB25ED5,3FE195403B512529,0
$3*0,3FF
1 22 ->
2 16 301
2 17 -1
2 18 -1
2 19 0
2 20 4046EDCE62F9CBDR
2 21 NULL
1 22 ->
2 16 125
2 17 -1
2 18 -1
2 19 0
2 20 0
2 21 ->
3 24 [4][4]
$3FED79C3BFD68B54,BFD0C1B7E257793B,BFD2701E4779383C,0
$BFBB9539ABB3E426,3FE144F98B4B74FD,BFEAB7F074C675F7,0
$3FD7F105448520A4,3FE99AA62D5AB35,3FDE023E48115FDR,0
$3*0,3FF
1 22 ->
2 16 206
2 17 26
2 18 -1
2 19 1
2 23 [1]
3 23 1
2 20 0
2 21 NULL
1 22 ->
2 16 217
2 17 2
2 18 -1
2 19 1
2 23 [1]
3 23 1
2 20 0
2 21 NULL
1 22 NULL
@outer_xsec_index 25 1
1 25 -1
@next_view_id 26 1
1 26 9
@simp_rep_id 27 1
1 27 0
@name 28 10
1 28 TURNING2
@fit_outline 29 2
1 29 [2][3]
$4059,405518,C07582AD5EA1EDC
$408C2,4087BB,0
@det_info_ptr 30 0
1 30 NULL
@named_view_pzmatr 31 0
1 31 ->
2 24 [4][4]
$3FFB8C836D146A82,3*0
$0,3FFB8C836D146A82,2*0
$2*0,3FFB8C836D146A82,0
$C07AB999715DC32R,C080EF90D9E4434C,3F2C3F6C13A32739,3FF
@page_id 32 1
1 32 0
@model_name 33 10
1 33 NULL
@unrep_model_name 34 10
1 34 NULL
@saved_pro_dls 35 0
1 35 ->
@explode_state 36 0
1 36 NULL
#ModelView#9
@View 1 0
0 1 ->
@id 2 1
1 2 9
@viewattr 3 0
1 3 
@attr_arr 4 1
2 4 [4]
$1,3*0
@mpoint 5 0
1 5 
@id 6 1
2 6 0
@coord 7 2
2 7 [3]
$3FC,0,40122869CCC6548F
@first_instr_ptr 8 0
2 8 NULL
@attach_ptr 9 0
2 9 NULL
@vpoint 10 0
1 10 
2 6 0
2 7 [3]
$407F4,407A5E,0
2 8 NULL
2 9 NULL
@orient 11 2
1 11 [4][4]
$0,3FF,2*0
$3FD364EE0B26DE19,0,BFEE7ECE88328FEB,0
$BFEE7ECE88328FEB,0,BFD364EE0B26DE19,0
$3*0,3FF
@local_sys 12 2
1 12 [4][4]
$0,4046EDCE62F9CBDR,2*0
$402BCB0880CC6C8A,0,C045D9CDD5E76BB,0
$C045D9CDD5E76BB,0,C02BCB0880CC6C8A,0
$4085D30E240E70AR,407A0248C67418D1,C099959E188DD84E,3FF
@world_matrix_ptr 13 0
1 13 ->
@world_matrix 14 2
2 14 [4][4]
$0,4046EDCE62F9CBDR,2*0
$402BCB0880CC6C8A,0,C045D9CDD5E76BB,0
$C045D9CDD5E76BB,0,C02BCB0880CC6C8A,0
$4085D30E240E70AR,407A0248C67418D1,404F8A9CEE44F63E,3FF
@first_instr_ptr 15 0
1 15 ->
@type 16 1
2 16 100
@geom_id 17 1
2 17 -1
@view_id 18 1
2 18 -1
@memb_num 19 1
2 19 0
@offset 20 2
2 20 0
@matrix 21 0
2 21 NULL
@next_instr_ptr 22 0
1 22 ->
2 16 115
2 17 7
2 18 -1
2 19 1
@memb_id_tab 23 1
2 23 [1]
3 23 2
2 20 0
2 21 NULL
1 22 ->
2 16 125
2 17 -1
2 18 -1
2 19 0
2 20 0
2 21 ->
@matrix 24 2
3 24 [4][4]
$3FE26D536DE162BA,3FBCBC9F2EF733A9,BFE9EA0256AA3813,0
$3FB971A8C37CA049,3FEF277CD677CA89,3FCA51FBFFCDA2B4,0
$3FE9F7C397F80806,BFC975780CB25ED5,3FE195403B512529,0
$3*0,3FF
1 22 ->
2 16 301
2 17 -1
2 18 -1
2 19 0
2 20 4046EDCE62F9CBDR
2 21 NULL
1 22 ->
2 16 125
2 17 -1
2 18 -1
2 19 0
2 20 0
2 21 ->
3 24 [4][4]
$3FED79C3BFD68B54,BFD0C1B7E257793B,BFD2701E4779383C,0
$BFBB9539ABB3E426,3FE144F98B4B74FD,BFEAB7F074C675F7,0
$3FD7F105448520A4,3FE99AA62D5AB35,3FDE023E48115FDR,0
$3*0,3FF
1 22 ->
2 16 206
2 17 26
2 18 -1
2 19 1
2 23 [1]
3 23 1
2 20 0
2 21 NULL
1 22 ->
2 16 217
2 17 2
2 18 -1
2 19 1
2 23 [1]
3 23 1
2 20 0
2 21 NULL
1 22 ->
2 16 125
2 17 -1
2 18 -1
2 19 0
2 20 0
2 21 ->
3 24 [4][4]
$3FEE7ECE88328FEB,0,3FD364EE0B26DE19,0
$0,3FF,2*0
$BFD364EE0B26DE19,0,3FEE7ECE88328FEB,0
$3*0,3FF
1 22 NULL
@outer_xsec_index 25 1
1 25 -1
@next_view_id 26 1
1 26 10
@simp_rep_id 27 1
1 27 0
@name 28 10
1 28 TURNING3
@fit_outline 29 2
1 29 [2][3]
$4059,405518,C080CC3C5DEEB6AC
$408C2,4087BB,0
@det_info_ptr 30 0
1 30 NULL
@named_view_pzmatr 31 0
1 31 ->
2 24 [4][4]
$3FF6E49ED018A8FB,3*0
$0,3FF6E49ED018A8FB,2*0
$2*0,3FF6E49ED018A8FB,0
$C07848F06217259E,C073CD8C72B9BA75,3F27794B08F34619,3FF
@page_id 32 1
1 32 0
@model_name 33 10
1 33 NULL
@unrep_model_name 34 10
1 34 NULL
@saved_pro_dls 35 0
1 35 ->
@explode_state 36 0
1 36 NULL
#ModelView#10
@View 1 0
0 1 ->
@id 2 1
1 2 10
@viewattr 3 0
1 3 
@attr_arr 4 1
2 4 [4]
$1,3*0
@mpoint 5 0
1 5 
@id 6 1
2 6 0
@coord 7 2
2 7 [3]
$3FC,0,40122869CCC6548F
@first_instr_ptr 8 0
2 8 NULL
@attach_ptr 9 0
2 9 NULL
@vpoint 10 0
1 10 
2 6 0
2 7 [3]
$407F4,407A5E,0
2 8 NULL
2 9 NULL
@orient 11 2
1 11 [4][4]
$0,3FF,2*0
$3FD364EE0B26DE19,0,BFEE7ECE88328FEB,0
$BFEE7ECE88328FEB,0,BFD364EE0B26DE19,0
$3*0,3FF
@local_sys 12 2
1 12 [4][4]
$0,4046EDCE62F9CBDR,2*0
$402BCB0880CC6C8A,0,C045D9CDD5E76BB,0
$C045D9CDD5E76BB,0,C02BCB0880CC6C8A,0
$4085D30E240E70AR,407A0248C67418D1,C099959E188DD84E,3FF
@world_matrix_ptr 13 0
1 13 ->
@world_matrix 14 2
2 14 [4][4]
$0,4046EDCE62F9CBDR,2*0
$402BCB0880CC6C8A,0,C045D9CDD5E76BB,0
$C045D9CDD5E76BB,0,C02BCB0880CC6C8A,0
$4085D30E240E70AR,407A0248C67418D1,404F8A9CEE44F63E,3FF
@first_instr_ptr 15 0
1 15 ->
@type 16 1
2 16 100
@geom_id 17 1
2 17 -1
@view_id 18 1
2 18 -1
@memb_num 19 1
2 19 0
@offset 20 2
2 20 0
@matrix 21 0
2 21 NULL
@next_instr_ptr 22 0
1 22 ->
2 16 115
2 17 7
2 18 -1
2 19 1
@memb_id_tab 23 1
2 23 [1]
3 23 2
2 20 0
2 21 NULL
1 22 ->
2 16 125
2 17 -1
2 18 -1
2 19 0
2 20 0
2 21 ->
@matrix 24 2
3 24 [4][4]
$3FE26D536DE162BA,3FBCBC9F2EF733A9,BFE9EA0256AA3813,0
$3FB971A8C37CA049,3FEF277CD677CA89,3FCA51FBFFCDA2B4,0
$3FE9F7C397F80806,BFC975780CB25ED5,3FE195403B512529,0
$3*0,3FF
1 22 ->
2 16 301
2 17 -1
2 18 -1
2 19 0
2 20 4046EDCE62F9CBDR
2 21 NULL
1 22 ->
2 16 125
2 17 -1
2 18 -1
2 19 0
2 20 0
2 21 ->
3 24 [4][4]
$3FED79C3BFD68B54,BFD0C1B7E257793B,BFD2701E4779383C,0
$BFBB9539ABB3E426,3FE144F98B4B74FD,BFEAB7F074C675F7,0
$3FD7F105448520A4,3FE99AA62D5AB35,3FDE023E48115FDR,0
$3*0,3FF
1 22 ->
2 16 206
2 17 26
2 18 -1
2 19 1
2 23 [1]
3 23 1
2 20 0
2 21 NULL
1 22 ->
2 16 217
2 17 2
2 18 -1
2 19 1
2 23 [1]
3 23 1
2 20 0
2 21 NULL
1 22 ->
2 16 125
2 17 -1
2 18 -1
2 19 0
2 20 0
2 21 ->
3 24 [4][4]
$3FEE7ECE88328FEB,0,3FD364EE0B26DE19,0
$0,3FF,2*0
$BFD364EE0B26DE19,0,3FEE7ECE88328FEB,0
$3*0,3FF
1 22 NULL
@outer_xsec_index 25 1
1 25 -1
@next_view_id 26 1
1 26 11
@simp_rep_id 27 1
1 27 0
@name 28 10
1 28 TURNING4
@fit_outline 29 2
1 29 [2][3]
$4059,405518,C080CC3C5DEEB6AC
$408C2,4087BB,0
@det_info_ptr 30 0
1 30 NULL
@named_view_pzmatr 31 0
1 31 ->
2 24 [4][4]
$3FF154FD25E8857F,3*0
$0,3FF154FD25E8857F,2*0
$2*0,3FF154FD25E8857F,0
$4020D5BCCDEE5BFR,C065BC1B1F4327DF,3F21C58BFA79217D,3FF
@page_id 32 1
1 32 0
@model_name 33 10
1 33 NULL
@unrep_model_name 34 10
1 34 NULL
@saved_pro_dls 35 0
1 35 ->
@explode_state 36 0
1 36 NULL
#ModelView#11
@View 1 0
0 1 ->
@id 2 1
1 2 11
@viewattr 3 0
1 3 
@attr_arr 4 1
2 4 [4]
$1,3*0
@mpoint 5 0
1 5 
@id 6 1
2 6 0
@coord 7 2
2 7 [3]
$3FB5BF86F33D32D,0,40122901E4330B35
@first_instr_ptr 8 0
2 8 NULL
@attach_ptr 9 0
2 9 NULL
@vpoint 10 0
1 10 
2 6 0
2 7 [3]
$407F4,407A5E,0
2 8 NULL
2 9 NULL
@orient 11 2
1 11 [4][4]
$0,3FF,2*0
$2*0,BFF,0
$BFF,3*0
$3*0,3FF
@local_sys 12 2
1 12 [4][4]
$0,4046DDFA382AAB9C,2*0
$2*0,C046DDFA382AAB9C,0
$C046DDFA382AAB9C,3*0
$40861D154118ECC7,407A1FD5D9B92E58,C09A8C69E,3FF
@world_matrix_ptr 13 0
1 13 ->
@world_matrix 14 2
2 14 [4][4]
$0,4046DDFA382AAB9C,2*0
$2*0,C046DDFA382AAB9C,0
$C046DDFA382AAB9C,3*0
$40861D154118ECC7,407A1FD5D9B92E58,0,3FF
@first_instr_ptr 15 0
1 15 ->
@type 16 1
2 16 100
@geom_id 17 1
2 17 -1
@view_id 18 1
2 18 -1
@memb_num 19 1
2 19 0
@offset 20 2
2 20 0
@matrix 21 0
2 21 NULL
@next_instr_ptr 22 0
1 22 ->
2 16 115
2 17 7
2 18 -1
2 19 1
@memb_id_tab 23 1
2 23 [1]
3 23 2
2 20 0
2 21 NULL
1 22 ->
2 16 125
2 17 -1
2 18 -1
2 19 0
2 20 0
2 21 ->
@matrix 24 2
3 24 [4][4]
$3FE26D536DE162BA,3FBCBC9F2EF733A9,BFE9EA0256AA3813,0
$3FB971A8C37CA049,3FEF277CD677CA89,3FCA51FBFFCDA2B4,0
$3FE9F7C397F80806,BFC975780CB25ED5,3FE195403B512529,0
$3*0,3FF
1 22 ->
2 16 301
2 17 -1
2 18 -1
2 19 0
2 20 4046DDFA382AAB9C
2 21 NULL
1 22 ->
2 16 125
2 17 -1
2 18 -1
2 19 0
2 20 0
2 21 ->
3 24 [4][4]
$3FED79C3BFD68B54,BFD0C1B7E257793B,BFD2701E4779383C,0
$BFBB9539ABB3E426,3FE144F98B4B74FD,BFEAB7F074C675F7,0
$3FD7F105448520A4,3FE99AA62D5AB35,3FDE023E48115FDR,0
$3*0,3FF
1 22 ->
2 16 206
2 17 26
2 18 -1
2 19 1
2 23 [1]
3 23 1
2 20 0
2 21 NULL
1 22 ->
2 16 217
2 17 2
2 18 -1
2 19 1
2 23 [1]
3 23 1
2 20 0
2 21 NULL
1 22 NULL
@outer_xsec_index 25 1
1 25 -1
@next_view_id 26 1
1 26 14
@simp_rep_id 27 1
1 27 0
@name 28 10
1 28 TURNING5
@fit_outline 29 2
1 29 [2][3]
$4059,405518,C075749FBDC6B67
$408C2,4087BB,0
@det_info_ptr 30 0
1 30 NULL
@named_view_pzmatr 31 0
1 31 ->
2 24 [4][4]
$3FFABE8311D0648A,3*0
$0,3FFABE8311D0648A,2*0
$2*0,3FFABE8311D0648A,0
$C07C950255B7EC0F,C0733A70631A300F,3F2B6C31E64B24C4,3FF
@page_id 32 1
1 32 0
@model_name 33 10
1 33 NULL
@unrep_model_name 34 10
1 34 NULL
@saved_pro_dls 35 0
1 35 ->
@explode_state 36 0
1 36 NULL
#ModelView#14
@View 1 0
0 1 ->
@id 2 1
1 2 14
@viewattr 3 0
1 3 
@attr_arr 4 1
2 4 [4]
$1,3*0
@mpoint 5 0
1 5 
@id 6 1
2 6 0
@coord 7 2
2 7 [3]
$3FB5BF86F33D32D,0,40122901E4330B35
@first_instr_ptr 8 0
2 8 NULL
@attach_ptr 9 0
2 9 NULL
@vpoint 10 0
1 10 
2 6 0
2 7 [3]
$407F4,407A5E,0
2 8 NULL
2 9 NULL
@orient 11 2
1 11 [4][4]
$BFB429457E1E1534,BFEEC9BFE827BF8A,BFD0B3D19D939762,0
$BFD434B0BF153961,BFCCB3F035DBA032,3FED80D34750A973,0
$BFEE423085D0AA2,3FC3D72C0E83BBB4,BFD24F7226417704,0
$4026B1A4645C7F97,BFFDC2C215C5999,400B772B39623286,3FF
@local_sys 12 2
1 12 [4][4]
$C00CD074E8EB671,C0460046032C09A7,C027DEF92C489DB6,0
$C02CE0C6CE447B5E,C02482D04820C228,40451539A6675FC2,0
$C0459F671552E18A,401C5B1EEC340446,C02A2B44A6E8E615,0
$4085C52267EE85F3,407896DC773FFA29,C0999ABD839AE29E,3FF
@world_matrix_ptr 13 0
1 13 ->
@world_matrix 14 2
2 14 [4][4]
$C00CD074E8EB671,C0460046032C09A7,C027DEF92C489DB6,0
$C02CE0C6CE447B5E,C02482D04820C228,40451539A6675FC2,0
$C0459F671552E18A,401C5B1EEC340446,C02A2B44A6E8E615,0
$4085C52267EE85F3,407896DC773FFA29,404E3588CC1DC28A,3FF
@first_instr_ptr 15 0
1 15 ->
@type 16 1
2 16 100
@geom_id 17 1
2 17 -1
@view_id 18 1
2 18 -1
@memb_num 19 1
2 19 0
@offset 20 2
2 20 0
@matrix 21 0
2 21 NULL
@next_instr_ptr 22 0
1 22 ->
2 16 115
2 17 7
2 18 -1
2 19 1
@memb_id_tab 23 1
2 23 [1]
3 23 2
2 20 0
2 21 NULL
1 22 ->
2 16 125
2 17 -1
2 18 -1
2 19 0
2 20 0
2 21 ->
@matrix 24 2
3 24 [4][4]
$3FE26D536DE162BA,3FBCBC9F2EF733A9,BFE9EA0256AA3813,0
$3FB971A8C37CA049,3FEF277CD677CA89,3FCA51FBFFCDA2B4,0
$3FE9F7C397F80806,BFC975780CB25ED5,3FE195403B512529,0
$3*0,3FF
1 22 ->
2 16 301
2 17 -1
2 18 -1
2 19 0
2 20 4046DDFA382AAB9C
2 21 NULL
1 22 ->
2 16 125
2 17 -1
2 18 -1
2 19 0
2 20 0
2 21 ->
3 24 [4][4]
$3FE90071DE446EBA,3FD9FB522CFE305A,3FDE57682D0B7057,0
$BFDF24875EA9F774,BFB458FDD14FAE7E,3FEBD7086B6B9AC6,0
$3FD9040500A62C04,BFED22358B76EA1B,3FC15638E79A14R,0
$3*0,3FF
1 22 NULL
@outer_xsec_index 25 1
1 25 -1
@next_view_id 26 1
1 26 -2
@simp_rep_id 27 1
1 27 0
@name 28 10
1 28 ISO
@fit_outline 29 2
1 29 [2][3]
$4059,405518,C082FA34BE745EAE
$408C2,4087BB,0
@det_info_ptr 30 0
1 30 NULL
@named_view_pzmatr 31 0
1 31 ->
2 24 [4][4]
$3FEFBCE760180652,3*0
$0,3FEFBCE760180652,2*0
$2*0,3FEFBCE760180652,0
$C01D7E30C967A44,C05239B4D4D56F8R,3F2045823043E173,3FF
@page_id 32 1
1 32 0
@model_name 33 10
1 33 NULL
@unrep_model_name 34 10
1 34 NULL
@saved_pro_dls 35 0
1 35 ->
@explode_state 36 0
1 36 NULL
#DispDataColor
@ref_color_table 1 0
0 1 
@ref_color_arr 2 0
1 2 [3]
2 2 
@maximum 3 2
3 3 [3]
$0,3FF,0
@ambient 4 2
3 4 3FECR
@diffuse 5 2
3 5 3FECR
@specular 6 2
3 6 3FE9R
@spec_coef 7 2
3 7 3FE
@transmission 8 2
3 8 0
@threshold 9 1
3 9 90
@gl_ind 10 1
3 10 1
@highlight 11 2
3 11 [3]
$3*3FF
@reflection 12 2
3 12 3FD
@bump_height 13 2
3 13 3FE
@bump 14 3
3 14 NULL
@decal_intensity 15 2
3 15 3FF
@decal 16 3
3 16 NULL
@texture 17 3
3 17 NULL
2 2 
3 3 [3]
$3FE6147AE147AE15,2*3FC28C154C985F07
3 4 3FECR
3 5 3FECR
3 6 3FE9R
3 7 3FE
3 8 0
3 9 90
3 10 2
3 11 [3]
$3*3FF
3 12 3FECR
3 13 3FF
3 14 NULL
3 15 4059
3 16 NULL
3 17 NULL
2 2 
3 3 [3]
$2*3FE28F5C28F5C28F,3FE23D70A3D70A3D
3 4 3FECR
3 5 3FECR
3 6 3FE9R
3 7 3FE
3 8 0
3 9 90
3 10 3
3 11 [3]
$3*3FF
3 12 3FECR
3 13 3FF
3 14 NULL
3 15 4059
3 16 NULL
3 17 NULL
#DispDataTable
@disp_data_table 1 0
0 1 
@disp_data_arr 2 0
1 2 [1]
2 2 
@disp_data 3 0
3 3 ->
@wire 4 0
4 4 
@disp_list_version 5 1
5 5 59
@visibility 6 1
5 6 16
@status_mask 7 1
5 7 3
@creation_scale 8 2
5 8 0
@view_matrix 9 2
5 9 [4][4]
$3FF,3*0
$0,3FF,2*0
$2*0,3FF,0
$3*0,3FF
@outline 10 2
5 10 [2][3]
$3*41CDCD64FR
$3*C1CDCD64FR
@dl_block_mem_size 11 0
5 11 
@dl_block_mem_size 12 1
6 12 32768
@list 13 0
5 13 NULL
@token_contents 14 5
5 14 0
@render_attribs 15 5
5 15 0
@part_color 16 1
4 16 -1
@color_prop_ptr 17 0
4 17 ->
@color_refs 18 0
5 18 [1]
6 18 
@ref_color 19 0
7 19 ->
@maximum 20 2
8 20 [3]
$0,3FF,0
@ambient 21 2
8 21 3FECR
@diffuse 22 2
8 22 3FECR
@specular 23 2
8 23 3FE9R
@spec_coef 24 2
8 24 3FE
@transmission 25 2
8 25 0
@threshold 26 1
8 26 90
@gl_ind 27 1
8 27 1
@highlight 28 2
8 28 [3]
$3*3FF
@reflection 29 2
8 29 3FD
@bump_height 30 2
8 30 3FE
@bump 31 3
8 31 NULL
@decal_intensity 32 2
8 32 3FF
@decal 33 3
8 33 NULL
@texture 34 3
8 34 NULL
@surf_ind_tab 35 0
5 35 [2]
6 35 
@surf_id 36 1
7 36 6
@surf_color_inds 37 1
7 37 [2]
$0,-1
@surf_pl 38 0
7 38 [2]
8 38 
@placement_ptr 39 0
9 39 NULL
8 38 
9 39 NULL
6 35 
7 36 2
7 37 [2]
$0,-1
7 38 [2]
8 38 
9 39 NULL
8 38 
9 39 NULL
@model_type 40 1
4 40 1
@flags 41 1
4 41 0
@generic_name 42 10
4 42 NULL
@label 43 10
4 43 NULL
@components 44 0
4 44 
@comp_arr 45 0
5 45 [2]
6 45 
@comp 46 0
7 46 ->
@id 47 1
8 47 1
@type 48 1
8 48 -1
@memb2model 49 2
8 49 [4][3]
$3FF,2*0
$0,3FF,0
$2*0,3FF
$3*0
@solid_dd 50 0
8 50 ->
9 16 1
9 40 2
9 41 2
@model_name 51 10
9 51 fitting
9 42 NULL
9 43 NULL
6 45 
7 46 ->
8 47 2
8 48 -1
8 49 [4][3]
$3FF,2*0
$0,3FF,0
$2*0,3FF
$3*0
8 50 ->
9 16 2
9 40 2
9 41 2
9 51 TURNING_WP
9 42 NULL
9 43 NULL
#AssMrgPrt
@assem_merge_parts 1 0
0 1 ->
#END_OF_UGC
