#UGC:2 DRAW_TABLE 885 360 0 1 1 15 1600 9542 \
#- VERS 0 0                                                          \
#- HOST                                                              \
#- LINK                                                              \
#- DBID                                                              \
#- REVS 0,                                                           \
#- RELL 0,                                                           \
#- UOBJ_ID 0 0 0                                                     \
#-END_OF_UGC_HEADER
#Pro/ENGINEER  TM  Version G-01-10  (c) 1988-95 by Parametric Technology Corporation  All Rights Reserved. 9542
@Drawing 1 0
0 1 ->
@type 2 1
1 2 128
@draw_type 3 1
1 3 0
@draft_ptr 4 0
1 4 ->
@draft_setup_ptr 5 0
2 5 ->
@grid_displayed 6 1
3 6 0
@grid 7 0
3 7 
@grid_type 8 1
4 8 0
@origin 9 2
4 9 [3]
$3*0
@grid_params(cart_params) 10 0
4 10 
@x_spacing 11 2
5 11 3FC3R
@y_spacing 12 2
5 12 3FC3R
@angle 13 2
4 13 0
@last_ent_id 14 1
2 14 -1
@tol_default_ptr 15 0
2 15 ->
@type 16 1
3 16 10
@value 17 2
3 17 [7]
$0,3FB9R,3F847AE147AE147B,3F50624DD2F1A9FC,3F1A36E2EB1C432D,
$3EE4F8B588E368F1,3EB0C6F7A0B5ED8E
@ang_value 18 2
3 18 [7]
$0,6*3FE
@standard 19 1
3 19 0
@iso_tol_tbls_ptr 20 0
3 20 NULL
@setup_ptr 21 0
1 21 ->
@txt_hgt_ptr 22 0
2 22 ->
@txt_hgt_units 23 1
3 23 0
@dim_txt_hgt 24 2
3 24 0
@note_txt_hgt 25 2
3 25 0
@tol_txt_hgt_factor 26 2
3 26 0
@frm_txt_hgt 27 2
3 27 3FB9R
@slant_txt_ang 28 2
3 28 0
@tol_txt_width_factor 29 2
3 29 0
@txt_width_factor 30 2
3 30 3FE9R
@txt_thickness 31 2
3 31 0
@len_gap_ptr 32 0
2 32 ->
@arrow_length 33 2
3 33 3FC8
@arrow_width 34 2
3 34 3FB
@arrow_style 35 1
3 35 2
@dim_txt_gap 36 2
3 36 0
@wit_line_gap 37 2
3 37 0
@wit_line_delta 38 2
3 38 0
@leader_elbow 39 2
3 39 3FD
@dim_lead_len 40 2
3 40 0
@cline_offset 41 2
3 41 0
@sline_offset 42 2
3 42 0
@cut_line_seg 43 2
3 43 0
@dot_diameter 44 2
3 44 BFF
@att_sym_width 45 2
3 45 BFF
@att_sym_height 46 2
3 46 BFF
@dim_style_ptr 47 0
2 47 ->
@txt_orient 48 1
3 48 0
@orddim_txt_orient 49 1
3 49 0
@decimal_marker 50 1
3 50 2
@dual_dim 51 1
3 51 0
@dual_sec_units 52 1
3 52 0
@dual_dig_diff 53 1
3 53 0
@dual_brackets 54 1
3 54 0
@iso_dim_placement 55 1
3 55 0
@ang_units 56 1
3 56 0
@lead_trl_zeros 57 1
3 57 40
@ref_dim_disp 58 1
3 58 0
@tol_display 59 1
3 59 0
@draft_scale 60 2
3 60 0
@associative_dims 61 1
3 61 0
@clip_dims 62 1
3 62 0
@blank_zero_tol 63 1
3 63 0
@gtol_dim_placement 64 1
3 64 0
@ord_dim_standard 65 1
3 65 0
@allow_3d_dims 66 1
3 66 0
@default_dim_elbows 67 1
3 67 0
@angdim_txt_orient 68 1
3 68 1
@view_disp_ptr 69 0
2 69 ->
@proj_type 70 1
3 70 0
@xsec_arr_style 71 1
3 71 0
@xsec_txt_place 72 1
3 72 0
@dtl_circle 73 1
3 73 0
@broken_view_offset 74 2
3 74 0
@xsec_arr_len 75 2
3 75 0
@xsec_arr_width 76 2
3 76 0
@mesh_surf_lines 77 1
3 77 0
@cutting_line 78 1
3 78 0
@cutting_line_adapt 79 1
3 79 0
@view_note 80 1
3 80 0
@half_view_line 81 1
3 81 0
@scale_format 82 1
3 82 0
@scale_denominator 83 1
3 83 0
@view_disp_attr 84 1
3 84 0
@thread_standard 85 1
3 85 0
@dtl_circle_style 86 0
3 86 
@txt_thickness 87 2
3 87 0
@txt_height 88 2
3 88 0
@disp_unfold_seam 89 1
3 89 1
@gtol_disp_ptr 90 0
2 90 ->
@dtm_disp_style 91 1
3 91 0
@fcs_disp_style 92 1
3 92 0
@surffin_disp_ptr 93 0
2 93 ->
@surffin_disp_style 94 1
3 94 0
@unit_ptr 95 0
2 95 ->
@type 96 1
3 96 1
@factor 97 2
3 97 3FF
@name 98 10
3 98 INCH
@unit_type 99 1
3 99 0
@font_names 100 0
2 100 [2]
3 100 
@relat 101 10
4 101 font
3 100 
4 101 filled
@misc_flag 102 1
2 102 [2]
$2*0
@note_disp_ptr 103 0
2 103 ->
@min_balloon_radius 104 2
3 104 0
@max_balloon_radius 105 2
3 105 0
@mdl_grid_prefix 106 10
3 106 
@grid_balloon_radius 107 2
3 107 0
@mdl_grid_num_dig 108 1
3 108 0
@bom_balloon_ldr_sym 109 1
3 109 0
@bool_param_disp 110 1
3 110 0
@sym_disp_ptr 111 0
2 111 ->
@sym_flip_rotated_text 112 1
3 112 0
@cblinf_setup_ptr 113 0
2 113 ->
@show_terminators 114 1
3 114 0
@location_radius 115 2
3 115 3FF
@hlr_for_thread 116 1
2 116 0
@dgm_setup_ptr 117 0
2 117 ->
@def_wire_label 118 10
3 118 &wire_name,&spool_color_code
@def_cable_label 119 10
3 119 &cbl_name,&spool_color_code
@def_wire_break_label 120 10
3 120 &wire_opp_sym,PIN&wire_opp_node,SHEET&wire_opp_sheet
@def_rail_label 121 10
3 121 NULL
@wire_notes_above 122 1
3 122 0
@rail_notes_above 123 1
3 123 1
@node_radius 124 2
3 124 BFF
@rail_node_radius 125 2
3 125 BFF
@line_style_std 126 1
2 126 0
@dim_notes 127 0
1 127 [30]
2 127 ->
@type 128 1
3 128 12
@group_id 129 1
3 129 -1
@attributes 130 1
3 130 1295
@line_array 131 0
3 131 [1]
4 131 
@text_array 132 0
5 132 [1]
6 132 
@text_type 133 1
7 133 18
@text_value 134 10
7 134 FROM-TO WIRELIST INFORMATION
@txt_attrib 135 1
7 135 0
@owner_id 136 1
7 136 -1
@aux_id 137 1
7 137 2
@part_id 138 1
7 138 -1
@height 139 2
7 139 3FD
@width_factor 140 2
7 140 3FF
@format_info 141 0
7 141 
@thickness 142 2
7 142 3FAEB851EB851EB8
@note_ldr 143 0
3 143 ->
@ldr_attrib 144 1
4 144 0
@note_att 145 0
4 145 ->
@type 146 1
5 146 14
@attach_id 147 1
5 147 0
@index 148 1
5 148 [2]
$2*0
@att_offsets 149 0
5 149 [2]
6 149 ->
@offset_type 150 1
7 150 9
@offset 151 2
7 151 40779F032A4365D7
6 149 ->
7 150 10
7 151 4083179ACF68135D
@view_id 152 1
5 152 0
@point 153 2
5 153 [3]
$40779F032A4365D7,4083179ACF68135D,0
@vec 154 2
5 154 [3]
$3*0
@attribute 155 1
5 155 25165824
@ext_model_id 156 1
5 156 -1
@next_attach_ptr 157 0
4 157 NULL
@gen_info 158 0
3 158 
2 127 ->
3 128 12
3 129 -1
3 130 271
3 131 [1]
4 131 
5 132 [1]
6 132 
7 133 18
7 134 RUN
7 135 0
7 136 -1
7 137 0
7 138 -1
7 139 3FC4
7 140 3FE9R
7 141 
7 142 BFF
3 143 ->
4 144 0
4 145 ->
5 146 14
5 147 0
5 148 [2]
$1,0
5 149 [2]
6 149 ->
7 150 9
7 151 406169A93D40FA3B
6 149 ->
7 150 10
7 151 4081FB8389969F
5 152 0
5 153 [3]
$406169A93D40FA3B,4081FB8389969F,0
5 154 [3]
$3*0
5 155 25165824
5 156 -1
4 157 NULL
3 158 
2 127 ->
3 128 12
3 129 -1
3 130 783
3 131 [1]
4 131 
5 132 [1]
6 132 
7 133 18
7 134 WIRE
7 135 0
7 136 -1
7 137 0
7 138 -1
7 139 3FC4
7 140 3FE9R
7 141 
7 142 BFF
3 143 ->
4 144 0
4 145 ->
5 146 30
5 147 0
5 148 [2]
$2*1
5 152 0
5 153 [3]
$3*0
5 154 [3]
$3*0
5 155 16777216
5 156 -1
4 157 NULL
3 158 
2 127 ->
3 128 12
3 129 -1
3 130 1295
3 131 [1]
4 131 
5 132 [1]
6 132 
7 133 18
7 134 FROM
7 135 0
7 136 -1
7 137 0
7 138 -1
7 139 3FC4
7 140 3FE9R
7 141 
7 142 BFF
3 143 ->
4 144 0
4 145 ->
5 146 14
5 147 0
5 148 [2]
$1,2
5 149 [2]
6 149 ->
7 150 9
7 151 406EE834E029B469
6 149 ->
7 150 10
7 151 4081FB8389969F
5 152 0
5 153 [3]
$406EE834E029B469,4081FB8389969F,0
5 154 [3]
$3*0
5 155 25165824
5 156 -1
4 157 NULL
3 158 
2 127 ->
3 128 12
3 129 -1
3 130 271
3 131 [1]
4 131 
5 132 [1]
6 132 
7 133 18
7 134 TO
7 135 0
7 136 -1
7 137 0
7 138 -1
7 139 3FC4
7 140 3FE9R
7 141 
7 142 BFF
3 143 ->
4 144 0
4 145 ->
5 146 14
5 147 0
5 148 [2]
$1,5
5 149 [2]
6 149 ->
7 150 9
7 151 4077441A7014DA3R
6 149 ->
7 150 10
7 151 4081FB8389969F
5 152 0
5 153 [3]
$4077441A7014DA3R,4081FB8389969F,0
5 154 [3]
$3*0
5 155 25165824
5 156 -1
4 157 NULL
3 158 
2 127 ->
3 128 12
3 129 -1
3 130 783
3 131 [1]
4 131 
5 132 [1]
6 132 
7 133 18
7 134 SPOOL
7 135 0
7 136 -1
7 137 0
7 138 -1
7 139 3FC4
7 140 3FE9R
7 141 
7 142 BFF
3 143 ->
4 144 0
4 145 ->
5 146 30
5 147 0
5 148 [2]
$1,8
5 152 0
5 153 [3]
$3*0
5 154 [3]
$3*0
5 155 16777216
5 156 -1
4 157 NULL
3 158 
2 127 ->
3 128 12
3 129 -1
3 130 271
3 131 [1]
4 131 
5 132 [1]
6 132 
7 133 18
7 134 WIRE
7 135 0
7 136 -1
7 137 0
7 138 -1
7 139 3FC4
7 140 3FE9R
7 141 
7 142 BFF
3 143 ->
4 144 0
4 145 ->
5 146 14
5 147 0
5 148 [2]
$1,9
5 149 [2]
6 149 ->
7 150 9
7 151 40815098DAF32748
6 149 ->
7 150 10
7 151 4081FB8389969F
5 152 0
5 153 [3]
$40815098DAF32748,4081FB8389969F,0
5 154 [3]
$3*0
5 155 25165824
5 156 -1
4 157 NULL
3 158 
2 127 ->
3 128 12
3 129 -1
3 130 271
3 131 [1]
4 131 
5 132 [1]
6 132 
7 133 18
7 134 WIRE
7 135 0
7 136 -1
7 137 0
7 138 -1
7 139 3FC4
7 140 3FE9R
7 141 
7 142 BFF
3 143 ->
4 144 0
4 145 ->
5 146 14
5 147 0
5 148 [2]
$1,10
5 149 [2]
6 149 ->
7 150 9
7 151 40834498DAF32748
6 149 ->
7 150 10
7 151 4081FB8389969F
5 152 0
5 153 [3]
$40834498DAF32748,4081FB8389969F,0
5 154 [3]
$3*0
5 155 25165824
5 156 -1
4 157 NULL
3 158 
2 127 ->
3 128 12
3 129 -1
3 130 271
3 131 [1]
4 131 
5 132 [1]
6 132 
7 133 18
7 134 NAME
7 135 0
7 136 -1
7 137 0
7 138 -1
7 139 3FC4
7 140 3FE9R
7 141 
7 142 BFF
3 143 ->
4 144 0
4 145 ->
5 146 30
5 147 0
5 148 [2]
$2,0
5 152 0
5 153 [3]
$3*0
5 154 [3]
$3*0
5 155 25165824
5 156 -1
4 157 NULL
3 158 
2 127 ->
3 128 12
3 129 -1
3 130 783
3 131 [1]
4 131 
5 132 [1]
6 132 
7 133 18
7 134 NAME
7 135 0
7 136 -1
7 137 0
7 138 -1
7 139 3FC4
7 140 3FE9R
7 141 
7 142 BFF
3 143 ->
4 144 0
4 145 ->
5 146 30
5 147 0
5 148 [2]
$2,1
5 152 0
5 153 [3]
$3*0
5 154 [3]
$3*0
5 155 16777216
5 156 -1
4 157 NULL
3 158 
2 127 ->
3 128 12
3 129 -1
3 130 271
3 131 [1]
4 131 
5 132 [1]
6 132 
7 133 18
7 134 COMPONENT
7 135 0
7 136 -1
7 137 0
7 138 -1
7 139 3FC4
7 140 3FE9R
7 141 
7 142 BFF
3 143 ->
4 144 0
4 145 ->
5 146 14
5 147 0
5 148 [2]
$2*2
5 149 [2]
6 149 ->
7 150 9
7 151 406EE834E029B469
6 149 ->
7 150 10
7 151 408189E0A0DC7074
5 152 0
5 153 [3]
$406EE834E029B469,408189E0A0DC7074,0
5 154 [3]
$3*0
5 155 25165824
5 156 -1
4 157 NULL
3 158 
2 127 ->
3 128 12
3 129 -1
3 130 271
3 131 [1]
4 131 
5 132 [1]
6 132 
7 133 18
7 134 PIN
7 135 0
7 136 -1
7 137 0
7 138 -1
7 139 3FC4
7 140 3FE9R
7 141 
7 142 BFF
3 143 ->
4 144 0
4 145 ->
5 146 14
5 147 0
5 148 [2]
$2,3
5 149 [2]
6 149 ->
7 150 9
7 151 407522A612FD9462
6 149 ->
7 150 10
7 151 408189E0A0DC7074
5 152 0
5 153 [3]
$407522A612FD9462,408189E0A0DC7074,0
5 154 [3]
$3*0
5 155 25165824
5 156 -1
4 157 NULL
3 158 
2 127 ->
3 128 12
3 129 -1
3 130 783
3 131 [1]
4 131 
5 132 [1]
6 132 
7 133 18
7 134 SHEET
7 135 0
7 136 -1
7 137 0
7 138 -1
7 139 3FC4
7 140 3FE9R
7 141 
7 142 BFF
3 143 ->
4 144 0
4 145 ->
5 146 30
5 147 0
5 148 [2]
$2,4
5 152 0
5 153 [3]
$3*0
5 154 [3]
$3*0
5 155 16777216
5 156 -1
4 157 NULL
3 158 
2 127 ->
3 128 12
3 129 -1
3 130 271
3 131 [1]
4 131 
5 132 [1]
6 132 
7 133 18
7 134 COMPONENT
7 135 0
7 136 -1
7 137 0
7 138 -1
7 139 3FC4
7 140 3FE9R
7 141 
7 142 BFF
3 143 ->
4 144 0
4 145 ->
5 146 14
5 147 0
5 148 [2]
$2,5
5 149 [2]
6 149 ->
7 150 9
7 151 4077441A7014DA3R
6 149 ->
7 150 10
7 151 408189E0A0DC7074
5 152 0
5 153 [3]
$4077441A7014DA3R,408189E0A0DC7074,0
5 154 [3]
$3*0
5 155 25165824
5 156 -1
4 157 NULL
3 158 
2 127 ->
3 128 12
3 129 -1
3 130 783
3 131 [1]
4 131 
5 132 [1]
6 132 
7 133 18
7 134 PIN
7 135 0
7 136 -1
7 137 0
7 138 -1
7 139 3FC4
7 140 3FE9R
7 141 
7 142 BFF
3 143 ->
4 144 0
4 145 ->
5 146 30
5 147 0
5 148 [2]
$2,6
5 152 0
5 153 [3]
$3*0
5 154 [3]
$3*0
5 155 16777216
5 156 -1
4 157 NULL
3 158 
2 127 ->
3 128 12
3 129 -1
3 130 271
3 131 [1]
4 131 
5 132 [1]
6 132 
7 133 18
7 134 SHEET
7 135 0
7 136 -1
7 137 0
7 138 -1
7 139 3FC4
7 140 3FE9R
7 141 
7 142 BFF
3 143 ->
4 144 0
4 145 ->
5 146 14
5 147 0
5 148 [2]
$2,7
5 149 [2]
6 149 ->
7 150 9
7 151 407CF2A612FD9462
6 149 ->
7 150 10
7 151 408189E0A0DC7074
5 152 0
5 153 [3]
$407CF2A612FD9462,408189E0A0DC7074,0
5 154 [3]
$3*0
5 155 25165824
5 156 -1
4 157 NULL
3 158 
2 127 ->
3 128 12
3 129 -1
3 130 783
3 131 [1]
4 131 
5 132 [1]
6 132 
7 133 18
7 134 PART NO.
7 135 0
7 136 -1
7 137 0
7 138 -1
7 139 3FC4
7 140 3FE9R
7 141 
7 142 BFF
3 143 ->
4 144 0
4 145 ->
5 146 30
5 147 0
5 148 [2]
$2,8
5 152 0
5 153 [3]
$3*0
5 154 [3]
$3*0
5 155 16777216
5 156 -1
4 157 NULL
3 158 
2 127 ->
3 128 12
3 129 -1
3 130 271
3 131 [1]
4 131 
5 132 [1]
6 132 
7 133 18
7 134 GAUGE
7 135 0
7 136 -1
7 137 0
7 138 -1
7 139 3FC4
7 140 3FE9R
7 141 
7 142 BFF
3 143 ->
4 144 0
4 145 ->
5 146 30
5 147 0
5 148 [2]
$2,9
5 152 0
5 153 [3]
$3*0
5 154 [3]
$3*0
5 155 25165824
5 156 -1
4 157 NULL
3 158 
2 127 ->
3 128 12
3 129 -1
3 130 271
3 131 [1]
4 131 
5 132 [1]
6 132 
7 133 18
7 134 COLOR
7 135 0
7 136 -1
7 137 0
7 138 -1
7 139 3FC4
7 140 3FE9R
7 141 
7 142 BFF
3 143 ->
4 144 0
4 145 ->
5 146 30
5 147 0
5 148 [2]
$2,10
5 152 0
5 153 [3]
$3*0
5 154 [3]
$3*0
5 155 25165824
5 156 -1
4 157 NULL
3 158 
2 127 ->
3 128 12
3 129 -1
3 130 271
3 131 [1]
4 131 
5 132 [1]
6 132 
7 133 18
7 134 &dgm.run.name
7 135 0
7 136 -1
7 137 0
7 138 -1
7 139 3FC4
7 140 3FE9R
7 141 
7 142 BFF
3 143 ->
4 144 0
4 145 ->
5 146 14
5 147 0
5 148 [2]
$3,0
5 149 [2]
6 149 ->
7 150 9
7 151 406169A93D40FA3B
6 149 ->
7 150 10
7 151 4081183DB82241E9
5 152 0
5 153 [3]
$406169A93D40FA3B,4081183DB82241E9,0
5 154 [3]
$3*0
5 155 25165824
5 156 -1
4 157 NULL
3 158 
2 127 ->
3 128 12
3 129 -1
3 130 783
3 131 [1]
4 131 
5 132 [1]
6 132 
7 133 18
7 134 &dgm.run.cond.name
7 135 0
7 136 -1
7 137 0
7 138 -1
7 139 3FC4
7 140 3FE9R
7 141 
7 142 BFF
3 143 ->
4 144 0
4 145 ->
5 146 30
5 147 0
5 148 [2]
$3,1
5 152 0
5 153 [3]
$3*0
5 154 [3]
$3*0
5 155 16777216
5 156 -1
4 157 NULL
3 158 
2 127 ->
3 128 12
3 129 -1
3 130 271
3 131 [1]
4 131 
5 132 [1]
6 132 
7 133 18
7 134 &dgm.run.from.conn.name
7 135 0
7 136 -1
7 137 0
7 138 -1
7 139 3FC4
7 140 3FE9R
7 141 
7 142 BFF
3 143 ->
4 144 0
4 145 ->
5 146 14
5 147 0
5 148 [2]
$3,2
5 149 [2]
6 149 ->
7 150 9
7 151 406EE834E029B469
6 149 ->
7 150 10
7 151 4081183DB82241E9
5 152 0
5 153 [3]
$406EE834E029B469,4081183DB82241E9,0
5 154 [3]
$3*0
5 155 25165824
5 156 -1
4 157 NULL
3 158 
2 127 ->
3 128 12
3 129 -1
3 130 271
3 131 [1]
4 131 
5 132 [1]
6 132 
7 133 18
7 134 &dgm.run.cond.from.pin.name
7 135 0
7 136 -1
7 137 0
7 138 -1
7 139 3FC4
7 140 3FE9R
7 141 
7 142 BFF
3 143 ->
4 144 0
4 145 ->
5 146 14
5 147 0
5 148 [2]
$2*3
5 149 [2]
6 149 ->
7 150 9
7 151 407522A612FD9462
6 149 ->
7 150 10
7 151 4081183DB82241E9
5 152 0
5 153 [3]
$407522A612FD9462,4081183DB82241E9,0
5 154 [3]
$3*0
5 155 25165824
5 156 -1
4 157 NULL
3 158 
2 127 ->
3 128 12
3 129 -1
3 130 783
3 131 [1]
4 131 
5 132 [1]
6 132 
7 133 18
7 134 &dgm.run.cond.from.sheet
7 135 0
7 136 -1
7 137 0
7 138 -1
7 139 3FC4
7 140 3FE9R
7 141 
7 142 BFF
3 143 ->
4 144 0
4 145 ->
5 146 30
5 147 0
5 148 [2]
$3,4
5 152 0
5 153 [3]
$3*0
5 154 [3]
$3*0
5 155 16777216
5 156 -1
4 157 NULL
3 158 
2 127 ->
3 128 12
3 129 -1
3 130 271
3 131 [1]
4 131 
5 132 [1]
6 132 
7 133 18
7 134 &dgm.run.to.conn.name
7 135 0
7 136 -1
7 137 0
7 138 -1
7 139 3FC4
7 140 3FE9R
7 141 
7 142 BFF
3 143 ->
4 144 0
4 145 ->
5 146 14
5 147 0
5 148 [2]
$3,5
5 149 [2]
6 149 ->
7 150 9
7 151 4077441A7014DA3R
6 149 ->
7 150 10
7 151 4081183DB82241E9
5 152 0
5 153 [3]
$4077441A7014DA3R,4081183DB82241E9,0
5 154 [3]
$3*0
5 155 25165824
5 156 -1
4 157 NULL
3 158 
2 127 ->
3 128 12
3 129 -1
3 130 783
3 131 [1]
4 131 
5 132 [1]
6 132 
7 133 18
7 134 &dgm.run.cond.to.pin.name
7 135 0
7 136 -1
7 137 0
7 138 -1
7 139 3FC4
7 140 3FE9R
7 141 
7 142 BFF
3 143 ->
4 144 0
4 145 ->
5 146 30
5 147 0
5 148 [2]
$3,6
5 152 0
5 153 [3]
$3*0
5 154 [3]
$3*0
5 155 16777216
5 156 -1
4 157 NULL
3 158 
2 127 ->
3 128 12
3 129 -1
3 130 271
3 131 [1]
4 131 
5 132 [1]
6 132 
7 133 18
7 134 &dgm.run.cond.to.sheet
7 135 0
7 136 -1
7 137 0
7 138 -1
7 139 3FC4
7 140 3FE9R
7 141 
7 142 BFF
3 143 ->
4 144 0
4 145 ->
5 146 14
5 147 0
5 148 [2]
$3,7
5 149 [2]
6 149 ->
7 150 9
7 151 407CF2A612FD9462
6 149 ->
7 150 10
7 151 4081183DB82241E9
5 152 0
5 153 [3]
$407CF2A612FD9462,4081183DB82241E9,0
5 154 [3]
$3*0
5 155 25165824
5 156 -1
4 157 NULL
3 158 
2 127 ->
3 128 12
3 129 -1
3 130 783
3 131 [1]
4 131 
5 132 [1]
6 132 
7 133 18
7 134 &dgm.run.spool.name
7 135 0
7 136 -1
7 137 0
7 138 -1
7 139 3FC4
7 140 3FE9R
7 141 
7 142 BFF
3 143 ->
4 144 0
4 145 ->
5 146 30
5 147 0
5 148 [2]
$3,8
5 152 0
5 153 [3]
$3*0
5 154 [3]
$3*0
5 155 16777216
5 156 -1
4 157 NULL
3 158 
2 127 ->
3 128 12
3 129 -1
3 130 271
3 131 [1]
4 131 
5 132 [1]
6 132 
7 133 18
7 134 &dgm.run.cond.wire_gauge
7 135 0
7 136 -1
7 137 0
7 138 -1
7 139 3FC4
7 140 3FE9R
7 141 
7 142 BFF
3 143 ->
4 144 0
4 145 ->
5 146 14
5 147 0
5 148 [2]
$3,9
5 149 [2]
6 149 ->
7 150 9
7 151 40867B6657DF7A85
6 149 ->
7 150 10
7 151 4086ED51745D1746
5 152 0
5 153 [3]
$40867B6657DF7A85,4086ED51745D1746,0
5 154 [3]
$3*0
5 155 25165824
5 156 -1
4 157 NULL
3 158 
2 127 ->
3 128 12
3 129 -1
3 130 271
3 131 [1]
4 131 
5 132 [1]
6 132 
7 133 18
7 134 &dgm.run.cond.color
7 135 0
7 136 -1
7 137 0
7 138 -1
7 139 3FC4
7 140 3FE9R
7 141 
7 142 BFF
3 143 ->
4 144 0
4 145 ->
5 146 14
5 147 0
5 148 [2]
$3,10
5 149 [2]
6 149 ->
7 150 9
7 151 40834498DAF32748
6 149 ->
7 150 10
7 151 4081183DB82241E9
5 152 0
5 153 [3]
$40834498DAF32748,4081183DB82241E9,0
5 154 [3]
$3*0
5 155 25165824
5 156 -1
4 157 NULL
3 158 
@revnum_ptr 159 0
1 159 ->
@geom_revnum 160 1
2 160 -9999
@cosm_revnum 161 1
2 161 0
@page_info 162 0
1 162 [1]
2 162 
@model_page_infos 163 0
3 163 [1]
4 163 
@mdl_to_wld_scale 164 2
5 164 3FF
@user_scale 165 2
5 165 3FF
@geom_rev_num 166 1
5 166 -1
@number 167 1
3 167 1
@p_format 168 0
3 168 ->
@dwgform_ptr 169 0
4 169 NULL
@name 170 10
4 170 
@page_number 171 1
4 171 -1
@height 172 2
4 172 408825D1745D1746
@width 173 2
4 173 408F4
@draw_scale 174 2
4 174 4046BA2E8BA2E8BA
@attributes 175 1
3 175 0
@current_page 176 1
1 176 0
@next_table 177 0
1 177 ->
@tbl_page_infos 178 0
2 178 [1]
3 178 
@page_id 179 1
4 179 0
@origin 180 2
4 180 [3]
$402B45D1745D1745,4088F92E8BA2E8B9,0
@outline 181 2
4 181 [2][3]
$402B45D1745D1745,4086DD68BA2E8BA1,0
$408178BA2E8BA2E8,4088F92E8BA2E8B9,0
@extent 182 2
4 182 [3]
$402B45D1745D1745,405E385D1745D15D,0
@attributes 183 1
4 183 0
@ext_id 184 1
4 184 0
@saved_tbl_page_infos 185 0
2 185 [1]
3 185 
4 179 1
4 180 [3]
$402B45D1745D1745,4088F92E8BA2E8B9,0
4 181 [2][3]
$402B45D1745D1745,4086DD68BA2E8BA1,0
$408178BA2E8BA2E8,4088F92E8BA2E8B9,0
4 182 [3]
$402B45D1745D1745,405E385D1745D15D,0
4 183 0
4 184 0
@last_ext_seg_id 186 1
2 186 11
@ncols 187 1
2 187 11
@nrows 188 1
2 188 4
@char_height 189 2
2 189 0
@char_hgt 190 2
2 190 401C68BA2E8BA2E8
@char_wdt_fct 191 2
2 191 3FE9R
@col 192 0
2 192 [11]
3 192 
@id 193 1
4 193 0
@in_reg_id 194 1
4 194 2
@n_chars 195 2
4 195 4024
@col_attrib 196 1
4 196 768
@reg_info 197 0
4 197 [1]
5 197 
@region_id 198 1
6 198 5
@reg_info_attr 199 1
6 199 1
3 192 
4 193 1
4 194 9
4 195 4024
4 196 768
4 197 [1]
5 197 
6 198 5
6 199 0
3 192 
4 193 2
4 194 3
4 195 402C
4 196 768
4 197 [1]
5 197 
6 198 5
6 199 0
3 192 
4 193 3
4 194 4
4 195 4008
4 196 768
4 197 [1]
5 197 
6 198 5
6 199 0
3 192 
4 193 4
4 194 10
4 195 4014
4 196 768
4 197 [1]
5 197 
6 198 5
6 199 0
3 192 
4 193 5
4 194 5
4 195 402C
4 196 768
4 197 [1]
5 197 
6 198 5
6 199 0
3 192 
4 193 6
4 194 11
4 195 4008
4 196 768
4 197 [1]
5 197 
6 198 5
6 199 0
3 192 
4 193 7
4 194 6
4 195 4014
4 196 768
4 197 [1]
5 197 
6 198 5
6 199 0
3 192 
4 193 8
4 194 12
4 195 4022
4 196 768
4 197 [1]
5 197 
6 198 5
6 199 0
3 192 
4 193 9
4 194 7
4 195 4014
4 196 770
4 197 [1]
5 197 
6 198 5
6 199 0
3 192 
4 193 10
4 194 8
4 195 401C
4 196 770
4 197 [1]
5 197 
6 198 5
6 199 2
@row 200 0
2 200 [4]
3 200 
@id 201 1
4 201 0
@in_reg_id 202 1
4 202 -1
@n_lines 203 2
4 203 4
@row_attrib 204 1
4 204 0
@cells 205 0
4 205 [11]
5 205 
@cell_attrib 206 1
6 206 9
@id_in_cell 207 1
6 207 0
@far_row 208 1
6 208 0
@far_col 209 1
6 209 10
5 205 
6 206 16
6 207 -1
6 208 0
6 209 0
5 205 
6 206 16
6 207 -1
6 208 0
6 209 0
5 205 
6 206 16
6 207 -1
6 208 0
6 209 0
5 205 
6 206 16
6 207 -1
6 208 0
6 209 0
5 205 
6 206 16
6 207 -1
6 208 0
6 209 0
5 205 
6 206 16
6 207 -1
6 208 0
6 209 0
5 205 
6 206 1040
6 207 -1
6 208 0
6 209 0
5 205 
6 206 16
6 207 -1
6 208 0
6 209 0
5 205 
6 206 16
6 207 -1
6 208 0
6 209 0
5 205 
6 206 16
6 207 -1
6 208 0
6 209 0
@seg_id 210 1
4 210 0
3 200 
4 201 1
4 202 -1
4 203 3FF
4 204 0
4 205 [11]
5 205 
6 206 257
6 207 1
6 208 1
6 209 0
5 205 
6 206 257
6 207 2
6 208 1
6 209 1
5 205 
6 206 1033
6 207 3
6 208 1
6 209 4
5 205 
6 206 1040
6 207 -1
6 208 1
6 209 2
5 205 
6 206 16
6 207 -1
6 208 1
6 209 2
5 205 
6 206 1033
6 207 4
6 208 1
6 209 7
5 205 
6 206 1040
6 207 -1
6 208 1
6 209 5
5 205 
6 206 16
6 207 -1
6 208 1
6 209 5
5 205 
6 206 257
6 207 5
6 208 1
6 209 8
5 205 
6 206 257
6 207 6
6 208 1
6 209 9
5 205 
6 206 257
6 207 7
6 208 1
6 209 10
4 210 0
3 200 
4 201 2
4 202 -1
4 203 3FF
4 204 0
4 205 [11]
5 205 
6 206 1
6 207 8
6 208 2
6 209 0
5 205 
6 206 1
6 207 9
6 208 2
6 209 1
5 205 
6 206 1
6 207 10
6 208 2
6 209 2
5 205 
6 206 1
6 207 11
6 208 2
6 209 3
5 205 
6 206 1
6 207 12
6 208 2
6 209 4
5 205 
6 206 1
6 207 13
6 208 2
6 209 5
5 205 
6 206 1
6 207 14
6 208 2
6 209 6
5 205 
6 206 1
6 207 15
6 208 2
6 209 7
5 205 
6 206 1
6 207 16
6 208 2
6 209 8
5 205 
6 206 1
6 207 17
6 208 2
6 209 9
5 205 
6 206 1
6 207 18
6 208 2
6 209 10
4 210 0
3 200 
4 201 3
4 202 1
4 203 3FF
4 204 0
4 205 [11]
5 205 
6 206 1
6 207 19
6 208 3
6 209 0
5 205 
6 206 1
6 207 20
6 208 3
6 209 1
5 205 
6 206 1
6 207 21
6 208 3
6 209 2
5 205 
6 206 1
6 207 22
6 208 3
6 209 3
5 205 
6 206 1
6 207 23
6 208 3
6 209 4
5 205 
6 206 1
6 207 24
6 208 3
6 209 5
5 205 
6 206 1
6 207 25
6 208 3
6 209 6
5 205 
6 206 1
6 207 26
6 208 3
6 209 7
5 205 
6 206 1
6 207 27
6 208 3
6 209 8
5 205 
6 206 1
6 207 28
6 208 3
6 209 9
5 205 
6 206 1
6 207 29
6 208 3
6 209 10
@reg_info 211 0
4 211 [1]
5 211 
6 198 5
6 199 3
4 210 0
@id 212 1
2 212 0
@table_attrib 213 1
2 213 1056
@last_in_reg_id 214 1
2 214 12
@regions 215 0
2 215 [6]
3 215 NULL
3 215 NULL
3 215 NULL
3 215 NULL
3 215 NULL
3 215 ->
@id 216 1
4 216 5
@parent_id 217 1
4 217 -1
@region_attr 218 1
4 218 0
@repeat_symbol_id 219 1
4 219 -1
@min_repetitions 220 1
4 220 1
@start_idx_reg 221 1
4 221 -1
@balloon_sym_id 222 1
4 222 -1
@relpar_id 223 1
4 223 -1
@titles 224 0
4 224 
@header_region_id 225 1
5 225 -1
@footer_region_id 226 1
5 226 -1
@rotation 227 1
2 227 0
@gen_info 228 0
2 228 
@color 229 1
3 229 1
@next_table 230 0
1 230 NULL
@dwg_models 231 0
1 231 [1]
2 231 ->
@type 232 1
3 232 44
@id 233 1
3 233 0
@overall_geom_rev_num 234 1
3 234 0
@model 235 0
3 235 
@type 236 1
4 236 128
@obj_identifier 237 0
3 237 NULL
@dwg_model_attr 238 1
3 238 1
@pmeta_dep_id 239 1
3 239 -1
@cur_simp_rep_id 240 1
3 240 0
@last_table_id 241 1
1 241 0
@format_info 242 0
1 242 ->
@size_flag 243 1
2 243 2
@x_size 244 2
2 244 4036
@y_size 245 2
2 245 4031
@saved_grid_step 246 2
2 246 3FF
@saved_unit 247 1
2 247 1
@layout_info 248 0
1 248 NULL
@view_ptrs 249 0
1 249 [1]
2 249 ->
@id 250 1
3 250 0
@viewattr 251 0
3 251 
@attr_arr 252 1
4 252 [4]
$1,3*0
@mpoint 253 0
3 253 
@id 254 1
4 254 0
@coord 255 2
4 255 [3]
$3*0
@first_instr_ptr 256 0
4 256 NULL
@attach_ptr 257 0
4 257 NULL
@vpoint 258 0
3 258 
4 254 0
4 255 [3]
$407F4,407A5E,0
4 256 NULL
4 257 NULL
@orient 259 2
3 259 [4][4]
$3FF,3*0
$0,3FF,2*0
$2*0,3FF,0
$3*0,3FF
@local_sys 260 2
3 260 [4][4]
$3FF,3*0
$0,3FF,2*0
$2*0,3FF,0
$3*0,3FF
@first_instr_ptr 261 0
3 261 NULL
@outer_xsec_index 262 1
3 262 -1
@next_view_id 263 1
3 263 -2
@simp_rep_id 264 1
3 264 0
@name 265 10
3 265 overlay_view
@matrix 266 2
3 266 [4][4]
$3FF,3*0
$0,3FF,2*0
$2*0,3FF,0
$3*0,3FF
@fit_outline 267 2
3 267 [2][3]
$4059,405518,0
$408C2,4087BB,0
@det_info_ptr 268 0
3 268 NULL
@named_view_pzmatr 269 0
3 269 NULL
@page_id 270 1
3 270 0
@model_name 271 10
3 271 NULL
@unrep_model_name 272 10
3 272 NULL
@sequence_data 273 0
1 273 ->
@current_seq_idx 274 1
2 274 -1
@seq_info_arr 275 0
2 275 [1]
3 275 
@diagram_info_ptr 276 0
1 276 NULL
@mdl_status_ptr 277 0
1 277 NULL
@p_xref_data 278 0
1 278 NULL
@dwg_prgm 279 0
1 279 NULL
@relpar_sets 280 0
1 280 [1]
2 280 
@id 281 1
3 281 -1
@type 282 1
3 282 128
@ext_ref_id 283 1
3 283 -1
@relatnum 284 1
3 284 0
@styles 285 0
1 285 [2]
2 285 
@curr_style_id 286 1
3 286 -1
@num_internal 287 1
3 287 0
2 285 
@arr 288 0
3 288 [6]
4 288 
@elem(Ln_style) 289 0
5 289 ->
@type 290 1
6 290 1
@id 291 1
6 291 0
@name 292 10
6 292 Hidden
@modify_mode 293 1
6 293 0
@flag_spec 294 1
6 294 5
@flag_def 295 1
6 295 0
@font_id 296 1
6 296 0
@width 297 2
6 297 0
@color 298 1
6 298 4
4 288 
5 289 ->
6 290 1
6 291 1
6 292 Geometry
6 293 0
6 294 5
6 295 0
6 296 0
6 297 0
6 298 2
4 288 
5 289 ->
6 290 1
6 291 2
6 292 Leader
6 293 0
6 294 5
6 295 0
6 296 0
6 297 0
6 298 0
4 288 
5 289 ->
6 290 1
6 291 3
6 292 Cut Plane
6 293 0
6 294 5
6 295 0
6 296 3
6 297 0
6 298 2
4 288 
5 289 ->
6 290 1
6 291 4
6 292 Phantom
6 293 0
6 294 5
6 295 0
6 296 3
6 297 0
6 298 4
4 288 
5 289 ->
6 290 1
6 291 5
6 292 Centerline
6 293 0
6 294 5
6 295 0
6 296 2
6 297 0
6 298 0
3 286 -1
3 287 6
#END_OF_UGC
